   -0.05494845
   -0.05343377
    0.08624281
    0.01287107
    0.06383739
   -0.04952757
   -0.05184226
    0.06439886
   -0.08097801
   -0.05521838
    0.08676687
   -0.05379295
   -0.05383654
    0.08642822
   -0.32103557
   -0.05691949
    0.06499180
   -0.05113410
   -0.05094429
    0.06554920
   -0.08108860
   -0.05519938
    0.08532827
   -0.32421467
    0.01850387
    0.01933039
    0.04325480
    0.04156367
    0.21414507
    0.04692035
    0.01937024
    0.01938832
    0.04600990
    0.04180023
    0.04172462
    0.21437656
    0.04686090
   -0.05490574
   -0.05337426
    0.08627215
    0.01286262
    0.06378877
   -0.04954726
   -0.05183462
    0.06444325
   -0.08096906
   -0.05523118
    0.08676382
   -0.05378907
   -0.05383651
    0.08643913
   -0.32105869
   -0.05692883
    0.06498317
   -0.05112680
   -0.05093779
    0.06558195
   -0.08107811
   -0.05521518
    0.08537510
   -0.32423141
    0.01854443
    0.01941584
    0.04325722
    0.04157746
    0.21414912
    0.04691097
    0.01937386
    0.01939022
    0.04601760
    0.04181093
    0.04173761
    0.21434297
    0.04686040
   -0.02971588
   -0.03069795
   -0.02979201
   -0.03009415
   -0.02989317
   -0.02995453
   -0.03010934
   -0.02983285
   -0.03068618
   -0.02958640
   -0.05474396
   -0.05335072
    0.08603223
    0.01326388
    0.06337258
   -0.04971009
   -0.05189354
    0.06413848
   -0.08122956
   -0.05323109
    0.08507038
   -0.05471665
   -0.05334892
    0.08616861
   -0.32352820
    0.01284428
    0.06345135
   -0.04982147
   -0.05185017
    0.06404058
   -0.08123277
   -0.05316419
    0.08508735
   -0.32343170
    0.01870730
    0.01946375
    0.04304515
    0.04138753
    0.21443880
    0.04763803
    0.01871550
    0.01928565
    0.04283803
    0.04139993
    0.21443582
    0.04766496
   -0.05470052
   -0.05335710
    0.08605810
    0.01311497
    0.06333046
   -0.04978088
   -0.05189294
    0.06410245
   -0.08131821
   -0.05296729
    0.08494001
   -0.05478459
   -0.05339667
    0.08609026
   -0.32321227
    0.01299792
    0.06343497
   -0.04976707
   -0.05193573
    0.06402278
   -0.08130807
   -0.05290108
    0.08503000
   -0.32315934
    0.01877228
    0.01942825
    0.04284248
    0.04140561
    0.21468784
    0.04780636
    0.01872829
    0.01910491
    0.04265739
    0.04136754
    0.21458313
    0.04781167
   -0.05477374
   -0.05333757
    0.08603341
    0.01305646
    0.06341193
   -0.04980667
   -0.05196517
    0.06397985
   -0.08136631
   -0.05278576
    0.08485849
   -0.05482375
   -0.05336988
    0.08598771
   -0.32305180
    0.01316010
    0.06340122
   -0.04970210
   -0.05200006
    0.06400923
   -0.08137722
   -0.05278818
    0.08492257
   -0.32303643
    0.01873401
    0.01905305
    0.04260966
    0.04134494
    0.21468893
    0.04787470
    0.01871390
    0.01899628
    0.04245084
    0.04132752
    0.21467647
    0.04786181
   -0.05482100
   -0.05322217
    0.08610815
    0.01291423
    0.06347999
   -0.04986793
   -0.05195855
    0.06396730
   -0.08128762
   -0.05297373
    0.08511010
   -0.05471256
   -0.05339729
    0.08594455
   -0.32319560
    0.01328337
    0.06332423
   -0.04966292
   -0.05188883
    0.06416185
   -0.08139735
   -0.05315456
    0.08494077
   -0.32341407
    0.01864514
    0.01872727
    0.04269541
    0.04134569
    0.21449222
    0.04776747
    0.01876483
    0.01960084
    0.04293162
    0.04135853
    0.21463502
    0.04769312
