           1           2   1.7165730337429701     
           2           3   1.1212495102579418     
           3           4   1.2498027923739503     
           4           5   1.2540574005725258     
           5           6   1.2357648547396680     
           6           7   1.5936000456171679     
           7           8   1.2232764827837455     
           5           9   1.2245922563239935     
           8           9   1.2029199754725195     
           8          10   1.3441867947622419     
          10          11   1.3573752417679634     
          11          12   1.1067418160281406     
          12          13   1.7310001764483518     
          13          14   1.1087948060734136     
          11          15   1.3239725927412795     
          14          15   1.3253849582418957     
          14          16   1.3537072743012863     
          16          17   1.3466707527633370     
          17          18   1.2155206105855449     
          18          19   1.6083663790440230     
          19          20   1.2149373333382083     
          17          21   1.2098843167265525     
          20          21   1.2108936239966586     
          20          22   1.3428636327909880     
           1          23   1.1150269757767186     
          22          23   1.3651382286959137     
           3          24   1.3596451669403065     
          23          24   1.3009825376297539     
           1          25  0.97278108511827055     
           2          26  0.96967466773429400     
           6          27  0.96992333270514919     
           7          28  0.97290786828674536     
           9          29  0.89999275791383870     
          10          30  0.96371155708587541     
          12          31  0.97274455210788890     
          13          32  0.97279702111270072     
          16          33  0.96474746468153538     
          18          34  0.97290393029162969     
          19          35  0.97283657708128946     
          21          36  0.90031566298377130     
          22          37  0.96358160482736133     
          38          39   1.7168051575731362     
          39          40   1.1210610836301602     
          40          41   1.2505906840813890     
          41          42   1.2543962491928136     
          42          43   1.2356158935195733     
          43          44   1.5937257942183223     
          44          45   1.2232231435886136     
          42          46   1.2244490531685250     
          45          46   1.2029719672680741     
          45          47   1.3441801136374532     
          47          48   1.3574220752126716     
          48          49   1.1067818176956608     
          49          50   1.7309994764349454     
          50          51   1.1087564489137327     
          48          52   1.3238832625975050     
          51          52   1.3255095284351683     
          51          53   1.3536308117621254     
          53          54   1.3467944940376662     
          54          55   1.2154522015166782     
          55          56   1.6084701527271981     
          56          57   1.2148584099791320     
          54          58   1.2098337551215312     
          57          58   1.2108843394501132     
          57          59   1.3429994605794044     
          38          60   1.1149270391684514     
          59          60   1.3649508077082326     
          40          61   1.3591606763626780     
          60          61   1.3013079573679724     
          38          62  0.97278194759519931     
          39          63  0.97006936547416633     
          43          64  0.97011787575535802     
          44          65  0.97290528518718544     
          46          66  0.90000977341643729     
          47          67  0.96372478087014490     
          49          68  0.97274507863207582     
          50          69  0.97279749778580038     
          53          70  0.96473685938920362     
          55          71  0.97290183764370430     
          56          72  0.97283381684384695     
          58          73  0.90035859365091742     
          59          74  0.96359376630822768     
           4          75   1.1758861435818340     
          75          76   2.5670160171458813     
          77          78   2.5608865341847720     
          79          80   2.5567916978038987     
          81          82   2.5563613098045326     
          41          84   1.1746565657083070     
          83          84   2.5673801685268147     
          85          86   1.7159069124409942     
          86          87   1.1228635832161040     
          76          88   1.1785085683793763     
          87          88   1.2484005371486830     
          88          89   1.2504713677127930     
          89          90   1.2394046635212235     
          90          91   1.5889978446356574     
          91          92   1.2268743934808097     
          89          93   1.2249978610782575     
          92          93   1.2040990564647487     
          92          94   1.3360701977751903     
          94          95   1.3706707271898191     
          95          96   1.1148668124637806     
          96          97   1.7159602037225947     
          97          98   1.1227619834156017     
          95          99   1.2964699854273638     
          98          99   1.3614196515835912     
          77         100   1.1815293906120905     
          98         100   1.2466679581780287     
         100         101   1.2492086846667541     
         101         102   1.2395717880516588     
         102         103   1.5888716998568704     
         103         104   1.2268186617030901     
         101         105   1.2257277725048512     
         104         105   1.2034343580453297     
         104         106   1.3370253136936809     
          85         107   1.1149411329037802     
         106         107   1.3694249233035038     
          87         108   1.3598940865176066     
         107         108   1.2977239661618236     
          85         109  0.97275841286445419     
          86         110  0.96974705610112555     
          90         111  0.97011489949279073     
          91         112  0.97290923797103168     
          93         113  0.89788084376578314     
          94         114  0.96306313709584734     
          96         115  0.97275896950100427     
          97         116  0.96978852164739404     
         102         117  0.97018786101004872     
         103         118  0.97290812423666928     
         105         119  0.89787546924787431     
         106         120  0.96306650266877225     
         121         122   1.7156060283276391     
         122         123   1.1232033756231461     
          78         124   1.1820185973377644     
         123         124   1.2464338411381968     
         124         125   1.2487583389236363     
         125         126   1.2401589972944935     
         126         127   1.5881568360104361     
         127         128   1.2272865826138890     
         125         129   1.2256613535201675     
         128         129   1.2040915218559467     
         128         130   1.3354456164614601     
         130         131   1.3715120095899813     
         131         132   1.1152386582557119     
         132         133   1.7151018008324352     
         133         134   1.1236050723390276     
         131         135   1.2950527255699731     
         134         135   1.3630096788424952     
          79         136   1.1869344438268248     
         134         136   1.2437742216419430     
         136         137   1.2469846031759519     
         137         138   1.2408892696943279     
         138         139   1.5875966419456655     
         139         140   1.2274920279221644     
         137         141   1.2263348787022701     
         140         141   1.2037162894433817     
         140         142   1.3358868291006387     
         121         143   1.1150240033837040     
         142         143   1.3706782859582973     
         123         144   1.3612215732431738     
         143         144   1.2963165238946164     
         121         145  0.97275643730839356     
         122         146  0.96984916413054811     
         126         147  0.97016851507380575     
         127         148  0.97290655289319927     
         129         149  0.89715318972963431     
         130         150  0.96297357312297494     
         132         151  0.97275245186687731     
         133         152  0.96844210641986006     
         138         153  0.96905872124800896     
         139         154  0.97291073538440365     
         141         155  0.89712691022212587     
         142         156  0.96297691083150194     
         157         158   1.7149926228990262     
         158         159   1.1238201176954532     
          80         160   1.1872381097051661     
         159         160   1.2437647897950144     
         160         161   1.2464593819858369     
         161         162   1.2411768991595933     
         162         163   1.5871677126795003     
         163         164   1.2278437628074170     
         161         165   1.2265176843272638     
         164         165   1.2038425948769800     
         164         166   1.3351713368993656     
         166         167   1.3716518290722073     
         167         168   1.1154873637448768     
         168         169   1.7145729027992220     
         169         170   1.1241745797733433     
         167         171   1.2946864776257447     
         170         171   1.3632232297597837     
          81         172   1.1884976301915899     
         170         172   1.2429245262485713     
         172         173   1.2462156212393976     
         173         174   1.2413927585596416     
         174         175   1.5870454115525638     
         175         176   1.2278620600107883     
         173         177   1.2265017926652950     
         176         177   1.2039795382098846     
         176         178   1.3350464378145221     
         157         179   1.1152383977037523     
         178         179   1.3716959351413136     
         159         180   1.3628807280170938     
         179         180   1.2949772084444680     
         157         181  0.97275899585192160     
         158         182  0.96872994886578367     
         162         183  0.96882749324812711     
         163         184  0.97291548082215806     
         165         185  0.89671520975566399     
         166         186  0.96288888188874822     
         168         187  0.97275589278228414     
         169         188  0.96782250624179766     
         174         189  0.96825937404790807     
         175         190  0.97291498628955897     
         177         191  0.89660592517750015     
         178         192  0.96289372406288887     
         193         194   1.7149776883870631     
         194         195   1.1237596505508241     
          82         196   1.1879635952534868     
         195         196   1.2435904127801227     
         196         197   1.2464093870278363     
         197         198   1.2408260540909424     
         198         199   1.5878010966740903     
         199         200   1.2272898794711984     
         197         201   1.2266319874714593     
         200         201   1.2033323908872442     
         200         202   1.3366861746076253     
         202         203   1.3696175731757598     
         203         204   1.1148795831212561     
         204         205   1.7159283889609571     
         205         206   1.1229638190692159     
         203         207   1.2976683772287236     
         206         207   1.3595355116310350     
          83         208   1.1776785570620618     
         206         208   1.2485664637655343     
         208         209   1.2508310838265346     
         209         210   1.2394368767020343     
         210         211   1.5889052095698191     
         211         212   1.2268820894810359     
         209         213   1.2249000578040092     
         212         213   1.2044227356400636     
         212         214   1.3355121095887061     
         193         215   1.1152208880834473     
         214         215   1.3714807514474601     
         195         216   1.3631417286029581     
         215         216   1.2951235133839485     
         193         217  0.97275753170688894     
         194         218  0.96790156230202651     
         198         219  0.96811204922260319     
         199         220  0.97290814388788849     
         201         221  0.89723055496156212     
         202         222  0.96298326298013581     
         204         223  0.97275606285077088     
         205         224  0.96995139653760132     
         210         225  0.97055337318004264     
         211         226  0.97291079464668728     
         213         227  0.89733048960463713     
         214         228  0.96299635888568358     
