   -0.05484720
   -0.05258972
    0.08664893
    0.01303841
    0.06314582
   -0.05046426
   -0.05232738
    0.06414971
   -0.08090153
   -0.05547002
    0.08659951
   -0.05390167
   -0.05392309
    0.08632471
   -0.32123051
   -0.05714370
    0.06491459
   -0.05119982
   -0.05096983
    0.06555714
   -0.08127769
   -0.05525907
    0.08553701
   -0.32460332
    0.01859215
    0.02120443
    0.04112973
    0.04094994
    0.21420896
    0.04651674
    0.01906576
    0.01915579
    0.04572670
    0.04158733
    0.04158620
    0.21434311
    0.04682637
   -0.03068264
   -0.03070030
   -0.05390646
   -0.05391716
    0.08628929
   -0.05713779
    0.06487534
   -0.05120325
   -0.05097669
    0.06559264
   -0.08132335
   -0.05524743
    0.08554574
   -0.05485214
   -0.05259297
    0.08662042
   -0.32457730
    0.01301776
    0.06310765
   -0.05045227
   -0.05232318
    0.06419617
   -0.08097578
   -0.05547795
    0.08662514
   -0.32119997
    0.01906118
    0.01916126
    0.04571786
    0.04158276
    0.04157644
    0.21438992
    0.04683897
    0.01858825
    0.02120104
    0.04112824
    0.04094178
    0.21426287
    0.04652567
