           1           2   1.7169570350937482     
           2           3   1.1212011413235725     
           3           4   1.2511463048121543     
           4           5   1.2525052607760572     
           5           6   1.2370544520867084     
           6           7   1.5921724210961998     
           7           8   1.2242515656059021     
           5           9   1.2248788866917484     
           8           9   1.2030880432977880     
           8          10   1.3430936535636833     
          10          11   1.3582642289634355     
          11          12   1.1067605258194071     
          12          13   1.7309082627736663     
          13          14   1.1088762525323901     
          11          15   1.3232790841193980     
          14          15   1.3259969252354158     
          14          16   1.3531102037905975     
          16          17   1.3471244240246860     
          17          18   1.2153291183781105     
          18          19   1.6086341719665258     
          19          20   1.2146548079903452     
          17          21   1.2097354827609847     
          20          21   1.2108086922719745     
          20          22   1.3433212970796249     
           1          23   1.1146286309449343     
          22          23   1.3646454872283971     
           3          24   1.3582916447881330     
          23          24   1.3017187714501215     
           1          25  0.97278274102184126     
           2          26  0.96830518871331706     
           6          27  0.96927122208544758     
           7          28  0.97295175911741949     
           9          29  0.89976860946888249     
          10          30  0.96371605326136345     
          12          31  0.97275277233023327     
          13          32  0.97280878106197921     
          16          33  0.96480003079661036     
          18          34  0.97291905053569772     
          19          35  0.97284594069676367     
          21          36  0.90020945095607896     
          22          37  0.96355242960398668     
           4          38   1.1765047649467091     
          38          39   2.5704191480227325     
          40          41   1.7308707145371109     
          41          42   1.1089708594477823     
          42          43   1.3532324622680296     
          43          44   1.3470211329092627     
          44          45   1.2154197707952914     
          45          46   1.6086010669511575     
          46          47   1.2146123719199888     
          44          48   1.2097472792557962     
          47          48   1.2108831551102170     
          47          49   1.3432762743420512     
          49          50   1.3647016132379726     
          50          51   1.1146475578261732     
          51          52   1.7168795373846133     
          52          53   1.1212979759650668     
          50          54   1.3016303645000906     
          53          54   1.3583258835851586     
          39          55   1.1765745938509558     
          53          55   1.2510002036916199     
          55          56   1.2526123009003065     
          56          57   1.2370224526540299     
          57          58   1.5922993013513362     
          58          59   1.2240662313743624     
          56          60   1.2248346955504850     
          59          60   1.2031710062786372     
          59          61   1.3432218017911031     
          40          62   1.1067241984330169     
          61          62   1.3581167596184265     
          42          63   1.3257735878171468     
          62          63   1.3234702879983020     
          40          64  0.97275137893434727     
          41          65  0.97280933909159095     
          43          66  0.96481979707891907     
          45          67  0.97292153292165928     
          46          68  0.97284559498558953     
          48          69  0.90004451500272842     
          49          70  0.96353002213404082     
          51          71  0.97278052642140700     
          52          72  0.96830579369599712     
          57          73  0.96928202367093697     
          58          74  0.97295054832646499     
          60          75  0.89958132272145164     
          61          76  0.96370102687830006     
