    0.19643230
   -0.05078769
   -0.04914387
    0.07872586
    0.01654279
    0.07865290
   -0.04926261
   -0.05077250
    0.07708072
   -0.17209482
   -0.04957915
    0.07838487
   -0.04979889
   -0.04995066
    0.07902535
   -0.17029822
   -0.05128466
    0.07903405
   -0.04994597
   -0.04979546
    0.07839098
   -0.17027610
   -0.04959165
    0.07708515
   -0.17214686
    0.03402725
    0.03615767
    0.03619026
    0.03405372
    0.04955871
    0.03467454
    0.03460313
    0.04882998
    0.03460039
    0.03467146
    0.04953709
   -0.01929556
   -0.01016381
   -0.00219363
   -0.00220137
   -0.01015015
   -0.01932479
    0.19644067
   -0.05077323
   -0.04921013
    0.07868810
    0.01655718
    0.07870212
   -0.04918996
   -0.05077710
    0.07709287
   -0.17211194
   -0.04957982
    0.07840077
   -0.04978507
   -0.04994170
    0.07901512
   -0.17028127
   -0.05128189
    0.07903025
   -0.04995522
   -0.04979811
    0.07838339
   -0.17027249
   -0.04956023
    0.07708588
   -0.17209503
    0.03405591
    0.03617119
    0.03619181
    0.03405862
    0.04955244
    0.03468491
    0.03461144
    0.04884153
    0.03461020
    0.03468226
    0.04955581
