           2           3   1.6506666623584452     
           3           4   1.1746633623830627     
           4           5   1.2488989135557089     
           5           6   1.2482085605759832     
           6           7   1.1746919309060326     
           7           8   1.6506794900586916     
           8           9   1.1666253438507426     
           1          10  0.53086538254849502     
           6          10   1.2890763135935592     
           9          10   1.2492609900593630     
           9          11   1.3550844105896545     
          11          12   1.3515137170123237     
          12          13   1.1578572912028435     
          13          14   1.6661650051386516     
          14          15   1.1574658486583229     
           1          16  0.53257994030183853     
          12          16   1.2639170883268478     
          15          16   1.2656454284209966     
          15          17   1.3514507107750588     
          17          18   1.3514401972312009     
          18          19   1.1574519976689228     
          19          20   1.6661683979388844     
          20          21   1.1578560741478137     
           1          22  0.53222338985693352     
          18          22   1.2657143505676081     
          21          22   1.2639679567606774     
          21          23   1.3514945426803509     
           2          24   1.1666326442336732     
          23          24   1.3550776277975412     
           1          25  0.53147631398936568     
           4          25   1.2888730934453403     
          24          25   1.2492460129995919     
           2          26  0.97233809953310146     
           3          27  0.97070484133173773     
           7          28  0.97074139092060019     
           8          29  0.97233654123329782     
          11          30  0.96385987303513121     
          13          31  0.97223533132754381     
          14          32  0.97225681438116940     
          17          33  0.96425629153497583     
          19          34  0.97226138720185584     
          20          35  0.97224010433306618     
          23          36  0.96386630015286034     
           5          37   1.1876429089125953     
          37          38   2.4430092000435337     
          38          39   1.3316655228595702     
          37          40  0.19293629278974839     
          39          40   2.3582570212389635     
          40          41   1.3316916027227017     
          39          42  0.19293464554211603     
          41          42   2.4428929515464075     
          44          45   1.6505967839918423     
          45          46   1.1747160999632089     
          42          47   1.1877585840731391     
          46          47   1.2483399393578030     
          47          48   1.2485656409925461     
          48          49   1.1746937723542310     
          49          50   1.6506450379392890     
          50          51   1.1666106797694771     
          43          52  0.53142606934182635     
          48          52   1.2889533211711679     
          51          52   1.2491919972212633     
          51          53   1.3551392443499912     
          53          54   1.3513683447679128     
          54          55   1.1579057355969748     
          55          56   1.6661131418388702     
          56          57   1.1574867571418517     
          43          58  0.53241047048136714     
          54          58   1.2640054688789819     
          57          58   1.2656046376426713     
          57          59   1.3514860219986067     
          59          60   1.3513559768220396     
          60          61   1.1574763723436472     
          61          62   1.6661257136765040     
          62          63   1.1578909182928920     
          43          64  0.53255312452468928     
          60          64   1.2657244967497121     
          63          64   1.2638905505647093     
          63          65   1.3514718461089983     
          44          66   1.1666720724477380     
          65          66   1.3550802453583231     
          43          67  0.53114532569248618     
          46          67   1.2890892850030808     
          66          67   1.2491869897210224     
          44          68  0.97233904117766246     
          45          69  0.97073972436186040     
          49          70  0.97072945304439096     
          50          71  0.97233724636851149     
          53          72  0.96387157321590833     
          55          73  0.97223846694638694     
          56          74  0.97225976159674754     
          59          75  0.96425849278142206     
          61          76  0.97226032235860749     
          62          77  0.97223928814359573     
          65          78  0.96386707902903535     
