    0.19728469
   -0.05064373
   -0.04892451
    0.07819819
    0.01839616
    0.07818835
   -0.04890814
   -0.05064608
    0.07716949
   -0.17092490
   -0.04969819
    0.07839537
   -0.04959689
   -0.04978523
    0.07912505
   -0.16952796
   -0.05143704
    0.07911542
   -0.04978374
   -0.04960053
    0.07838724
   -0.16950812
   -0.04969976
    0.07715870
   -0.17089731
    0.03462835
    0.03553421
    0.03551725
    0.03463045
    0.04999571
    0.03516116
    0.03511329
    0.04926642
    0.03511407
    0.03516530
    0.04999866
    0.19732103
   -0.05065584
   -0.04890530
    0.07819348
    0.01841510
    0.07818067
   -0.04893072
   -0.05065826
    0.07715559
   -0.17088958
   -0.04969114
    0.07838605
   -0.04959340
   -0.04978758
    0.07912936
   -0.16950559
   -0.05145460
    0.07912644
   -0.04978598
   -0.04959424
    0.07838949
   -0.16951322
   -0.04969397
    0.07716060
   -0.17089618
    0.03463413
    0.03551015
    0.03550421
    0.03464095
    0.05001362
    0.03517511
    0.03512485
    0.04927881
    0.03512547
    0.03517551
    0.05001269
   -0.02821928
   -0.02804744
   -0.02806003
   -0.02806709
   -0.02807418
   -0.02806810
   -0.02806833
   -0.02807305
   -0.02806615
   -0.02805010
   -0.02803680
   -0.02822890
    0.19892797
   -0.05062949
   -0.04922353
    0.07852288
    0.01829172
    0.07855487
   -0.04919414
   -0.05062818
    0.07656218
   -0.17213262
   -0.04758970
    0.07648391
   -0.05069167
   -0.04927189
    0.07856419
   -0.17195475
    0.01842563
    0.07859245
   -0.04916400
   -0.05068517
    0.07650817
   -0.17201709
   -0.04760969
    0.07657857
   -0.17216414
    0.03421290
    0.03483153
    0.03477034
    0.03420723
    0.05032752
    0.03421454
    0.03494881
    0.03485070
    0.03420278
    0.05032454
    0.19951141
   -0.05066001
   -0.04920658
    0.07859541
    0.01837603
    0.07861227
   -0.04924386
   -0.05067166
    0.07638244
   -0.17200111
   -0.04741772
    0.07636275
   -0.05068472
   -0.04921621
    0.07863318
   -0.17196395
    0.01839829
    0.07861741
   -0.04927166
   -0.05068067
    0.07635866
   -0.17196200
   -0.04741797
    0.07638107
   -0.17198670
    0.03423379
    0.03479297
    0.03487818
    0.03422766
    0.05044722
    0.03422849
    0.03481295
    0.03489142
    0.03423043
    0.05044641
    0.19965967
   -0.05067287
   -0.04927586
    0.07862045
    0.01836663
    0.07861931
   -0.04922926
   -0.05067111
    0.07634335
   -0.17195385
   -0.04736593
    0.07633572
   -0.05068458
   -0.04923140
    0.07863623
   -0.17195028
    0.01837848
    0.07860777
   -0.04927846
   -0.05068059
    0.07633073
   -0.17193606
   -0.04734785
    0.07633818
   -0.17195202
    0.03424213
    0.03489028
    0.03480851
    0.03424299
    0.05047325
    0.03423625
    0.03480413
    0.03483819
    0.03424356
    0.05048155
    0.19952979
   -0.05069917
   -0.04923757
    0.07863779
    0.01841178
    0.07861943
   -0.04926329
   -0.05069432
    0.07633910
   -0.17193361
   -0.04740000
    0.07636187
   -0.05066912
   -0.04924166
    0.07861648
   -0.17196936
    0.01838704
    0.07862167
   -0.04921018
   -0.05067941
    0.07636993
   -0.17200526
   -0.04740888
    0.07635388
   -0.17197059
    0.03422119
    0.03482375
    0.03482385
    0.03423069
    0.05045538
    0.03423207
    0.03483216
    0.03478071
    0.03422602
    0.05045478
    0.19892100
   -0.05069792
   -0.04922643
    0.07858140
    0.01843263
    0.07858920
   -0.04922314
   -0.05070101
    0.07648133
   -0.17197756
   -0.04758076
    0.07655464
   -0.05063342
   -0.04921709
    0.07854246
   -0.17214323
    0.01829371
    0.07854519
   -0.04921737
   -0.05064295
    0.07655665
   -0.17213468
   -0.04759071
    0.07648615
   -0.17196872
    0.03420916
    0.03486832
    0.03488289
    0.03420103
    0.05033282
    0.03420508
    0.03476925
    0.03476558
    0.03420726
    0.05033446
