           2           3   1.6508756736797290     
           3           4   1.1740238035348862     
           4           5   1.2557215158908523     
           5           6   1.2558344375526362     
           6           7   1.1740437114053828     
           7           8   1.6509049108307980     
           8           9   1.1666136453942386     
           1          10  0.53354906404885949     
           6          10   1.2864111638201559     
           9          10   1.2501594662285767     
           9          11   1.3541434459295392     
          11          12   1.3524492859150239     
          12          13   1.1580106308733131     
          13          14   1.6658859659474072     
          14          15   1.1576388894221912     
           1          16  0.53523879827139664     
          12          16   1.2627584733680064     
          15          16   1.2651498682779887     
          15          17   1.3515204062957842     
          17          18   1.3515670775682069     
          18          19   1.1576287850251132     
          19          20   1.6659014197938804     
          20          21   1.1580083009660431     
           1          22  0.53540638741774271     
          18          22   1.2650865645706910     
          21          22   1.2627640971465464     
          21          23   1.3524309532293568     
           2          24   1.1666570100779390     
          23          24   1.3541739682747069     
           1          25  0.53351048837063120     
           4          25   1.2865701637128508     
          24          25   1.2500722779321465     
           2          26  0.97228162256742379     
           3          27  0.96840562866548507     
           7          28  0.96840159599485376     
           8          29  0.97228118108528838     
          11          30  0.96380415656953544     
          13          31  0.97219528401488242     
          14          32  0.97221641573191442     
          17          33  0.96419952412133192     
          19          34  0.97221544053355524     
          20          35  0.97219376409157210     
          23          36  0.96380712487074838     
          38          39   1.6507678583476286     
          39          40   1.1741393739019625     
          40          41   1.2556393954568261     
          41          42   1.2555465836091666     
          42          43   1.1741675463927463     
          43          44   1.6507409086490914     
          44          45   1.1667216363117101     
          37          46  0.53362121604835333     
          42          46   1.2864906549549120     
          45          46   1.2500739967878784     
          45          47   1.3541031242695927     
          47          48   1.3525163857315237     
          48          49   1.1580321232194792     
          49          50   1.6658831012257316     
          50          51   1.1576201822054371     
          37          52  0.53532817921708020     
          48          52   1.2626612961230788     
          51          52   1.2651705458327642     
          51          53   1.3515075271660699     
          53          54   1.3515565645494181     
          54          55   1.1576191385093346     
          55          56   1.6659008405748681     
          56          57   1.1580109900664561     
          37          58  0.53539170768823885     
          54          58   1.2651180047292410     
          57          58   1.2626783632114003     
          57          59   1.3525168892853596     
          38          60   1.1667029781388898     
          59          60   1.3540898089408855     
          37          61  0.53353529164911240     
          40          61   1.2864905944690868     
          60          61   1.2501106877989712     
          38          62  0.97228111015724794     
          39          63  0.96828097878392083     
          43          64  0.96817559282337162     
          44          65  0.97228023952667830     
          47          66  0.96380208070821083     
          49          67  0.97219220824148356     
          50          68  0.97221547445062728     
          53          69  0.96420022562644470     
          55          70  0.97221415337091355     
          56          71  0.97219170606798233     
          59          72  0.96380411715938830     
           5          73   1.1697528265756090     
          73          74   2.5761931373658435     
          75          76   2.5698266589266545     
          77          78   2.5683584438936569     
          79          80   2.5680907567671563     
          81          82   2.5695464171832678     
          41          84   1.1701813149091993     
          83          84   2.5758785463657397     
          86          87   1.6499925714745742     
          87          88   1.1745294382363864     
          74          89   1.1714838634860623     
          88          89   1.2534138328624249     
          89          90   1.2533499675818960     
          90          91   1.1744871452617125     
          91          92   1.6499587568826286     
          92          93   1.1674764601712861     
          85          94  0.52919449618166403     
          90          94   1.2890742938104820     
          93          94   1.2490238548348200     
          93          95   1.3537461532659827     
          95          96   1.3537946252496016     
          96          97   1.1679213089744669     
          97          98   1.6490937556798269     
          98          99   1.1753111358226735     
          85         100  0.52971268884211187     
          96         100   1.2484470639046603     
          99         100   1.2898164590078860     
          75         101   1.1763924090566098     
          99         101   1.2509669416914146     
         101         102   1.2513477561865549     
         102         103   1.1752742159381420     
         103         104   1.6491611936726540     
         104         105   1.1678434589442539     
          85         106  0.52943160310666559     
         102         106   1.2896555228376856     
         105         106   1.2486635256808578     
         105         107   1.3537205228456175     
          86         108   1.1674215481696566     
         107         108   1.3537547691177683     
          85         109  0.52943804871601396     
          88         109   1.2888487075955855     
         108         109   1.2490916548160156     
          86         110  0.97231791578472115     
          87         111  0.96852237217600068     
          91         112  0.96851084558584910     
          92         113  0.97231956143452347     
          95         114  0.96348596195532410     
          97         115  0.97231779826909048     
          98         116  0.96751296981786372     
         103         117  0.96758034655925673     
         104         118  0.97232091946051091     
         107         119  0.96348790451828170     
         121         122   1.6486611372270426     
         122         123   1.1756351190724330     
          76         124   1.1766727373113846     
         123         124   1.2508322770559082     
         124         125   1.2507916710824905     
         125         126   1.1756398081921358     
         126         127   1.6486350479616001     
         127         128   1.1682379006944215     
         120         129  0.52998291218184168     
         125         129   1.2896714732287566     
         128         129   1.2480740647812261     
         128         130   1.3537291205158810     
         130         131   1.3537952477438677     
         131         132   1.1683240465140663     
         132         133   1.6484534742084178     
         133         134   1.1758033555369694     
         120         135  0.52994666170576565     
         131         135   1.2479175096758737     
         134         135   1.2899553927520460     
          77         136   1.1780296453256003     
         134         136   1.2502307608172596     
         136         137   1.2501350351322902     
         137         138   1.1758206216439573     
         138         139   1.6484335813867110     
         139         140   1.1683432938873688     
         120         141  0.53000580771066663     
         137         141   1.2899584329481191     
         140         141   1.2478847628192700     
         140         142   1.3537966012848650     
         121         143   1.1682065251956777     
         142         143   1.3537295523604764     
         120         144  0.52996553509868327     
         123         144   1.2896480859778474     
         143         144   1.2481124542228443     
         121         145  0.97232035386877425     
         122         146  0.96760362296273661     
         126         147  0.96753492630840565     
         127         148  0.97232050716530349     
         130         149  0.96343393729357951     
         132         150  0.97232189135999869     
         133         151  0.96718559645045943     
         138         152  0.96721880932496107     
         139         153  0.97232079388487636     
         142         154  0.96343279731287756     
         156         157   1.6483035954767895     
         157         158   1.1758556561689846     
          78         159   1.1780498376550133     
         158         159   1.2500621747897882     
         159         160   1.2501618399680154     
         160         161   1.1758456020911217     
         161         162   1.6483428530458295     
         162         163   1.1684093766320591     
         155         164  0.53048407666081809     
         160         164   1.2899470382571687     
         163         164   1.2477607663702295     
         163         165   1.3537910230643204     
         165         166   1.3537655621490607     
         166         167   1.1684641111832845     
         167         168   1.6482494208670344     
         168         169   1.1759260815067201     
         155         170  0.53057782149236732     
         166         170   1.2477221401648042     
         169         170   1.2899591749355090     
          79         171   1.1784487110847186     
         169         171   1.2500509846953627     
         171         172   1.2498141800044724     
         172         173   1.1759313708607171     
         173         174   1.6482446999868987     
         174         175   1.1684773296431548     
         155         176  0.53046989886196860     
         172         176   1.2900758331235207     
         175         176   1.2476388919552266     
         175         177   1.3538133635050917     
         156         178   1.1684566564650085     
         177         178   1.3537849678141891     
         155         179  0.53053560122911658     
         158         179   1.2899886473367117     
         178         179   1.2476878341814150     
         156         180  0.97231816109527802     
         157         181  0.96721481512127305     
         161         182  0.96719050956387653     
         162         183  0.97231975135565663     
         165         184  0.96342721142581733     
         167         185  0.97231943725534453     
         168         186  0.96696677297877209     
         173         187  0.96695637613979613     
         174         188  0.97231883575146172     
         177         189  0.96342076583248593     
         191         192   1.6483290519288669     
         192         193   1.1759074587280063     
          80         194   1.1784403756290911     
         193         194   1.2500736818516589     
         194         195   1.2498968757717746     
         195         196   1.1759096416027865     
         196         197   1.6483238219930190     
         197         198   1.1683958067047167     
         190         199  0.53028392103680078     
         195         199   1.2900539094241306     
         198         199   1.2478122014954556     
         198         200   1.3537853906608548     
         200         201   1.3537667051880695     
         201         202   1.1682554454272600     
         202         203   1.6485943029905690     
         203         204   1.1756571609654540     
         190         205  0.53021252539329866     
         201         205   1.2479951262381721     
         204         205   1.2897920905444018     
          81         206   1.1770119817409428     
         204         206   1.2506189300193284     
         206         207   1.2506594427016526     
         207         208   1.1756914003588816     
         208         209   1.6485951804506878     
         209         210   1.1682204032655674     
         190         211  0.53015208954486215     
         207         211   1.2897387725985563     
         210         211   1.2480605759571506     
         210         212   1.3537702540222163     
         191         213   1.1683704376714108     
         212         213   1.3537279797042487     
         190         214  0.53015446274491285     
         193         214   1.2899592854475577     
         213         214   1.2479392091389401     
         191         215  0.97232176051034647     
         192         216  0.96696007697043340     
         196         217  0.96696216080525565     
         197         218  0.97232100677142919     
         200         219  0.96342643846579312     
         202         220  0.97232032289813486     
         203         221  0.96742962243583885     
         208         222  0.96737257036786017     
         209         223  0.97232101560936579     
         212         224  0.96343083000778995     
         226         227   1.6490925394401159     
         227         228   1.1753016769364890     
          82         229   1.1767340166248854     
         228         229   1.2509516263474076     
         229         230   1.2510275946450502     
         230         231   1.1753754684618156     
         231         232   1.6490320879316038     
         232         233   1.1679202843635677     
         225         234  0.52968288819522447     
         230         234   1.2897802875926014     
         233         234   1.2485418524430982     
         233         235   1.3537344006280416     
         235         236   1.3537887823302350     
         236         237   1.1674849865121837     
         237         238   1.6499038779030357     
         238         239   1.1745615437362849     
         225         240  0.52932872278198140     
         236         240   1.2489831185675644     
         239         240   1.2891205106666237     
          83         241   1.1719051972136141     
         239         241   1.2531353919045218     
         241         242   1.2532301497568836     
         242         243   1.1745618554598067     
         243         244   1.6499115563723412     
         244         245   1.1674682439963853     
         225         246  0.52944197266466331     
         242         246   1.2890149774113429     
         245         246   1.2490489191640375     
         245         247   1.3537446546633052     
         226         248   1.1679012855249966     
         247         248   1.3537917379525206     
         225         249  0.52956642262472897     
         228         249   1.2898919078720426     
         248         249   1.2485028447132847     
         226         250  0.97231860085788202     
         227         251  0.96734135041578895     
         231         252  0.96740742295127302     
         232         253  0.97231912177543511     
         235         254  0.96348547067040968     
         237         255  0.97231876678752183     
         238         256  0.96839729437336008     
         243         257  0.96828731122980349     
         244         258  0.97231739259376382     
         247         259  0.96348662789579931     
