    0.24471877
   -0.05190845
   -0.05047939
    0.07743093
    0.01649581
    0.07743385
   -0.05046819
   -0.05190795
    0.07569934
   -0.17694677
   -0.04967092
    0.07698515
   -0.05096814
   -0.05109716
    0.07747351
   -0.17472197
   -0.05142200
    0.07747512
   -0.05109732
   -0.05096840
    0.07698626
   -0.17473822
   -0.04966856
    0.07569552
   -0.17692637
    0.03381170
    0.03579099
    0.03579507
    0.03380694
    0.04934071
    0.03441182
    0.03432415
    0.04870104
    0.03432215
    0.03440977
    0.04934142
    0.24470842
   -0.05190977
   -0.05048034
    0.07740990
    0.01649170
    0.07742948
   -0.05045295
   -0.05190964
    0.07571343
   -0.17696171
   -0.04969654
    0.07698918
   -0.05096922
   -0.05109501
    0.07747523
   -0.17473357
   -0.05143151
    0.07747651
   -0.05109700
   -0.05097066
    0.07698616
   -0.17474033
   -0.04968683
    0.07570630
   -0.17693281
    0.03381240
    0.03578531
    0.03578249
    0.03380356
    0.04932956
    0.03440679
    0.03432143
    0.04869430
    0.03431975
    0.03440597
    0.04933505
   -0.01892087
   -0.01076559
   -0.00183433
   -0.00262727
   -0.01001344
   -0.01976584
   -0.01910108
   -0.01028387
   -0.00192506
   -0.00217974
   -0.01004649
   -0.01935244
   -0.01913736
   -0.01015310
   -0.00194867
   -0.00203444
   -0.01005786
   -0.01923375
   -0.01916107
   -0.01009709
   -0.00195915
   -0.00198211
   -0.01006728
   -0.01919160
   -0.01919057
   -0.01007236
   -0.00198323
   -0.00195820
   -0.01009399
   -0.01916639
   -0.01923391
   -0.01005542
   -0.00203531
   -0.00194495
   -0.01014786
   -0.01913964
   -0.01936185
   -0.01004667
   -0.00216852
   -0.00191782
   -0.01029360
   -0.01910867
   -0.01973751
   -0.00998923
   -0.00260677
   -0.00180556
   -0.01074650
   -0.01888103
    0.24654712
   -0.05171262
   -0.05046375
    0.07762642
    0.01697783
    0.07765602
   -0.05041174
   -0.05171766
    0.07527043
   -0.17703092
   -0.04748841
    0.07522327
   -0.05166473
   -0.05054543
    0.07771529
   -0.17703658
    0.01657981
    0.07775521
   -0.05049244
   -0.05167150
    0.07522811
   -0.17708290
   -0.04748746
    0.07526348
   -0.17697989
    0.03400964
    0.03597009
    0.03595613
    0.03399115
    0.05010793
    0.03401651
    0.03585080
    0.03582681
    0.03399565
    0.05010684
    0.24658688
   -0.05165871
   -0.05047270
    0.07771755
    0.01685678
    0.07771865
   -0.05044847
   -0.05165866
    0.07527112
   -0.17700950
   -0.04739908
    0.07525194
   -0.05164629
   -0.05049813
    0.07773488
   -0.17692787
    0.01673267
    0.07775764
   -0.05046198
   -0.05164560
    0.07526405
   -0.17704134
   -0.04740528
    0.07525983
   -0.17690931
    0.03409940
    0.03597640
    0.03594644
    0.03408007
    0.05021003
    0.03409681
    0.03592179
    0.03589987
    0.03407719
    0.05020486
    0.24658173
   -0.05164686
   -0.05045957
    0.07774010
    0.01683424
    0.07773663
   -0.05044792
   -0.05163951
    0.07527884
   -0.17698413
   -0.04739678
    0.07526740
   -0.05164088
   -0.05044756
    0.07773680
   -0.17691494
    0.01679039
    0.07774397
   -0.05047534
   -0.05163744
    0.07527398
   -0.17700220
   -0.04738570
    0.07527086
   -0.17691813
    0.03411950
    0.03597159
    0.03594288
    0.03410888
    0.05023451
    0.03411299
    0.03593923
    0.03593553
    0.03411136
    0.05023808
    0.24658244
   -0.05163985
   -0.05045590
    0.07774672
    0.01681549
    0.07773719
   -0.05045372
   -0.05163882
    0.07527668
   -0.17696274
   -0.04739038
    0.07527244
   -0.05163756
   -0.05047812
    0.07773073
   -0.17692307
    0.01681844
    0.07775346
   -0.05043114
   -0.05164113
    0.07527934
   -0.17698020
   -0.04739085
    0.07527491
   -0.17694222
    0.03411785
    0.03594970
    0.03595016
    0.03411768
    0.05024605
    0.03412942
    0.03596330
    0.03593703
    0.03410792
    0.05023806
    0.24658095
   -0.05163879
   -0.05049090
    0.07772483
    0.01679253
    0.07776242
   -0.05043220
   -0.05164269
    0.07527872
   -0.17701652
   -0.04739617
    0.07526780
   -0.05164384
   -0.05048474
    0.07771961
   -0.17689044
    0.01683659
    0.07775439
   -0.05042161
   -0.05164498
    0.07528206
   -0.17701420
   -0.04739392
    0.07526428
   -0.17689950
    0.03412643
    0.03595703
    0.03591986
    0.03409700
    0.05023730
    0.03412862
    0.03597582
    0.03593771
    0.03409740
    0.05023618
    0.24657569
   -0.05164504
   -0.05050405
    0.07773894
    0.01673638
    0.07775294
   -0.05045151
   -0.05164881
    0.07526217
   -0.17699977
   -0.04741618
    0.07526988
   -0.05166175
   -0.05043285
    0.07772233
   -0.17696426
    0.01686625
    0.07770712
   -0.05047768
   -0.05165876
    0.07526455
   -0.17695340
   -0.04740079
    0.07525580
   -0.17696900
    0.03409452
    0.03592491
    0.03589592
    0.03407430
    0.05019932
    0.03407955
    0.03595284
    0.03596843
    0.03409453
    0.05021554
    0.24653782
   -0.05166867
   -0.05050414
    0.07773884
    0.01658553
    0.07773456
   -0.05051962
   -0.05166887
    0.07523135
   -0.17705716
   -0.04750791
    0.07528162
   -0.05171201
   -0.05044038
    0.07762564
   -0.17701332
    0.01698571
    0.07763947
   -0.05041237
   -0.05171455
    0.07528380
   -0.17701571
   -0.04751322
    0.07523446
   -0.17707099
    0.03400177
    0.03583404
    0.03584688
    0.03400879
    0.05010701
    0.03400852
    0.03596377
    0.03596053
    0.03400035
    0.05010078
