           2           3   1.6503325606742525     
           3           4   1.1794198973191055     
           4           5   1.2504337236242900     
           5           6   1.2505244195740040     
           6           7   1.1794228425576370     
           7           8   1.6503324544758913     
           8           9   1.1711044513401898     
           1          10  0.48891683911215278     
           6          10   1.2862142393298643     
           9          10   1.2465678683832508     
           9          11   1.3577619570956527     
          11          12   1.3538068081303165     
          12          13   1.1627627179962914     
          13          14   1.6656743424691931     
          14          15   1.1620205574366693     
           1          16  0.49136396642897945     
          12          16   1.2610137928369733     
          15          16   1.2631999111872114     
          15          17   1.3541243919375492     
          17          18   1.3541167316968461     
          18          19   1.1620080155032517     
          19          20   1.6656838216957306     
          20          21   1.1627565651095655     
           1          22  0.49130231401931274     
          18          22   1.2632225050392873     
          21          22   1.2610253591561644     
          21          23   1.3538029376221106     
           2          24   1.1711153061362181     
          23          24   1.3577828315118929     
           1          25  0.48895429858295003     
           4          25   1.2862427828618785     
          24          25   1.2465235911960759     
           2          26  0.97242111431141487     
           3          27  0.97088363040681458     
           7          28  0.97089219818557182     
           8          29  0.97242218930246371     
          11          30  0.96389235357236358     
          13          31  0.97232960023393045     
          14          32  0.97235017375220945     
          17          33  0.96422364312387099     
          19          34  0.97235076989641556     
          20          35  0.97232964088191809     
          23          36  0.96389085618798842     
          38          39   1.6503895843837704     
          39          40   1.1793757983911706     
          40          41   1.2506249140035570     
          41          42   1.2508591708566350     
          42          43   1.1793746472639988     
          43          44   1.6503928980113685     
          44          45   1.1710747483348298     
          37          46  0.48895019589161515     
          42          46   1.2860198285943560     
          45          46   1.2466878509584243     
          45          47   1.3576907243445293     
          47          48   1.3538727698488677     
          48          49   1.1627239068358111     
          49          50   1.6657246099073784     
          50          51   1.1619921685510639     
          37          52  0.49135788363442351     
          48          52   1.2610180182991666     
          51          52   1.2632012682408642     
          51          53   1.3541498137568941     
          53          54   1.3541239943511008     
          54          55   1.1619985113253799     
          55          56   1.6657079442644953     
          56          57   1.1627394922722598     
          37          58  0.49132201262904740     
          54          58   1.2632205414294413     
          57          58   1.2610181060454972     
          57          59   1.3538547133046137     
          38          60   1.1710980699512445     
          59          60   1.3577314792917998     
          37          61  0.48895568001991102     
          40          61   1.2861193932883921     
          60          61   1.2466061592343758     
          38          62  0.97242022280850293     
          39          63  0.97088227711103092     
          43          64  0.97088719698969328     
          44          65  0.97242177377513794     
          47          66  0.96389285144425019     
          49          67  0.97233003879951141     
          50          68  0.97234972107368112     
          53          69  0.96422389718042667     
          55          70  0.97235015678332215     
          56          71  0.97232990760718874     
          59          72  0.96389069693370000     
           5          73   1.1875730347469542     
          73          74   2.4421587191415255     
          74          75   1.3326007231893953     
          73          76  0.19272608295157267     
          75          76   2.3561554093538124     
          76          77   1.3333805930912186     
          75          78  0.19248904768589298     
          77          78   2.4396555450664352     
          79          80   2.4378519297672705     
          80          81   1.3349689286299542     
          79          82  0.19228989036397565     
          81          82   2.3531547207364305     
          82          83   1.3349088183897284     
          81          84  0.19220992994007255     
          83          84   2.4378262265615054     
          85          86   2.4378724221368930     
          86          87   1.3348371533803793     
          85          88  0.19217944994364394     
          87          88   2.3532646199875762     
          88          89   1.3348923239620296     
          87          90  0.19221668215802093     
          89          90   2.4378314700452712     
          91          92   2.4379282447130142     
          92          93   1.3347908943981948     
          91          94  0.19217792707274434     
          93          94   2.3533566663409720     
          94          95   1.3348087720897359     
          93          96  0.19219958089582123     
          95          96   2.4379504748428453     
          97          98   2.4379637643314513     
          98          99   1.3347498676523517     
          97         100  0.19216719226313167     
          99         100   2.3533988711352070     
         100         101   1.3347817657355376     
          99         102  0.19219172367528892     
         101         102   2.4379331329389400     
         103         104   2.4379334659670162     
         104         105   1.3347998772692951     
         103         106  0.19219149052585016     
         105         106   2.3533490760956202     
         106         107   1.3347910432406822     
         105         108  0.19219131794065186     
         107         108   2.4379410909299866     
         109         110   2.4379815940967946     
         110         111   1.3347380533812763     
         109         112  0.19219771063775692     
         111         112   2.3534787305728173     
         112         113   1.3347032727842754     
         111         114  0.19221424891503214     
         113         114   2.4381055165278385     
         115         116   2.4402892747642033     
         116         117   1.3327648648078469     
         115         118  0.19242011032513284     
         117         118   2.3568191566789163     
         118         119   1.3319835653162262     
          41         120   1.1870097625448337     
         117         120  0.19265723528105805     
         119         120   2.4428263658176226     
         122         123   1.6477173132177372     
         123         124   1.1811356830978270     
          78         125   1.1902784140742630     
         124         125   1.2478233971967234     
         125         126   1.2481692900573123     
         126         127   1.1811299074366302     
         127         128   1.6477027427005235     
         128         129   1.1733625979481790     
         121         130  0.48870800644898993     
         126         130   1.2873262341485523     
         129         130   1.2448473891515834     
         129         131   1.3557386117108114     
         131         132   1.3568143641334265     
         132         133   1.1731466454681920     
         133         134   1.6479567085421229     
         134         135   1.1809514974212760     
         121         136  0.48878335908641918     
         132         136   1.2441261985594130     
         135         136   1.2879259047725007     
          79         137   1.1910305977387918     
         135         137   1.2473729668723492     
         137         138   1.2476854292285786     
         138         139   1.1809354671243573     
         139         140   1.6479447803629976     
         140         141   1.1731453293123382     
         121         142  0.48875275134104412     
         138         142   1.2878690273729245     
         141         142   1.2442046025699669     
         141         143   1.3567557577034139     
         122         144   1.1733692779779252     
         143         144   1.3558064379608485     
         121         145  0.48873718756808548     
         124         145   1.2874164691983254     
         144         145   1.2447451258501099     
         122         146  0.97240519791618341     
         123         147  0.97088765564217316     
         127         148  0.97089341687128705     
         128         149  0.97240757862787186     
         131         150  0.96354468468277044     
         133         151  0.97240401449661829     
         134         152  0.97089725586988285     
         139         153  0.97089484805046322     
         140         154  0.97240604620591486     
         143         155  0.96354439555470051     
         157         158   1.6476884345943890     
         158         159   1.1811381980175857     
          84         160   1.1911667243661352     
         159         160   1.2474423605104588     
         160         161   1.2475532895903858     
         161         162   1.1810995304898293     
         162         163   1.6477313111232541     
         163         164   1.1733129628267271     
         156         165  0.48854521692440273     
         161         165   1.2877613011807718     
         164         165   1.2445468247111053     
         164         166   1.3561021955770540     
         166         167   1.3564717278104621     
         167         168   1.1732545137072856     
         168         169   1.6478183196852534     
         169         170   1.1810525415131126     
         156         171  0.48882709415247727     
         167         171   1.2442562601089426     
         170         171   1.2878643215624512     
          85         172   1.1911344069140695     
         170         172   1.2473311434233554     
         172         173   1.2476080897161435     
         173         174   1.1810041817287171     
         174         175   1.6478492425147677     
         175         176   1.1732176150916107     
         156         177  0.48860367135364535     
         173         177   1.2878406016324957     
         176         177   1.2443668164303228     
         176         178   1.3564300908616835     
         157         179   1.1733595291614483     
         178         179   1.3561625296310387     
         156         180  0.48886313585755009     
         159         180   1.2877327724935475     
         179         180   1.2443973321560977     
         157         181  0.97239997402954648     
         158         182  0.97087593832814068     
         162         183  0.97090355619973934     
         163         184  0.97240282929669031     
         166         185  0.96353165834875065     
         168         186  0.97239876034468253     
         169         187  0.97088650032142487     
         174         188  0.97089942745346458     
         175         189  0.97240151093047678     
         178         190  0.96353038955719350     
         192         193   1.6477622166116093     
         193         194   1.1810908795044930     
          90         195   1.1911514133143373     
         194         195   1.2474768434857699     
         195         196   1.2475075167308642     
         196         197   1.1810660225348053     
         197         198   1.6478038879380197     
         198         199   1.1732448485218785     
         191         200  0.48860127470823922     
         196         200   1.2877904558905966     
         199         200   1.2444842915324368     
         199         201   1.3562462444066010     
         201         202   1.3562943866603023     
         202         203   1.1732855902945736     
         203         204   1.6477515557081892     
         204         205   1.1811259957662583     
         191         206  0.48891028665538827     
         202         206   1.2444018420098968     
         205         206   1.2876635011215880     
          91         207   1.1911128133529991     
         205         207   1.2475886615683180     
         207         208   1.2473991633302033     
         208         209   1.1810174371147704     
         209         210   1.6478465399339415     
         210         211   1.1732280844819327     
         191         212  0.48853697103469557     
         208         212   1.2878915995621389     
         211         212   1.2443846536711618     
         211         213   1.3563633529885391     
         192         214   1.1732868167908708     
         213         214   1.3562380354837080     
         191         215  0.48877288822222298     
         194         215   1.2877593283510720     
         214         215   1.2444196827416154     
         192         216  0.97239768257167303     
         193         217  0.97088059610802890     
         197         218  0.97089932436526216     
         198         219  0.97240059390293410     
         201         220  0.96352891012204878     
         203         221  0.97239856554834614     
         204         222  0.97089302665152988     
         209         223  0.97088792696907134     
         210         224  0.97239910665330698     
         213         225  0.96352409183264387     
         227         228   1.6478057253612843     
         228         229   1.1810632727022825     
          96         230   1.1910696106195469     
         229         230   1.2474873359714342     
         230         231   1.2475497361850407     
         231         232   1.1810759799937625     
         232         233   1.6477962904578765     
         233         234   1.1732540872512569     
         226         235  0.48868151072038241     
         231         235   1.2877277280784909     
         234         235   1.2444716865377203     
         234         236   1.3562538548826502     
         236         237   1.3563166724831004     
         237         238   1.1732735605955411     
         238         239   1.6477896771644487     
         239         240   1.1810818593216841     
         226         241  0.48875705472428904     
         237         241   1.2443720562406086     
         240         241   1.2877964859616524     
          97         242   1.1911038270884489     
         240         242   1.2473702208249935     
         242         243   1.2476345523859864     
         243         244   1.1810687605787675     
         244         245   1.6477986482893010     
         245         246   1.1732468726782752     
         226         247  0.48865667939171120     
         243         247   1.2877416960489354     
         246         247   1.2444851889034996     
         246         248   1.3562516020691395     
         227         249   1.1732539860508997     
         248         249   1.3563043206878038     
         226         250  0.48872050275627271     
         229         250   1.2878011325796668     
         249         250   1.2444053021405732     
         227         251  0.97239945014468154     
         228         252  0.97088450505643142     
         232         253  0.97089631155983225     
         233         254  0.97239867399913682     
         236         255  0.96352280142163216     
         238         256  0.97239747921662056     
         239         257  0.97088619351241789     
         244         258  0.97089657303785259     
         245         259  0.97239955253464216     
         248         260  0.96352607697345671     
         262         263   1.6478015812474958     
         263         264   1.1810812750364266     
         102         265   1.1911018772693107     
         264         265   1.2473121163616110     
         265         266   1.2476863689848787     
         266         267   1.1810546545432528     
         267         268   1.6478095663478389     
         268         269   1.1732360862748308     
         261         270  0.48859395204334916     
         266         270   1.2877466611862209     
         269         270   1.2444884837516630     
         269         271   1.3562845283331262     
         271         272   1.3562830467398292     
         272         273   1.1732840787752099     
         273         274   1.6477724818618686     
         274         275   1.1811041316569568     
         261         276  0.48882908899997879     
         272         276   1.2443683036511359     
         275         276   1.2877858008544452     
         103         277   1.1911234822377728     
         275         277   1.2473083439156269     
         277         278   1.2476986488736670     
         278         279   1.1810716764650340     
         279         280   1.6477843788202358     
         280         281   1.1732564441177187     
         261         282  0.48856334204522445     
         278         282   1.2877267797958623     
         281         282   1.2445504783386629     
         281         283   1.3561840210423104     
         262         284   1.1732633445665486     
         283         284   1.3563771541030309     
         261         285  0.48883668826984444     
         264         285   1.2878090874876187     
         284         285   1.2443166728948527     
         262         286  0.97239739208471365     
         263         287  0.97088179316282675     
         267         288  0.97090130104955152     
         268         289  0.97240089426331844     
         271         290  0.96352521101797095     
         273         291  0.97239749913579010     
         274         292  0.97087634222396135     
         279         293  0.97090440188303273     
         280         294  0.97240123758565888     
         283         295  0.96352540959187072     
         297         298   1.6478467820864990     
         298         299   1.1810226960741816     
         108         300   1.1910970509936309     
         299         300   1.2473338112197951     
         300         301   1.2476478202983943     
         301         302   1.1810367261791537     
         302         303   1.6478403465398408     
         303         304   1.1732146327402908     
         296         305  0.48873717237372810     
         301         305   1.2877693829579493     
         304         305   1.2443818691433446     
         304         306   1.3564231225708607     
         306         307   1.3561113491599071     
         307         308   1.1733250567046039     
         308         309   1.6477085202488231     
         309         310   1.1811384355607428     
         296         311  0.48875572972507869     
         307         311   1.2445204715410689     
         310         311   1.2876675611594166     
         109         312   1.1911221050259571     
         310         312   1.2476449343314493     
         312         313   1.2473999798804059     
         313         314   1.1811317598992277     
         314         315   1.6477159761657438     
         315         316   1.1733269419479380     
         296         317  0.48865963338259100     
         313         317   1.2877424541361044     
         316         317   1.2444914928591788     
         316         318   1.3561206487319837     
         297         319   1.1732341413406677     
         318         319   1.3564768742417908     
         296         320  0.48868890677909865     
         299         320   1.2878978428325913     
         319         320   1.2442803099239153     
         297         321  0.97239919556487753     
         298         322  0.97088833463181590     
         302         323  0.97089815802041635     
         303         324  0.97240190212980515     
         306         325  0.96353289354238436     
         308         326  0.97240241666120553     
         309         327  0.97089220490330941     
         314         328  0.97088864038242095     
         315         329  0.97239996830771913     
         318         330  0.96352569260645038     
         332         333   1.6479964978222137     
         333         334   1.1809246964825146     
         114         335   1.1909593968894505     
         334         335   1.2476063280678518     
         335         336   1.2475497756720508     
         336         337   1.1809357197208792     
         337         338   1.6479792428962985     
         338         339   1.1731202781366128     
         331         340  0.48878614533179088     
         336         340   1.2878645186913944     
         339         340   1.2441779839563905     
         339         341   1.3568157872093560     
         341         342   1.3557354840615730     
         342         343   1.1733282598653141     
         343         344   1.6477779183197616     
         344         345   1.1810870253870815     
         331         346  0.48871468552086644     
         342         346   1.2448811271689484     
         345         346   1.2872383123000537     
         115         347   1.1897498134849844     
         345         347   1.2481667765574578     
         347         348   1.2483378096722579     
         348         349   1.1810832745326960     
         349         350   1.6477768121755940     
         350         351   1.1733237680199142     
         331         352  0.48876706826796540     
         348         352   1.2871858932672766     
         351         352   1.2449138944321576     
         351         353   1.3557117791168847     
         332         354   1.1731032367141878     
         353         354   1.3568115161161005     
         331         355  0.48875659787912512     
         334         355   1.2878641911461091     
         354         355   1.2442061180247026     
         332         356  0.97240538070277138     
         333         357  0.97089862608005117     
         337         358  0.97089427054546018     
         338         359  0.97240438859077072     
         341         360  0.96354145733836860     
         343         361  0.97240544995470701     
         344         362  0.97088716190014612     
         349         363  0.97088750035143689     
         350         364  0.97240657600174318     
         353         365  0.96354513320139457     
