    0.09903523
   -0.05320507
   -0.05155961
    0.07255865
    0.01727544
    0.07250367
   -0.05153832
   -0.05324160
    0.07167331
   -0.13081352
   -0.05004053
    0.07275747
   -0.05233475
   -0.05242293
    0.07303432
   -0.12919876
   -0.05171679
    0.07307138
   -0.05241980
   -0.05234604
    0.07278703
   -0.12938081
   -0.05000328
    0.07170203
   -0.13103427
    0.03374184
    0.03587073
    0.03586052
    0.03378877
    0.04939049
    0.03425793
    0.03416295
    0.04877615
    0.03414874
    0.03423180
    0.04937400
   -0.02112953
   -0.00999485
   -0.00943412
   -0.02173527
    0.09956993
   -0.05319151
   -0.05152937
    0.07224061
    0.01788034
    0.07233653
   -0.05140188
   -0.05322074
    0.07145026
   -0.13043701
   -0.04952400
    0.07254940
   -0.05232945
   -0.05240167
    0.07280809
   -0.12877943
   -0.05121228
    0.07280769
   -0.05240537
   -0.05232655
    0.07251602
   -0.12878006
   -0.04949665
    0.07139133
   -0.13023704
    0.03397985
    0.03598738
    0.03595254
    0.03393571
    0.04951616
    0.03440619
    0.03433001
    0.04892156
    0.03431013
    0.03440535
    0.04952535
