           2           3   1.6422162081820240     
           3           4   1.1828130664555776     
           4           5   1.2577735218829309     
           5           6   1.2577997268097940     
           6           7   1.1827339202300509     
           7           8   1.6422177620064546     
           8           9   1.1738985339040053     
           1          10  0.72174960006981681     
           6          10   1.2615097950599838     
           9          10   1.2279015756208351     
           9          11   1.3594644801100766     
          11          12   1.3583234044460581     
          12          13   1.1656190246466844     
          13          14   1.6574486153844155     
          14          15   1.1650554308957159     
           1          16  0.72377470771463592     
          12          16   1.2391078393629151     
          15          16   1.2419393267555408     
          15          17   1.3576512812437564     
          17          18   1.3576012749155935     
          18          19   1.1651167999063441     
          19          20   1.6573841336445874     
          20          21   1.1656482612023524     
           1          22  0.72318502582348965     
          18          22   1.2420301430295713     
          21          22   1.2392768595692216     
          21          23   1.3582306847959122     
           2          24   1.1737912498989971     
          23          24   1.3596424840439865     
           1          25  0.72094880718447363     
           4          25   1.2618198163537317     
          24          25   1.2279226331359823     
           2          26  0.97201343674820329     
           3          27  0.97024391146087730     
           7          28  0.97022099434137166     
           8          29  0.97201627620607300     
          11          30  0.96332832850844408     
          13          31  0.97191944913609640     
          14          32  0.97194380829382920     
          17          33  0.96361823471615993     
          19          34  0.97194775216918572     
          20          35  0.97192435757318096     
          23          36  0.96331054328745958     
           5          37   1.1774995932221191     
          37          38   2.4788418930961704     
          38          39   1.2997239778937673     
          37          40  0.20402356247370917     
          39          40   2.4776576441613236     
          42          43   1.6411543787586398     
          43          44   1.1832026954373300     
          40          45   1.1798242727849046     
          44          45   1.2551907979448551     
          45          46   1.2557418792839536     
          46          47   1.1832216739007009     
          47          48   1.6412109520356379     
          48          49   1.1740732071794813     
          41          50  0.72275856645484571     
          46          50   1.2615855354952419     
          49          50   1.2270730631823361     
          49          51   1.3584449013607793     
          51          52   1.3565846149518441     
          52          53   1.1659484207647952     
          53          54   1.6565773348997819     
          54          55   1.1653101443718790     
          41          56  0.72529219902789277     
          52          56   1.2387914594341616     
          55          56   1.2411152058289763     
          55          57   1.3564165176147214     
          57          58   1.3560959491907096     
          58          59   1.1654921160582652     
          59          60   1.6564622845924584     
          60          61   1.1659858391694620     
          41          62  0.72523432725101711     
          58          62   1.2413367875183159     
          61          62   1.2386267270312037     
          61          63   1.3567168306313939     
          42          64   1.1742882379750175     
          63          64   1.3584551384766435     
          41          65  0.72331436306811148     
          44          65   1.2615486533192704     
          64          65   1.2267097345404636     
          42          66  0.97200625841022770     
          43          67  0.97037568866077928     
          47          68  0.97037615992952275     
          48          69  0.97201962517713902     
          51          70  0.96349489940469324     
          53          71  0.97192110160237155     
          54          72  0.97194409042793906     
          57          73  0.96377055051240579     
          59          74  0.97194645680507119     
          60          75  0.97192489394284887     
          63          76  0.96348095022598401     
