    0.24435451
   -0.05209003
   -0.05048998
    0.07670569
    0.01819976
    0.07667565
   -0.05058201
   -0.05208921
    0.07564829
   -0.17636351
   -0.05000517
    0.07683367
   -0.05106348
   -0.05120901
    0.07738319
   -0.17471531
   -0.05169197
    0.07738388
   -0.05120161
   -0.05106021
    0.07683595
   -0.17473039
   -0.05002495
    0.07565105
   -0.17633460
    0.03379254
    0.03489101
    0.03498388
    0.03379190
    0.04915200
    0.03420994
    0.03414334
    0.04849223
    0.03414509
    0.03421027
    0.04914472
    0.24435308
   -0.05208898
   -0.05054899
    0.07669877
    0.01819708
    0.07669515
   -0.05051769
   -0.05208550
    0.07565968
   -0.17638826
   -0.05001912
    0.07683421
   -0.05106257
   -0.05120593
    0.07737951
   -0.17469430
   -0.05169820
    0.07737973
   -0.05120492
   -0.05106441
    0.07683843
   -0.17472225
   -0.05002162
    0.07565467
   -0.17634652
    0.03379312
    0.03497742
    0.03490672
    0.03378978
    0.04914698
    0.03421296
    0.03414707
    0.04849086
    0.03414376
    0.03421013
    0.04914666
   -0.02841704
   -0.02919421
   -0.02855832
   -0.02886662
   -0.02860779
   -0.02874948
   -0.02864292
   -0.02868395
   -0.02868281
   -0.02864641
   -0.02875060
   -0.02861100
   -0.02886949
   -0.02855889
   -0.02919222
   -0.02841187
    0.24588483
   -0.05193170
   -0.05045480
    0.07688563
    0.01860896
    0.07689019
   -0.05050051
   -0.05192158
    0.07520487
   -0.17630597
   -0.04810944
    0.07511519
   -0.05192692
   -0.05058513
    0.07700079
   -0.17636056
    0.01820974
    0.07700522
   -0.05067850
   -0.05193268
    0.07511294
   -0.17638129
   -0.04809865
    0.07520075
   -0.17629501
    0.03397737
    0.03512135
    0.03526758
    0.03397296
    0.04990117
    0.03394148
    0.03491012
    0.03503303
    0.03393941
    0.04990617
    0.24601815
   -0.05192712
   -0.05062015
    0.07696742
    0.01852517
    0.07699842
   -0.05050909
   -0.05192928
    0.07511072
   -0.17629507
   -0.04793488
    0.07507616
   -0.05193649
   -0.05062770
    0.07703365
   -0.17631779
    0.01836259
    0.07702935
   -0.05063521
   -0.05194069
    0.07507102
   -0.17629809
   -0.04793212
    0.07510847
   -0.17629611
    0.03400707
    0.03514537
    0.03499343
    0.03400165
    0.05001215
    0.03398744
    0.03498601
    0.03498824
    0.03399051
    0.05001725
    0.24609460
   -0.05193971
   -0.05059612
    0.07701941
    0.01851940
    0.07702699
   -0.05058581
   -0.05193772
    0.07507650
   -0.17629659
   -0.04786760
    0.07506212
   -0.05194253
   -0.05065994
    0.07704094
   -0.17630342
    0.01844637
    0.07705241
   -0.05058214
   -0.05193588
    0.07506537
   -0.17631856
   -0.04787271
    0.07507693
   -0.17628682
    0.03402123
    0.03503389
    0.03502488
    0.03401945
    0.05006556
    0.03401268
    0.03505093
    0.03495383
    0.03401169
    0.05006234
    0.24612033
   -0.05193721
   -0.05056827
    0.07705118
    0.01849592
    0.07703423
   -0.05065015
   -0.05194665
    0.07505974
   -0.17630612
   -0.04785083
    0.07505464
   -0.05194559
   -0.05061763
    0.07703839
   -0.17628090
    0.01849400
    0.07705015
   -0.05060551
   -0.05194270
    0.07506374
   -0.17632015
   -0.04785463
    0.07506542
   -0.17630841
    0.03401760
    0.03496378
    0.03505409
    0.03402121
    0.05008096
    0.03402582
    0.03498981
    0.03502417
    0.03401329
    0.05007256
    0.24611235
   -0.05194355
   -0.05064462
    0.07703938
    0.01845084
    0.07705332
   -0.05060086
   -0.05194666
    0.07506031
   -0.17631682
   -0.04786913
    0.07507235
   -0.05194064
   -0.05057122
    0.07703370
   -0.17630507
    0.01852384
    0.07702807
   -0.05062404
   -0.05194744
    0.07506582
   -0.17630323
   -0.04785198
    0.07505052
   -0.17630488
    0.03401450
    0.03500899
    0.03497216
    0.03400658
    0.05006321
    0.03401598
    0.03498962
    0.03505544
    0.03401610
    0.05007013
    0.24603540
   -0.05194241
   -0.05067180
    0.07702813
    0.01836893
    0.07704710
   -0.05059982
   -0.05194364
    0.07507047
   -0.17632835
   -0.04792844
    0.07510683
   -0.05192987
   -0.05056551
    0.07698488
   -0.17628778
    0.01852591
    0.07698141
   -0.05055880
   -0.05192889
    0.07510812
   -0.17630983
   -0.04792476
    0.07506708
   -0.17630256
    0.03399003
    0.03503725
    0.03493012
    0.03398413
    0.05001515
    0.03400420
    0.03507959
    0.03504782
    0.03400501
    0.05001924
    0.24587969
   -0.05193179
   -0.05061996
    0.07699484
    0.01820152
    0.07698826
   -0.05064721
   -0.05192983
    0.07511225
   -0.17635525
   -0.04810226
    0.07520494
   -0.05192391
   -0.05051357
    0.07687574
   -0.17630158
    0.01860941
    0.07691045
   -0.05044120
   -0.05192054
    0.07521568
   -0.17634779
   -0.04811264
    0.07511474
   -0.17633001
    0.03394161
    0.03496966
    0.03498712
    0.03394282
    0.04990674
    0.03397798
    0.03523718
    0.03516743
    0.03396759
    0.04989879
