           2           3   1.6513339263572022     
           3           4   1.1782170204725737     
           4           5   1.2587820330688975     
           5           6   1.2584626613190473     
           6           7   1.1781737445430240     
           7           8   1.6513669094359533     
           8           9   1.1706259769782952     
           1          10  0.48883595125275331     
           6          10   1.2842237678836637     
           9          10   1.2484087304122489     
           9          11   1.3567460465107377     
          11          12   1.3546211714399070     
          12          13   1.1625785445030001     
          13          14   1.6658632796313830     
          14          15   1.1619041572145008     
           1          16  0.49166122953302172     
          12          16   1.2607082728459817     
          15          16   1.2633080524594538     
          15          17   1.3541400203818268     
          17          18   1.3541901713407190     
          18          19   1.1619161549993973     
          19          20   1.6658655193129663     
          20          21   1.1625668779756166     
           1          22  0.49172902981416444     
          18          22   1.2632552755618534     
          21          22   1.2607009762099628     
          21          23   1.3546472585903844     
           2          24   1.1706542248274596     
          23          24   1.3566829841383978     
           1          25  0.48912100666211716     
           4          25   1.2839750305761219     
          24          25   1.2484502023590343     
           2          26  0.97240997958371600     
           3          27  0.96864822814076246     
           7          28  0.96874037658652457     
           8          29  0.97241032190965981     
          11          30  0.96392729669545496     
          13          31  0.97234078736042329     
          14          32  0.97236169148086571     
          17          33  0.96425352518043406     
          19          34  0.97236106317256943     
          20          35  0.97234130304019173     
          23          36  0.96392781924387938     
          38          39   1.6514039651007393     
          39          40   1.1781400692694319     
          40          41   1.2586753022428545     
          41          42   1.2587077547519554     
          42          43   1.1781350003104005     
          43          44   1.6514180339612414     
          44          45   1.1705895573136658     
          37          46  0.48882022629530519     
          42          46   1.2841100012035052     
          45          46   1.2484946483463100     
          45          47   1.3567120095230152     
          47          48   1.3546428492424796     
          48          49   1.1626074819382521     
          49          50   1.6658233544891443     
          50          51   1.1619492844096491     
          37          52  0.49183817574078742     
          48          52   1.2606589644606159     
          51          52   1.2632427895162710     
          51          53   1.3541560091967859     
          53          54   1.3541900425305422     
          54          55   1.1619260809288152     
          55          56   1.6658452991246928     
          56          57   1.1625887181404837     
          37          58  0.49174840935280628     
          54          58   1.2632385140647591     
          57          58   1.2607097426339950     
          57          59   1.3546207772622156     
          38          60   1.1706101607820902     
          59          60   1.3567393515914867     
          37          61  0.48895126391577282     
          40          61   1.2841069288602200     
          60          61   1.2484369887700171     
          38          62  0.97240972188367558     
          39          63  0.96871873155324517     
          43          64  0.96875975507490009     
          44          65  0.97241098439535811     
          47          66  0.96392749188111826     
          49          67  0.97234057342178504     
          50          68  0.97236049222255971     
          53          69  0.96425170311989428     
          55          70  0.97236233927886306     
          56          71  0.97234141715557465     
          59          72  0.96392789412167212     
           5          73   1.1676633774494596     
          73          74   2.5786251105982654     
          75          76   2.5739654173483686     
          77          78   2.5728066295512395     
          79          80   2.5723826154972285     
          81          82   2.5722750164149804     
          83          84   2.5726269653668399     
          85          86   2.5739483565473433     
          41          88   1.1675236424156761     
          87          88   2.5787069555027768     
          90          91   1.6492317628076114     
          91          92   1.1795261935858270     
          74          93   1.1690846320534067     
          92          93   1.2567976642365819     
          93          94   1.2567617522728993     
          94          95   1.1795050550648465     
          95          96   1.6492644502022071     
          96          97   1.1724795223169842     
          89          98  0.48916357419968226     
          94          98   1.2850074684252324     
          97          98   1.2465697787420891     
          97          99   1.3554791033441476     
          99         100   1.3565055152780521     
         100         101   1.1724202758784126     
         101         102   1.6491118600203643     
         102         103   1.1797040373886400     
          89         104  0.48908366447791107     
         100         104   1.2457888781267477     
         103         104   1.2859575688125222     
          75         105   1.1724828551663766     
         103         105   1.2552288995548322     
         105         106   1.2549479821266107     
         106         107   1.1796631536620779     
         107         108   1.6491157314405758     
         108         109   1.1724347543810605     
          89         110  0.48890002075311323     
         106         110   1.2861928362516577     
         109         110   1.2456869668184472     
         109         111   1.3565797904048780     
          90         112   1.1724931657761259     
         111         112   1.3554301328304665     
          89         113  0.48913752267713262     
          92         113   1.2849975812153482     
         112         113   1.2466042597816105     
          90         114  0.97239529268964597     
          91         115  0.96865504367262323     
          95         116  0.96874484420390783     
          96         117  0.97239535379377773     
          99         118  0.96358924626974096     
         101         119  0.97239627867478662     
         102         120  0.96808984782692931     
         107         121  0.96801488238193689     
         108         122  0.97239578662773951     
         111         123  0.96358739763154899     
         125         126   1.6486596775224511     
         126         127   1.1800240062955496     
          76         128   1.1727283257258667     
         127         128   1.2548051151551967     
         128         129   1.2550091204110903     
         129         130   1.1800130362085646     
         130         131   1.6486726722570548     
         131         132   1.1727636297835853     
         124         133  0.48896571354676677     
         129         133   1.2858800181080181     
         132         133   1.2460054291675340     
         132         134   1.3557061074919026     
         134         135   1.3562239152319695     
         135         136   1.1727322078668121     
         136         137   1.6486340230475587     
         137         138   1.1800982414609906     
         124         139  0.48895471987245470     
         135         139   1.2456017356953029     
         138         139   1.2863034736317449     
          77         140   1.1740777458461846     
         138         140   1.2542498107514495     
         140         141   1.2542324444956525     
         141         142   1.1801195362995571     
         142         143   1.6486112547917249     
         143         144   1.1727458418461807     
         124         145  0.48901487000519794     
         141         145   1.2862808465904798     
         144         145   1.2455964891367752     
         144         146   1.3562167298376320     
         125         147   1.1727746154234320     
         146         147   1.3557264782878755     
         124         148  0.48890341205142107     
         127         148   1.2859227224889065     
         147         148   1.2459739962361511     
         125         149  0.97239584155287617     
         126         150  0.96802960059045706     
         130         151  0.96808913062326996     
         131         152  0.97239735487727874     
         134         153  0.96355539621040376     
         136         154  0.97239536460901388     
         137         155  0.96757842985970544     
         142         156  0.96751533776449838     
         143         157  0.97239460041793013     
         146         158  0.96355244482981783     
         160         161   1.6484209803420082     
         161         162   1.1802667527357655     
          78         163   1.1741976801118907     
         162         163   1.2541595142565385     
         163         164   1.2541668763847493     
         164         165   1.1802562210347409     
         165         166   1.6484202540517685     
         166         167   1.1728905239231127     
         159         168  0.48892186788822195     
         164         168   1.2862191193603736     
         167         168   1.2457230446403409     
         167         169   1.3558400943542328     
         169         170   1.3560545697605910     
         170         171   1.1728672647547573     
         171         172   1.6484230651699157     
         172         173   1.1802752473875375     
         159         174  0.48889876354517720     
         170         174   1.2455637297099313     
         173         174   1.2863933339936502     
          79         175   1.1746809575035053     
         173         175   1.2538443496686178     
         175         176   1.2539962662529518     
         176         177   1.1802646477603007     
         177         178   1.6484441142909338     
         178         179   1.1728467713794528     
         159         180  0.48889283257622956     
         176         180   1.2863585512366447     
         179         180   1.2455936165498007     
         179         181   1.3560586782085420     
         160         182   1.1728857652714504     
         181         182   1.3558226739929422     
         159         183  0.48896130599166021     
         162         183   1.2861783581180182     
         182         183   1.2457443482464088     
         160         184  0.97239654068401382     
         161         185  0.96752245264240744     
         165         186  0.96758426288180654     
         166         187  0.97239603413053299     
         169         188  0.96353495488807817     
         171         189  0.97239469598252337     
         172         190  0.96726356909186917     
         177         191  0.96744483438657725     
         178         192  0.97239583872411584     
         181         193  0.96353663063244688     
         195         196   1.6483760543151351     
         196         197   1.1803194067176113     
          80         198   1.1747212569019043     
         197         198   1.2539721698848472     
         198         199   1.2538124376371358     
         199         200   1.1803293193157869     
         200         201   1.6483498415647837     
         201         202   1.1729173688088275     
         194         203  0.48886121330162879     
         199         203   1.2863548106557179     
         202         203   1.2456252161126984     
         202         204   1.3559095348174810     
         204         205   1.3559798907233673     
         205         206   1.1729357205927866     
         206         207   1.6483301417907261     
         207         208   1.1803534410154808     
         194         209  0.48894790645588476     
         205         209   1.2455351832850807     
         208         209   1.2864111660475808     
          81         210   1.1748886793664362     
         208         210   1.2537417659777810     
         210         211   1.2538843743981762     
         211         212   1.1803549045602737     
         212         213   1.6483476619865649     
         213         214   1.1729076314889115     
         194         215  0.48890186525869411     
         211         215   1.2863167829997655     
         214         215   1.2456421444960561     
         214         216   1.3559129456660932     
         195         217   1.1728965210505771     
         216         217   1.3559362005033959     
         194         218  0.48891332492678308     
         197         218   1.2863260151743197     
         217         218   1.2456262916904615     
         195         219  0.97239690723235639     
         196         220  0.96744562093460573     
         200         221  0.96726797353777194     
         201         222  0.97239560698186067     
         204         223  0.96352856523066654     
         206         224  0.97239500031238313     
         207         225  0.96721674340627628     
         212         226  0.96731827056313713     
         213         227  0.97239684000281490     
         216         228  0.96353124801360679     
         230         231   1.6483674084368842     
         231         232   1.1803251021817036     
          82         233   1.1748709282285237     
         232         233   1.2536879546805058     
         233         234   1.2539513127905488     
         234         235   1.1803301061714626     
         235         236   1.6483686279529302     
         236         237   1.1728969798476512     
         229         238  0.48895983250396668     
         234         238   1.2862991743324812     
         237         238   1.2456068530853526     
         237         239   1.3559871054173094     
         239         240   1.3558752003222696     
         240         241   1.1728778392790025     
         241         242   1.6484155575995687     
         242         243   1.1802815737100789     
         229         244  0.48891010759751763     
         240         244   1.2457054529465976     
         243         244   1.2862509966637126     
          83         245   1.1744651738460110     
         243         245   1.2540918739742910     
         245         246   1.2539633023370649     
         246         247   1.1803199569196747     
         247         248   1.6483485583657789     
         248         249   1.1729339420635858     
         229         250  0.48888579684149225     
         246         250   1.2862739181569438     
         249         250   1.2456948525918745     
         249         251   1.3558073394503709     
         230         252   1.1729023723269685     
         251         252   1.3560878710635884     
         229         253  0.48889648854173051     
         232         253   1.2864852635358714     
         252         253   1.2454747568669875     
         230         254  0.97239514926505111     
         231         255  0.96731185281538357     
         235         256  0.96722370687408588     
         236         257  0.97239667601115465     
         239         258  0.96353510593544911     
         241         259  0.97239693173448494     
         242         260  0.96747705730013245     
         247         261  0.96741035026553301     
         248         262  0.97239643476283388     
         251         263  0.96353030523990646     
         265         266   1.6485617248944946     
         266         267   1.1801649299179933     
          84         268   1.1743421495506732     
         267         268   1.2540463092471927     
         268         269   1.2541739580287321     
         269         270   1.1801528288967111     
         270         271   1.6485719154330762     
         271         272   1.1727637760642231     
         264         273  0.48896028749862175     
         269         273   1.2863402650966926     
         272         273   1.2455668705646257     
         272         274   1.3562264536632389     
         274         275   1.3556985146678850     
         275         276   1.1727925252830351     
         276         277   1.6486470933416204     
         277         278   1.1800346480012174     
         264         279  0.48897764819989542     
         275         279   1.2459683355219138     
         278         279   1.2858938970398317     
          85         280   1.1727691341152029     
         278         280   1.2548878594517860     
         280         281   1.2548748076556142     
         281         282   1.1800155137290598     
         282         283   1.6486630556040607     
         283         284   1.1727747481782833     
         264         285  0.48888596125229433     
         281         285   1.2859299225160159     
         284         285   1.2459814354272478     
         284         286   1.3557118949614080     
         265         287   1.1727772075384761     
         286         287   1.3562281478004046     
         264         288  0.48899704838518376     
         267         288   1.2863459027792354     
         287         288   1.2455386143147806     
         265         289  0.97239446167306687     
         266         290  0.96740079903407561     
         270         291  0.96747276220931033     
         271         292  0.97239629921349668     
         274         293  0.96355210422893378     
         276         294  0.97239682223912993     
         277         295  0.96805440144461852     
         282         296  0.96805167333080822     
         283         297  0.97239702016236618     
         286         298  0.96355001599168077     
         300         301   1.6490686381911428     
         301         302   1.1797354347074316     
          86         303   1.1724910629839616     
         302         303   1.2551484302133025     
         303         304   1.2550363537743685     
         304         305   1.1797119074019411     
         305         306   1.6490784226696036     
         306         307   1.1724628692722183     
         299         308  0.48907401969544229     
         304         308   1.2860684227235684     
         307         308   1.2457011001137883     
         307         309   1.3565437818281756     
         309         310   1.3554844615196402     
         310         311   1.1724489553553006     
         311         312   1.6492979561798704     
         312         313   1.1794703894257581     
         299         314  0.48904610269095478     
         310         314   1.2465963216886495     
         313         314   1.2850488541890264     
          87         315   1.1689436801106130     
         313         315   1.2567285666180992     
         315         316   1.2569634034647257     
         316         317   1.1794099579405968     
         317         318   1.6493593477996829     
         318         319   1.1724035288724231     
         299         320  0.48897640787693625     
         316         320   1.2850243527502003     
         319         320   1.2466605583063699     
         319         321   1.3554816075929794     
         300         322   1.1724627122117197     
         321         322   1.3565201341447950     
         299         323  0.48920620034215750     
         302         323   1.2859666051192205     
         322         323   1.2457264549360256     
         300         324  0.97239556174923281     
         301         325  0.96803789810712826     
         305         326  0.96804565502154583     
         306         327  0.97239548061225145     
         309         328  0.96358679769223055     
         311         329  0.97239417955742113     
         312         330  0.96872743169659958     
         317         331  0.96875931663434145     
         318         332  0.97239626275744795     
         321         333  0.96359046563282069     
