    0.24465031
   -0.05197469
   -0.05038455
    0.07728512
    0.01697567
    0.07731335
   -0.05034743
   -0.05198002
    0.07563516
   -0.17680438
   -0.04972990
    0.07691676
   -0.05100891
   -0.05114822
    0.07742343
   -0.17473951
   -0.05149544
    0.07742537
   -0.05114998
   -0.05100969
    0.07691533
   -0.17475767
   -0.04971952
    0.07562474
   -0.17675558
    0.03372201
    0.03542913
    0.03545818
    0.03370528
    0.04924346
    0.03430844
    0.03423055
    0.04861046
    0.03422841
    0.03430580
    0.04925092
    0.24464089
   -0.05197190
   -0.05038644
    0.07725910
    0.01696989
    0.07730086
   -0.05035082
   -0.05197724
    0.07565769
   -0.17682602
   -0.04976265
    0.07692144
   -0.05101093
   -0.05114671
    0.07742480
   -0.17475758
   -0.05151212
    0.07742527
   -0.05115015
   -0.05101188
    0.07692117
   -0.17476364
   -0.04975572
    0.07565267
   -0.17678917
    0.03372377
    0.03546531
    0.03549192
    0.03371003
    0.04922836
    0.03430260
    0.03422425
    0.04860013
    0.03422382
    0.03430141
    0.04923605
   -0.02033286
   -0.01002339
   -0.00927357
   -0.02115083
   -0.02048016
   -0.00961862
   -0.00935338
   -0.02074480
   -0.02051149
   -0.00947333
   -0.00936430
   -0.02062299
   -0.02053929
   -0.00940955
   -0.00938066
   -0.02057044
   -0.02057076
   -0.00937992
   -0.00941108
   -0.02053919
   -0.02062472
   -0.00936494
   -0.00947378
   -0.02051033
   -0.02075132
   -0.00935597
   -0.00962548
   -0.02048541
   -0.02111010
   -0.00924056
   -0.01000160
   -0.02028185
    0.24637929
   -0.05180784
   -0.05036786
    0.07746268
    0.01743180
    0.07749106
   -0.05033773
   -0.05181191
    0.07516721
   -0.17684724
   -0.04759581
    0.07511084
   -0.05177006
   -0.05043752
    0.07757187
   -0.17688398
    0.01702216
    0.07757321
   -0.05044361
   -0.05176927
    0.07510458
   -0.17688169
   -0.04758925
    0.07515666
   -0.17682250
    0.03385694
    0.03557070
    0.03560589
    0.03384042
    0.04995739
    0.03384471
    0.03542973
    0.03544218
    0.03384801
    0.04996381
    0.24640982
   -0.05176680
   -0.05037403
    0.07755646
    0.01731889
    0.07754864
   -0.05038960
   -0.05176598
    0.07513240
   -0.17677293
   -0.04749471
    0.07512442
   -0.05174992
   -0.05040806
    0.07758210
   -0.17681517
    0.01716699
    0.07758093
   -0.05040815
   -0.05175194
    0.07512408
   -0.17680874
   -0.04749617
    0.07513624
   -0.17679042
    0.03391335
    0.03555308
    0.03555522
    0.03392185
    0.05006114
    0.03391362
    0.03549393
    0.03549519
    0.03391394
    0.05005870
    0.24640763
   -0.05174959
   -0.05038150
    0.07757080
    0.01728921
    0.07757182
   -0.05037645
   -0.05175133
    0.07513689
   -0.17675865
   -0.04748591
    0.07513664
   -0.05174417
   -0.05038836
    0.07758095
   -0.17679602
    0.01723326
    0.07758071
   -0.05038758
   -0.05174572
    0.07513495
   -0.17677296
   -0.04748406
    0.07514114
   -0.17678398
    0.03394010
    0.03554902
    0.03554809
    0.03394309
    0.05009157
    0.03393838
    0.03552429
    0.03552362
    0.03393890
    0.05009199
    0.24640685
   -0.05174581
   -0.05038018
    0.07758008
    0.01726761
    0.07757556
   -0.05037894
   -0.05174542
    0.07514144
   -0.17677802
   -0.04748339
    0.07513959
   -0.05174684
   -0.05038599
    0.07757587
   -0.17677310
    0.01726771
    0.07757960
   -0.05037316
   -0.05174396
    0.07514120
   -0.17677878
   -0.04748566
    0.07513980
   -0.17677361
    0.03394658
    0.03554025
    0.03553889
    0.03394535
    0.05010100
    0.03394846
    0.03554448
    0.03553520
    0.03394370
    0.05009897
    0.24640854
   -0.05174465
   -0.05038283
    0.07758699
    0.01723167
    0.07757472
   -0.05039239
   -0.05174494
    0.07513612
   -0.17678622
   -0.04748439
    0.07513940
   -0.05175109
   -0.05038178
    0.07757181
   -0.17676622
    0.01728827
    0.07756964
   -0.05037687
   -0.05175004
    0.07514071
   -0.17677866
   -0.04748746
    0.07513658
   -0.17678273
    0.03393816
    0.03552311
    0.03552587
    0.03393928
    0.05009260
    0.03394204
    0.03555095
    0.03554645
    0.03394032
    0.05008963
    0.24641102
   -0.05175066
   -0.05041125
    0.07758262
    0.01716234
    0.07758097
   -0.05040543
   -0.05175082
    0.07512632
   -0.17681425
   -0.04750123
    0.07513984
   -0.05176682
   -0.05037061
    0.07755727
   -0.17679214
    0.01731764
    0.07754652
   -0.05039213
   -0.05176697
    0.07513380
   -0.17677569
   -0.04749454
    0.07512524
   -0.17681455
    0.03391337
    0.03549666
    0.03549310
    0.03391309
    0.05005565
    0.03391236
    0.03555875
    0.03555170
    0.03392173
    0.05006103
    0.24637242
   -0.05176917
   -0.05043671
    0.07757155
    0.01701114
    0.07757738
   -0.05043471
   -0.05176944
    0.07511692
   -0.17689598
   -0.04762218
    0.07518688
   -0.05180336
   -0.05037107
    0.07744714
   -0.17683634
    0.01743384
    0.07747856
   -0.05033418
   -0.05180726
    0.07519957
   -0.17688035
   -0.04762820
    0.07512258
   -0.17688309
    0.03384804
    0.03543240
    0.03544788
    0.03384793
    0.04995644
    0.03386884
    0.03562444
    0.03564346
    0.03384855
    0.04994999
