           2           3   1.6504902077938612     
           3           4   1.1792574716170587     
           4           5   1.2516031741477294     
           5           6   1.2519198249114181     
           6           7   1.1792588724873121     
           7           8   1.6504817103135296     
           8           9   1.1710246262168562     
           1          10  0.48893753605669205     
           6          10   1.2861324279498574     
           9          10   1.2467853671764986     
           9          11   1.3576918506847240     
          11          12   1.3538292706514476     
          12          13   1.1628162034792944     
          13          14   1.6655915614831973     
          14          15   1.1620687331950166     
           1          16  0.49142292978868374     
          12          16   1.2609561953569401     
          15          16   1.2631955340911944     
          15          17   1.3540866934515861     
          17          18   1.3540643266965564     
          18          19   1.1620608008761009     
          19          20   1.6655906738772392     
          20          21   1.1628185884563351     
           1          22  0.49133846791881219     
          18          22   1.2632265930199613     
          21          22   1.2609771949278610     
          21          23   1.3538057379997657     
           2          24   1.1710407087314385     
          23          24   1.3577451395824915     
           1          25  0.48894752466313041     
           4          25   1.2862375655468539     
          24          25   1.2466909511702249     
           2          26  0.97242314764053306     
           3          27  0.97097191058029886     
           7          28  0.97097575733418773     
           8          29  0.97242654248123828     
          11          30  0.96390826833888255     
          13          31  0.97233591289094856     
          14          32  0.97235610946424822     
          17          33  0.96423611829579869     
          19          34  0.97235695218579954     
          20          35  0.97233593110201011     
          23          36  0.96390517399040909     
          38          39   1.6506359437560834     
          39          40   1.1791386372387682     
          40          41   1.2520975986295011     
          41          42   1.2523957256992837     
          42          43   1.1791318973605365     
          43          44   1.6506169674027169     
          44          45   1.1709714076665083     
          37          46  0.48897010052447254     
          42          46   1.2858860921665931     
          45          46   1.2469188303771592     
          45          47   1.3576259810562543     
          47          48   1.3539109643185558     
          48          49   1.1627814525567401     
          49          50   1.6656384700636444     
          50          51   1.1620440887414536     
          37          52  0.49143170792648116     
          48          52   1.2609481841756365     
          51          52   1.2631974899598108     
          51          53   1.3541095564659582     
          53          54   1.3540982134348500     
          54          55   1.1620457990723976     
          55          56   1.6656289878466384     
          56          57   1.1627898497030709     
          37          58  0.49139378645137305     
          54          58   1.2632081740035881     
          57          58   1.2609606980545953     
          57          59   1.3538948381876330     
          38          60   1.1709635914271004     
          59          60   1.3576515189967038     
          37          61  0.48894238338420909     
          40          61   1.2859469080101751     
          60          61   1.2468897175326541     
          38          62  0.97242185936915038     
          39          63  0.97096348697386647     
          43          64  0.97096385437800958     
          44          65  0.97242533280998944     
          47          66  0.96390923790522554     
          49          67  0.97233616453184912     
          50          68  0.97235612000433791     
          53          69  0.96423568683212635     
          55          70  0.97235658602643760     
          56          71  0.97233618484996442     
          59          72  0.96390756946629863     
           5          73   1.1845615858883163     
          73          74   2.4701060303336124     
          74          75   1.3051354489004672     
          73          76  0.20286325335560645     
          75          76   2.4685214230654187     
          77          78   2.4658464614930979     
          78          79   1.3073702245516301     
          77          80  0.20244551197901761     
          79          80   2.4657640594935151     
          81          82   2.4657883443010080     
          82          83   1.3073412083502374     
          81          84  0.20238076392969170     
          83          84   2.4657874924680367     
          85          86   2.4658661826172352     
          86          87   1.3072717341034537     
          85          88  0.20235910186929806     
          87          88   2.4658604178611911     
          89          90   2.4658662696508067     
          90          91   1.3072683514726884     
          89          92  0.20235802395689254     
          91          92   2.4658667767151679     
          93          94   2.4657874440725522     
          94          95   1.3073470058060497     
          93          96  0.20238858838823903     
          95          96   2.4657958535588116     
          97          98   2.4658238110894004     
          98          99   1.3073248186274224     
          97         100  0.20245671742199861     
          99         100   2.4659400381792573     
         101         102   2.4694160385816195     
         102         103   1.3041592961980522     
          41         104   1.1835372871847365     
         101         104  0.20264931842707568     
         103         104   2.4709989846595128     
         106         107   1.6479183785996716     
         107         108   1.1809271211897125     
          76         109   1.1868253362103205     
         108         109   1.2493435980555825     
         109         110   1.2495991325849869     
         110         111   1.1809163698435818     
         111         112   1.6479122486363647     
         112         113   1.1732536558514899     
         105         114  0.48877109170992716     
         110         114   1.2872019362112681     
         113         114   1.2450629640939626     
         113         115   1.3557077992654905     
         115         116   1.3567527594574029     
         116         117   1.1730742006967205     
         117         118   1.6480648112205203     
         118         119   1.1808304505133231     
         105         120  0.48879615638596158     
         116         120   1.2443648775568397     
         119         120   1.2878481779654372     
          77         121   1.1881405667271419     
         119         121   1.2487343578865944     
         121         122   1.2487095913043236     
         122         123   1.1808330385286812     
         123         124   1.6480460299823607     
         124         125   1.1731013588253281     
         105         126  0.48881865221210513     
         122         126   1.2878730416562951     
         125         126   1.2443190280585961     
         125         127   1.3567664999926443     
         106         128   1.1732560216538552     
         127         128   1.3557252363700363     
         105         129  0.48874806469443621     
         108         129   1.2872499813426712     
         128         129   1.2450287456681561     
         106         130  0.97241269899095173     
         107         131  0.97097930333474325     
         111         132  0.97097537065500161     
         112         133  0.97241390917686887     
         115         134  0.96357082063542288     
         117         135  0.97241185458093238     
         118         136  0.97098880038141699     
         123         137  0.97098777741671372     
         124         138  0.97241173904971778     
         127         139  0.96356630633400642     
         141         142   1.6477699987961787     
         142         143   1.1810564301794717     
          80         144   1.1883038524092879     
         143         144   1.2487187835140943     
         144         145   1.2486090109310370     
         145         146   1.1810507944665964     
         146         147   1.6477727963126911     
         147         148   1.1732991092730307     
         140         149  0.48874364126071146     
         145         149   1.2877134495793787     
         148         149   1.2446534112162251     
         148         150   1.3560645998538030     
         150         151   1.3564075504164845     
         151         152   1.1731951718202844     
         152         153   1.6478999178708764     
         153         154   1.1809557159746167     
         140         155  0.48872334244697613     
         151         155   1.2444894659602284     
         154         155   1.2878046491772963     
          81         156   1.1882439291276730     
         154         156   1.2486489426244232     
         156         157   1.2486136470167155     
         157         158   1.1809610469730920     
         158         159   1.6478935406153543     
         159         160   1.1732062197794582     
         140         161  0.48875122873214139     
         157         161   1.2878299553194086     
         160         161   1.2444616378171443     
         160         162   1.3564238488771243     
         141         163   1.1732884332925706     
         162         163   1.3560341522340114     
         140         164  0.48872184247360251     
         143         164   1.2876666905102381     
         163         164   1.2447062341433768     
         141         165  0.97241036336484110     
         142         166  0.97098448558063954     
         146         167  0.97098156972303107     
         147         168  0.97240993584806978     
         150         169  0.96355132434708812     
         152         170  0.97240784815533543     
         153         171  0.97098851841925038     
         158         172  0.97098598779601419     
         159         173  0.97240854481840200     
         162         174  0.96355295238471927     
         176         177   1.6478327279454050     
         177         178   1.1810256155906231     
          84         179   1.1882704050936324     
         178         179   1.2486292419538945     
         179         180   1.2486735323674416     
         180         181   1.1810340769014540     
         181         182   1.6478160649175497     
         182         183   1.1732505340755968     
         175         184  0.48877173671817564     
         180         184   1.2877020593038950     
         183         184   1.2446362231583907     
         183         185   1.3561495011845621     
         185         186   1.3562898546194329     
         186         187   1.1731973517635048     
         187         188   1.6478834851832276     
         188         189   1.1809875227901439     
         175         190  0.48869415085852635     
         186         190   1.2445828384331588     
         189         190   1.2877585141334826     
          85         191   1.1882110729284054     
         189         191   1.2486508588552505     
         191         192   1.2486557252689128     
         192         193   1.1810007691715767     
         193         194   1.6478597216358613     
         194         195   1.1732224379965968     
         175         196  0.48875343217791145     
         192         196   1.2877536942327210     
         195         196   1.2445637565890377     
         195         197   1.3562781883098605     
         176         198   1.1732327723701419     
         197         198   1.3561577567079544     
         175         199  0.48868084746470319     
         178         199   1.2877292718625188     
         198         199   1.2446555757535189     
         176         200  0.97240782933326031     
         177         201  0.97098411550263375     
         181         202  0.97098485280394076     
         182         203  0.97240807176757038     
         185         204  0.96354645069087641     
         187         205  0.97240719749168425     
         188         206  0.97098627250496139     
         193         207  0.97098614870190658     
         194         208  0.97240668441102340     
         197         209  0.96354674993298062     
         211         212   1.6478475552056744     
         212         213   1.1810198685738225     
          88         214   1.1882222334372257     
         213         214   1.2486482775112604     
         214         215   1.2486701757424254     
         215         216   1.1810220405340210     
         216         217   1.6478465565765132     
         217         218   1.1732239839893173     
         210         219  0.48871894814696681     
         215         219   1.2877053735597168     
         218         219   1.2446353108077235     
         218         220   1.3562025775017952     
         220         221   1.3562265250770464     
         221         222   1.1732243654788861     
         222         223   1.6478478286798723     
         223         224   1.1810207174659739     
         210         225  0.48871994276173270     
         221         225   1.2446062648304073     
         224         225   1.2877431525062208     
          89         226   1.1882207120406316     
         224         226   1.2486063985632272     
         226         227   1.2487139536217673     
         227         228   1.1810204212662729     
         228         229   1.6478474696418730     
         229         230   1.1732227490937626     
         210         231  0.48873176871156349     
         227         231   1.2876943781923202     
         230         231   1.2446378489266432     
         230         232   1.3562010720961659     
         211         233   1.1732234277150937     
         232         233   1.3562243122393320     
         210         234  0.48873444970476460     
         213         234   1.2877292851314550     
         233         234   1.2446100921579242     
         211         235  0.97240742597870977     
         212         236  0.97098400192718393     
         216         237  0.97098680976942253     
         217         238  0.97240684450061876     
         220         239  0.96354483303097171     
         222         240  0.97240742262671132     
         223         241  0.97098308557140556     
         228         242  0.97098753629570744     
         229         243  0.97240691453424677     
         232         244  0.96354527080130226     
         246         247   1.6478830055693281     
         247         248   1.1809821792367350     
          92         249   1.1882107182966268     
         248         249   1.2486957255076365     
         249         250   1.2486114414685554     
         250         251   1.1809956551855132     
         251         252   1.6478725843221471     
         252         253   1.1732142479383916     
         245         254  0.48871051233155233     
         250         254   1.2877696560064074     
         253         254   1.2445671108592558     
         253         255   1.3562917004722297     
         255         256   1.3561501747175713     
         256         257   1.1732460306748727     
         257         258   1.6478193634312008     
         258         259   1.1810322434167915     
         245         260  0.48873438986102324     
         256         260   1.2446448131077568     
         259         260   1.2877156695755969     
          93         261   1.1882683288234031     
         259         261   1.2486364884591541     
         261         262   1.2486681732675380     
         262         263   1.1810294211631667     
         263         264   1.6478242053896524     
         264         265   1.1732420869557076     
         245         266  0.48872200755930278     
         262         266   1.2877072372022575     
         265         266   1.2446539079267809     
         265         267   1.3561505123678532     
         246         268   1.1732017213291723     
         267         268   1.3562871591183332     
         245         269  0.48873879663477571     
         248         269   1.2877448154534472     
         268         269   1.2445782962270187     
         246         270  0.97240717031903978     
         247         271  0.97098326262877621     
         251         272  0.97098866569625852     
         252         273  0.97240658804724012     
         255         274  0.96354640836408834     
         257         275  0.97240781144096766     
         258         276  0.97098236133050675     
         263         277  0.97098685866526402     
         264         278  0.97240809195755074     
         267         279  0.96354718831336139     
         281         282   1.6478978024128037     
         282         283   1.1809558456331464     
          96         284   1.1882359047663142     
         283         284   1.2486141554355910     
         284         285   1.2486572441660821     
         285         286   1.1809509329382255     
         286         287   1.6479046056846740     
         287         288   1.1731964845333998     
         280         289  0.48875311646875430     
         285         289   1.2878090828358559     
         288         289   1.2444746651426339     
         288         290   1.3564232104923239     
         290         291   1.3560362417453904     
         291         292   1.1732764184156625     
         292         293   1.6477857708532058     
         293         294   1.1810425873533550     
         280         295  0.48873525239443111     
         291         295   1.2447157556201343     
         294         295   1.2876494692106475     
          97         296   1.1882744074974205     
         294         296   1.2487642528871943     
         296         297   1.2485976659281515     
         297         298   1.1810517615427911     
         298         299   1.6477724835799141     
         299         300   1.1733017990984116     
         280         301  0.48872920770230349     
         297         301   1.2877152634094706     
         300         301   1.2446596853721181     
         300         302   1.3560575331835811     
         281         303   1.1732007110568947     
         302         303   1.3564195652005122     
         280         304  0.48872463614361927     
         283         304   1.2878257208898869     
         303         304   1.2444730347153961     
         281         305  0.97240778754455881     
         282         306  0.97098616320322251     
         286         307  0.97098846838023745     
         287         308  0.97240847519149165     
         290         309  0.96355331911024356     
         292         310  0.97241032367202507     
         293         311  0.97098333365991407     
         298         312  0.97098310644245533     
         299         313  0.97241003717913632     
         302         314  0.96355114072844605     
         316         317   1.6481206054070718     
         317         318   1.1807928428158585     
         100         319   1.1880681494239143     
         318         319   1.2487415841605791     
         319         320   1.2488220678820818     
         320         321   1.1807946999030012     
         321         322   1.6481045941291299     
         322         323   1.1730509944579570     
         315         324  0.48883172107851031     
         320         324   1.2878258090092596     
         323         324   1.2443499017949857     
         323         325   1.3568163256814665     
         325         326   1.3556736852792992     
         326         327   1.1731838001623287     
         327         328   1.6480670417510268     
         328         329   1.1807913760391213     
         315         330  0.48878281042198346     
         326         330   1.2451598301054934     
         329         330   1.2870142519134304     
         101         331   1.1858088603246975     
         329         331   1.2497907463225433     
         331         332   1.2501148139046490     
         332         333   1.1807976558766182     
         333         334   1.6480460898974876     
         334         335   1.1731832482261542     
         315         336  0.48876185671491140     
         332         336   1.2869105763479489     
         335         336   1.2452511963601678     
         335         337   1.3556109018544793     
         316         338   1.1730359641898251     
         337         338   1.3568448304886176     
         315         339  0.48884021600809990     
         318         339   1.2878531197582463     
         338         339   1.2443394182366376     
         316         340  0.97241101690361909     
         317         341  0.97098505319243322     
         321         342  0.97099155875215803     
         322         343  0.97241193948744320     
         325         344  0.96356798559475565     
         327         345  0.97241088694010580     
         328         346  0.97096449268925000     
         333         347  0.97096981231144575     
         334         348  0.97241297839004148     
         337         349  0.96357176231998876     
