   -0.05479657
   -0.05330023
    0.08680514
    0.01176354
    0.06419545
   -0.04962831
   -0.05185471
    0.06440083
   -0.08140588
   -0.05506897
    0.08683734
   -0.05375933
   -0.05378306
    0.08638688
   -0.32089903
   -0.05675223
    0.06490300
   -0.05110222
   -0.05092573
    0.06569672
   -0.08102752
   -0.05491147
    0.08543722
   -0.32446025
    0.01857182
    0.02034610
    0.04330770
    0.04126750
    0.21409019
    0.04690652
    0.01941623
    0.01945993
    0.04610615
    0.04187701
    0.04180846
    0.21453731
    0.04704721
   -0.05480170
   -0.05282010
    0.08714217
    0.01189275
    0.06383990
   -0.04997510
   -0.05179128
    0.06426688
   -0.08087303
   -0.05489394
    0.08675393
   -0.05376176
   -0.05380838
    0.08641404
   -0.32092081
   -0.05677966
    0.06492469
   -0.05108732
   -0.05090284
    0.06573012
   -0.08103848
   -0.05499329
    0.08557215
   -0.32498464
    0.01837735
    0.02083952
    0.04303635
    0.04149064
    0.21416194
    0.04700749
    0.01941234
    0.01943897
    0.04607162
    0.04184403
    0.04178646
    0.21431992
    0.04690736
   -0.02204266
   -0.01126360
   -0.01070895
   -0.02254532
   -0.02270371
   -0.01057528
   -0.01138663
   -0.02191415
   -0.05458913
   -0.05265144
    0.08691398
    0.01213987
    0.06325380
   -0.05034574
   -0.05183841
    0.06399906
   -0.08117636
   -0.05271640
    0.08508226
   -0.05460695
   -0.05328333
    0.08655507
   -0.32366326
    0.01194046
    0.06367015
   -0.04986164
   -0.05189433
    0.06419844
   -0.08189772
   -0.05298372
    0.08532013
   -0.32420102
    0.01844244
    0.02075041
    0.04277542
    0.04129623
    0.21469357
    0.04778481
    0.01870078
    0.02033297
    0.04293046
    0.04097529
    0.21431715
    0.04748598
