           1           2   1.7162751415052793     
           2           3   1.1217786676722259     
           3           4   1.2409174137512573     
           4           5   1.2500708077114713     
           5           6   1.2371515882700923     
           6           7   1.5925405116087235     
           7           8   1.2237107300942778     
           5           9   1.2253574094684929     
           8           9   1.2024971425419491     
           8          10   1.3443352630574756     
          10          11   1.3569790632745296     
          11          12   1.1067130920847605     
          12          13   1.7308918823481632     
          13          14   1.1090408026351368     
          11          15   1.3243436013859904     
          14          15   1.3247331851641460     
          14          16   1.3541006858046352     
          16          17   1.3461616624541397     
          17          18   1.2160219247605586     
          18          19   1.6077406246781287     
          19          20   1.2153667925459657     
          17          21   1.2098156756105360     
          20          21   1.2114642697581564     
          20          22   1.3414193099320724     
           1          23   1.1152180519452459     
          22          23   1.3673238035334701     
           3          24   1.3630127872446360     
          23          24   1.2977909127884490     
           1          25  0.97276840102332418     
           2          26  0.97152561012453331     
           6          27  0.97191583626663491     
           7          28  0.97293620677367210     
           9          29  0.89976906918240362     
          10          30  0.96369107113132713     
          12          31  0.97274219016160357     
          13          32  0.97279114918544474     
          16          33  0.96476897385219096     
          18          34  0.97290712906455934     
          19          35  0.97282939184405937     
          21          36  0.89997067279391785     
          22          37  0.96348761664413596     
          38          39   1.7163425936415315     
          39          40   1.1217502694752537     
          40          41   1.2453974521084099     
          41          42   1.2458984784599787     
          42          43   1.2377272970427764     
          43          44   1.5920920483967917     
          44          45   1.2242412721866545     
          42          46   1.2264111030972706     
          45          46   1.2017904856733881     
          45          47   1.3441753822809073     
          47          48   1.3574294897309118     
          48          49   1.1069197312396535     
          49          50   1.7307325772272288     
          50          51   1.1090492149922309     
          48          52   1.3237165218936495     
          51          52   1.3253895971203162     
          51          53   1.3534339687992389     
          53          54   1.3467747901797342     
          54          55   1.2157072715357726     
          55          56   1.6082285484176060     
          56          57   1.2149789025738760     
          54          58   1.2095980256260104     
          57          58   1.2112738512545422     
          57          59   1.3420791110532810     
          38          60   1.1148583233393869     
          59          60   1.3662351650121503     
          40          61   1.3612163789150387     
          60          61   1.2995480785619682     
          38          62  0.97280694763826925     
          39          63  0.97156259684585189     
          43          64  0.97184961831867467     
          44          65  0.97290742592951862     
          46          66  0.89978644682394537     
          47          67  0.96365939903463738     
          49          68  0.97274586986968292     
          50          69  0.97280246628105904     
          53          70  0.96476254409129358     
          55          71  0.97289723375789994     
          56          72  0.97282891429330276     
          58          73  0.90015885237422599     
          59          74  0.96353584372695711     
           4          75   1.1919199174945185     
          75          76   2.4606107793417662     
          76          77   1.3107509855369974     
          75          78  0.20181003217791835     
          77          78   2.4588152734726005     
          79          80   2.4580166084284367     
          80          81   1.3109820078392778     
          41          82   1.1916654817425911     
          79          82  0.20182655251213399     
          81          82   2.4609216239141012     
          83          84   1.7155298441840756     
          84          85   1.1236886846786875     
          78          86   1.1951633239673862     
          85          86   1.2444109026282901     
          86          87   1.2410027095696559     
          87          88   1.2417696485781951     
          88          89   1.5870561858629391     
          89          90   1.2281622016473288     
          87          91   1.2272852849127505     
          90          91   1.2030371031617533     
          90          92   1.3353909270705240     
          92          93   1.3721686201053631     
          93          94   1.1153993685662416     
          94          95   1.7152357103475826     
          95          96   1.1237315723730914     
          93          97   1.2936949516871894     
          96          97   1.3639624165704127     
          79          98   1.1959802997872444     
          96          98   1.2381781085497572     
          98          99   1.2463724482950569     
          99         100   1.2410609056680235     
         100         101   1.5878205238401879     
         101         102   1.2272598524754819     
          99         103   1.2256648474017067     
         102         103   1.2038166922622633     
         102         104   1.3360528137998375     
          83         105   1.1146837786841399     
         104         105   1.3704426061937922     
          85         106   1.3610322286988568     
         105         106   1.2965678083214323     
          83         107  0.97279196447139205     
          84         108  0.97170311507809615     
          88         109  0.97201707187241082     
          89         110  0.97290553423891835     
          91         111  0.89702738985400199     
          92         112  0.96292820154159486     
          94         113  0.97274951950360955     
          95         114  0.97163144028000215     
         100         115  0.97211483493504325     
         101         116  0.97294328600918201     
         103         117  0.89716372347258178     
         104         118  0.96302299785303092     
