   -0.29196126
   -0.05211302
   -0.05057070
    0.07367042
    0.02513036
    0.07368234
   -0.05055592
   -0.05211090
    0.07315726
   -0.04785003
   -0.04136033
    0.07432425
   -0.05120159
   -0.05126651
    0.07462290
   -0.04687283
   -0.04309668
    0.07462026
   -0.05126262
   -0.05120207
    0.07432716
   -0.04686007
   -0.04136672
    0.07316463
   -0.04783466
    0.03539021
    0.03743889
    0.03744462
    0.03538610
    0.04921669
    0.03589242
    0.03580840
    0.04858836
    0.03580962
    0.03589356
    0.04922070
   -0.29198632
   -0.05210971
   -0.05055758
    0.07367766
    0.02512294
    0.07367021
   -0.05057528
   -0.05210938
    0.07315573
   -0.04779361
   -0.04137843
    0.07432029
   -0.05120308
   -0.05126587
    0.07461883
   -0.04683663
   -0.04310196
    0.07461990
   -0.05126645
   -0.05120553
    0.07432836
   -0.04686834
   -0.04138080
    0.07317065
   -0.04792713
    0.03539027
    0.03742195
    0.03744635
    0.03539231
    0.04921629
    0.03589352
    0.03580656
    0.04858299
    0.03580450
    0.03588759
    0.04920906
   -0.01966914
   -0.00950641
   -0.00143660
   -0.00211400
   -0.00888133
   -0.02043065
   -0.01997614
   -0.00909189
   -0.00166947
   -0.00167253
   -0.00909460
   -0.01998358
   -0.02038905
   -0.00887210
   -0.00208413
   -0.00141227
   -0.00949627
   -0.01962639
   -0.28599315
   -0.05194022
   -0.05048809
    0.07399532
    0.02539591
    0.07400855
   -0.05044973
   -0.05194346
    0.07305462
   -0.04962349
   -0.03933670
    0.07301952
   -0.05189919
   -0.05053289
    0.07412241
   -0.04981455
    0.02514697
    0.07410899
   -0.05054684
   -0.05189590
    0.07300972
   -0.04981616
   -0.03932507
    0.07304222
   -0.04956994
    0.03550302
    0.03752822
    0.03752826
    0.03549814
    0.04988841
    0.03549456
    0.03744388
    0.03744307
    0.03550055
    0.04989706
   -0.28602356
   -0.05189834
   -0.05054090
    0.07411578
    0.02514436
    0.07411474
   -0.05053737
   -0.05189272
    0.07301498
   -0.04982501
   -0.03934241
    0.07304987
   -0.05193626
   -0.05048410
    0.07399744
   -0.04956680
    0.02540320
    0.07400980
   -0.05044384
   -0.05193688
    0.07305815
   -0.04962461
   -0.03934537
    0.07301772
   -0.04979740
    0.03550504
    0.03745142
    0.03744040
    0.03549623
    0.04989458
    0.03551806
    0.03753666
    0.03751923
    0.03549706
    0.04989030
