           2           3   1.6452895239973007     
           3           4   1.1787270082968686     
           4           5   1.2512931870459891     
           5           6   1.2513280621407243     
           6           7   1.1786983006256007     
           7           8   1.6453101449148289     
           8           9   1.1697986246564576     
           1          10  0.75284334763970517     
           6          10   1.2618658046799429     
           9          10   1.2266154455696208     
           9          11   1.3554371648847146     
          11          12   1.3532565671358907     
          12          13   1.1611912234724426     
          13          14   1.6610842220454987     
          14          15   1.1605296700075123     
           1          16  0.75093198684799289     
          12          16   1.2394758240695118     
          15          16   1.2423171614941251     
          15          17   1.3529572435719379     
          17          18   1.3530604163048405     
          18          19   1.1604892949382437     
          19          20   1.6611342936704050     
          20          21   1.1611544038594481     
           1          22  0.75097193931149986     
          18          22   1.2422507909036888     
          21          22   1.2394993151090841     
          21          23   1.3532828062688314     
           2          24   1.1698057622229363     
          23          24   1.3554083868691298     
           1          25  0.75287026668497758     
           4          25   1.2618145594058920     
          24          25   1.2266339436543883     
           2          26  0.97178672637115138     
           3          27  0.96993320905816949     
           7          28  0.96993679396735966     
           8          29  0.97178490606674806     
          11          30  0.96375529054217857     
          13          31  0.97168041085010892     
          14          32  0.97170802759676178     
          17          33  0.96407904927694421     
          19          34  0.97170576737206249     
          20          35  0.97167979230612234     
          23          36  0.96375526585315341     
          38          39   1.6453824738142511     
          39          40   1.1786410438688399     
          40          41   1.2515444986775113     
          41          42   1.2514457537465917     
          42          43   1.1786418419741036     
          43          44   1.6453549274081665     
          44          45   1.1697965862109787     
          37          46  0.75299983073021926     
          42          46   1.2617524753724294     
          45          46   1.2265782511156944     
          45          47   1.3554591798161399     
          47          48   1.3532608218023459     
          48          49   1.1612023604464921     
          49          50   1.6610816157294719     
          50          51   1.1605254404696750     
          37          52  0.75105697344354139     
          48          52   1.2394801347797693     
          51          52   1.2422369546558223     
          51          53   1.3530345256294234     
          53          54   1.3530135109038897     
          54          55   1.1605042101471517     
          55          56   1.6611335801971681     
          56          57   1.1611476389011914     
          37          58  0.75096328257080402     
          54          58   1.2422758365495465     
          57          58   1.2394938367748027     
          57          59   1.3533009152246693     
          38          60   1.1697486463019118     
          59          60   1.3554041210408339     
          37          61  0.75267733586239771     
          40          61   1.2617877019840373     
          60          61   1.2267501434853654     
          38          62  0.97178903440922970     
          39          63  0.96993517684405461     
          43          64  0.96992543172710899     
          44          65  0.97178253901447142     
          47          66  0.96375618120366568     
          49          67  0.97168107280481553     
          50          68  0.97170564773184309     
          53          69  0.96407737262687698     
          55          70  0.97170681131316305     
          56          71  0.97168025480643305     
          59          72  0.96375819788896155     
           5          73   1.1829046237299119     
          73          74   2.4476109126623808     
          74          75   1.3294602658514387     
          73          76  0.19344048977533640     
          75          76   2.3609371350858162     
          76          77   1.3302273051816316     
          75          78  0.19321240046649424     
          77          78   2.4450950770877862     
          79          80   2.4433694387513789     
          80          81   1.3316981458566182     
          79          82  0.19301358027459981     
          81          82   2.3581412242727828     
          82          83   1.3316920515040909     
          81          84  0.19301486940687668     
          83          84   2.4433877096280501     
          85          86   2.4454086340581962     
          86          87   1.3298868788810485     
          85          88  0.19316838988984619     
          87          88   2.3612451917378774     
          88          89   1.3291329448687315     
          41          90   1.1825262003211701     
          87          90  0.19339966454327534     
          89          90   2.4479256847670081     
          92          93   1.6435971942941781     
          93          94   1.1795677336358847     
          78          95   1.1855846393313880     
          94          95   1.2486194621795599     
          95          96   1.2489322173444806     
          96          97   1.1795916967070381     
          97          98   1.6435886535272572     
          98          99   1.1711973171048611     
          91         100  0.74899993974108570     
          96         100   1.2642489018667695     
          99         100   1.2253961083821874     
          99         101   1.3540825936543510     
         101         102   1.3548523644504566     
         102         103   1.1710657795015509     
         103         104   1.6438086462336234     
         104         105   1.1793515687247156     
          91         106  0.74859526860961723     
         102         106   1.2249430233618988     
         105         106   1.2649061330584705     
          79         107   1.1863452382696780     
         105         107   1.2484298757097521     
         107         108   1.2482872366602795     
         108         109   1.1793635296324838     
         109         110   1.6437946230974065     
         110         111   1.1710846087819051     
          91         112  0.74852854503442301     
         108         112   1.2649699797160698     
         111         112   1.2249384048150875     
         111         113   1.3548349984747394     
          92         114   1.1712280597318845     
         113         114   1.3541360760799821     
          91         115  0.74902037647514808     
          94         115   1.2643916538811828     
         114         115   1.2252768967383560     
          92         116  0.97176505666087665     
          93         117  0.96993655430316128     
          97         118  0.96994755907064867     
          98         119  0.97177036557034968     
         101         120  0.96344803802676060     
         103         121  0.97177127413922260     
         104         122  0.96994660896175178     
         109         123  0.96994860234094005     
         110         124  0.97177084611339515     
         113         125  0.96344514803844961     
         127         128   1.6437867745492807     
         128         129   1.1793774362127230     
          84         130   1.1863227713582278     
         129         130   1.2483681762837242     
         130         131   1.2483888244197723     
         131         132   1.1793184558306626     
         132         133   1.6438441748811767     
         133         134   1.1710534240559103     
         126         135  0.74850462066668688     
         131         135   1.2649378342690882     
         134         135   1.2249958196716579     
         134         136   1.3548072279253118     
         136         137   1.3541805236437978     
         137         138   1.1711595616034434     
         138         139   1.6437317263518976     
         139         140   1.1794389142919324     
         126         141  0.74905152133926778     
         137         141   1.2252930487753255     
         140         141   1.2642978011454737     
          85         142   1.1852035102298923     
         140         142   1.2488672879256788     
         142         143   1.2490546691459721     
         143         144   1.1795795415050669     
         144         145   1.6435985572346163     
         145         146   1.1712046933676743     
         126         147  0.74902339022784192     
         143         147   1.2641488407847024     
         146         147   1.2254275691789551     
         146         148   1.3540431356920828     
         127         149   1.1710884372433203     
         148         149   1.3548948085280366     
         126         150  0.74867103812093438     
         129         150   1.2648832298190651     
         149         150   1.2248868825061350     
         127         151  0.97177194106007814     
         128         152  0.96994687651722444     
         132         153  0.96994808661786958     
         133         154  0.97177083503051176     
         136         155  0.96344654378489381     
         138         156  0.97176517072462876     
         139         157  0.96993495294899579     
         144         158  0.96994204293244346     
         145         159  0.97176846914997572     
         148         160  0.96344854222388099     
