    0.24432461
   -0.05206029
   -0.05048238
    0.07666807
    0.01817234
    0.07665633
   -0.05050236
   -0.05206157
    0.07569401
   -0.17637768
   -0.05006259
    0.07684225
   -0.05106277
   -0.05120749
    0.07737401
   -0.17473841
   -0.05173118
    0.07736930
   -0.05121206
   -0.05106302
    0.07683507
   -0.17469925
   -0.05005897
    0.07569151
   -0.17641051
    0.03379590
    0.03491814
    0.03495216
    0.03379843
    0.04911751
    0.03419649
    0.03412977
    0.04847371
    0.03413350
    0.03420188
    0.04911689
    0.24435026
   -0.05209684
   -0.05055264
    0.07669019
    0.01820928
    0.07670241
   -0.05051819
   -0.05208874
    0.07565431
   -0.17638651
   -0.05001365
    0.07682591
   -0.05106139
   -0.05120939
    0.07738299
   -0.17468946
   -0.05170252
    0.07738762
   -0.05120482
   -0.05106370
    0.07683423
   -0.17472913
   -0.05001704
    0.07565012
   -0.17634583
    0.03379001
    0.03495987
    0.03493124
    0.03378324
    0.04914412
    0.03421031
    0.03414466
    0.04848914
    0.03414156
    0.03420686
    0.04914556
   -0.02836759
   -0.02914912
   -0.02858975
   -0.02888633
   -0.02864476
   -0.02876008
   -0.02870228
   -0.02870897
   -0.02875297
   -0.02865568
   -0.02887097
   -0.02859438
   -0.02918750
   -0.02841571
    0.24583771
   -0.05189473
   -0.05043500
    0.07685411
    0.01858873
    0.07685930
   -0.05044432
   -0.05189004
    0.07525358
   -0.17631750
   -0.04814840
    0.07512552
   -0.05192072
   -0.05059843
    0.07700927
   -0.17635831
    0.01817763
    0.07697697
   -0.05067611
   -0.05192116
    0.07512717
   -0.17632734
   -0.04815094
    0.07525972
   -0.17632774
    0.03399338
    0.03521496
    0.03525055
    0.03398856
    0.04987687
    0.03393844
    0.03495197
    0.03503864
    0.03395475
    0.04988636
    0.24602104
   -0.05192981
   -0.05057270
    0.07698028
    0.01849061
    0.07696960
   -0.05056823
   -0.05192288
    0.07512210
   -0.17629748
   -0.04794675
    0.07508979
   -0.05192970
   -0.05064529
    0.07702644
   -0.17632304
    0.01833104
    0.07701789
   -0.05062486
   -0.05192003
    0.07509514
   -0.17632405
   -0.04795038
    0.07512076
   -0.17631431
    0.03399762
    0.03507665
    0.03506495
    0.03400593
    0.04999288
    0.03399009
    0.03502671
    0.03500683
    0.03399374
    0.04998947
    0.24607694
   -0.05192415
   -0.05057466
    0.07702361
    0.01846112
    0.07700985
   -0.05064216
   -0.05192769
    0.07509011
   -0.17628231
   -0.04787380
    0.07507447
   -0.05193710
   -0.05064935
    0.07703170
   -0.17630345
    0.01841756
    0.07704306
   -0.05063540
   -0.05193892
    0.07507351
   -0.17629925
   -0.04788616
    0.07509781
   -0.17631058
    0.03401451
    0.03503590
    0.03509772
    0.03402614
    0.05004542
    0.03401739
    0.03502907
    0.03502701
    0.03400894
    0.05003427
    0.24609631
   -0.05193908
   -0.05066659
    0.07702183
    0.01842593
    0.07704213
   -0.05061250
   -0.05193995
    0.07507724
   -0.17632388
   -0.04787466
    0.07508902
   -0.05192454
   -0.05061290
    0.07702639
   -0.17629201
    0.01844995
    0.07702850
   -0.05062210
   -0.05192742
    0.07509046
   -0.17631494
   -0.04787421
    0.07507439
   -0.17628780
    0.03401990
    0.03505401
    0.03498700
    0.03400798
    0.05004074
    0.03402355
    0.03505277
    0.03507137
    0.03402028
    0.05004529
    0.24605006
   -0.05192457
   -0.05065512
    0.07703089
    0.01834791
    0.07703221
   -0.05062715
   -0.05192863
    0.07508320
   -0.17632859
   -0.04791879
    0.07509505
   -0.05194590
   -0.05057680
    0.07699110
   -0.17629727
    0.01850804
    0.07698718
   -0.05059767
   -0.05194562
    0.07509895
   -0.17630006
   -0.04792114
    0.07507943
   -0.17632708
    0.03399459
    0.03502975
    0.03500021
    0.03399353
    0.05000582
    0.03399655
    0.03502787
    0.03507554
    0.03399504
    0.05000933
    0.24590571
   -0.05194231
   -0.05066429
    0.07700050
    0.01822385
    0.07700679
   -0.05062910
   -0.05195037
    0.07509610
   -0.17633641
   -0.04810163
    0.07520238
   -0.05192814
   -0.05048383
    0.07689401
   -0.17633459
    0.01861064
    0.07689246
   -0.05047893
   -0.05192555
    0.07519414
   -0.17633052
   -0.04808090
    0.07509133
   -0.17636553
    0.03393273
    0.03497848
    0.03494443
    0.03393439
    0.04990278
    0.03396631
    0.03521011
    0.03517724
    0.03396852
    0.04990490
