           2           3   1.6516871304430376     
           3           4   1.1778662525915009     
           4           5   1.2595331992902765     
           5           6   1.2595455095257686     
           6           7   1.1778743234255811     
           7           8   1.6516861513227965     
           8           9   1.1704779813597277     
           1          10  0.48892158415841341     
           6          10   1.2837245957128995     
           9          10   1.2487026194182838     
           9          11   1.3566278058805572     
          11          12   1.3547506490420647     
          12          13   1.1625324970068249     
          13          14   1.6659264886132741     
          14          15   1.1618864539387370     
           1          16  0.49178422047441339     
          12          16   1.2606815645091711     
          15          16   1.2632503581996857     
          15          17   1.3542259882975751     
          17          18   1.3541840926225710     
          18          19   1.1619314274034929     
          19          20   1.6658595997893646     
          20          21   1.1625961729320344     
           1          22  0.49193756860382520     
          18          22   1.2632388120445506     
          21          22   1.2606023868313292     
          21          23   1.3547488778503300     
           2          24   1.1704828289929086     
          23          24   1.3566459902233312     
           1          25  0.48886639692387662     
           4          25   1.2837662403052779     
          24          25   1.2486818670851183     
           2          26  0.97241075101221697     
           3          27  0.96919836127190728     
           7          28  0.96923719932061148     
           8          29  0.97241042370992870     
          11          30  0.96393851723290291     
          13          31  0.97234101322407751     
          14          32  0.97236248416469617     
          17          33  0.96425285782153292     
          19          34  0.97236194865440684     
          20          35  0.97233993200220348     
          23          36  0.96393639698828693     
          38          39   1.6513626519786477     
          39          40   1.1781869795780024     
          40          41   1.2585917010607455     
          41          42   1.2586564111548244     
          42          43   1.1781887965188282     
          43          44   1.6513563254170331     
          44          45   1.1706355085450186     
          37          46  0.48885072337296204     
          42          46   1.2841095871622439     
          45          46   1.2484848592351834     
          45          47   1.3566703789851502     
          47          48   1.3546794355964935     
          48          49   1.1626169472196726     
          49          50   1.6658202547771046     
          50          51   1.1619444440409821     
          37          52  0.49186390577238698     
          48          52   1.2606033259435803     
          51          52   1.2632817840371946     
          51          53   1.3541274249063078     
          53          54   1.3541942843188561     
          54          55   1.1618946932435841     
          55          56   1.6658822851287154     
          56          57   1.1625631034833279     
          37          58  0.49171191931612623     
          54          58   1.2632765778534047     
          57          58   1.2606882691523638     
          57          59   1.3546655913854790     
          38          60   1.1706257932394972     
          59          60   1.3566907201303897     
          37          61  0.48891694758539228     
          40          61   1.2841030181727058     
          60          61   1.2484647156516018     
          38          62  0.97241040629596887     
          39          63  0.96868837874019964     
          43          64  0.96873754733337070     
          44          65  0.97241115974424852     
          47          66  0.96392636088034278     
          49          67  0.97234042259593600     
          50          68  0.97236135878589425     
          53          69  0.96425430728797734     
          55          70  0.97236224703509244     
          56          71  0.97234111558088299     
          59          72  0.96392512158625898     
           5          73   1.1657015752403659     
          73          74   2.5798077166261697     
          75          76   2.5741869467087937     
          77          78   2.5730861180039133     
          79          80   2.5724455627587592     
          81          82   2.5728571796788158     
          83          84   2.5735294236517836     
          41          86   1.1676623929640211     
          85          86   2.5786113806926139     
          88          89   1.6496019395253760     
          89          90   1.1791676528231334     
          74          91   1.1670763792966170     
          90          91   1.2577665477607813     
          91          92   1.2577129175024733     
          92          93   1.1791519767103600     
          93          94   1.6496221126937005     
          94          95   1.1722815099443908     
          87          96  0.48907523757003740     
          92          96   1.2846482004226838     
          95          96   1.2468654849733452     
          95          97   1.3554050408151672     
          97          98   1.3566510032839283     
          98          99   1.1723814409488955     
          99         100   1.6491972292996233     
         100         101   1.1796029806468951     
          87         102  0.48917943131181502     
          98         102   1.2457213439080546     
         101         102   1.2859771068685872     
          75         103   1.1721506099859513     
         101         103   1.2553960376828976     
         103         104   1.2552088970719446     
         104         105   1.1795595588410339     
         105         106   1.6492597326736915     
         106         107   1.1723374518020142     
          87         108  0.48917419529919109     
         104         108   1.2860212596551936     
         107         108   1.2456831947787255     
         107         109   1.3567141096750177     
          88         110   1.1722879947368383     
         109         110   1.3553567338739121     
          87         111  0.48905314834180419     
          90         111   1.2845898000162363     
         110         111   1.2469140574575717     
          88         112  0.97239278639510440     
          89         113  0.96919393809842447     
          93         114  0.96922738536558861     
          94         115  0.97239317703143180     
          97         116  0.96360805165087005     
          99         117  0.97239504832741486     
         100         118  0.96818078016651565     
         105         119  0.96806678247552158     
         106         120  0.97239308866202434     
         109         121  0.96360466137253509     
         123         124   1.6487133847315827     
         124         125   1.1799422067104202     
          76         126   1.1724522424849100     
         125         126   1.2550604390018079     
         126         127   1.2550418651107100     
         127         128   1.1799199413866599     
         128         129   1.6487561383486622     
         129         130   1.1727382142854470     
         122         131  0.48895697238830238     
         127         131   1.2858910715892671     
         130         131   1.2459645199711933     
         130         132   1.3557802807452979     
         132         133   1.3562225689178469     
         133         134   1.1727190616802254     
         134         135   1.6487231257057875     
         135         136   1.1799596348609964     
         122         137  0.48898735323716003     
         133         137   1.2456087178808031     
         136         137   1.2862674352185244     
          77         138   1.1735313005034818     
         136         138   1.2544783923304990     
         138         139   1.2545682500250710     
         139         140   1.1799598983636104     
         140         141   1.6487549709071636     
         141         142   1.1726787146725577     
         122         143  0.48899771763361394     
         139         143   1.2861894393531168     
         142         143   1.2456504548952709     
         142         144   1.3562318462897409     
         123         145   1.1727704449065510     
         144         145   1.3557523774448672     
         122         146  0.48898514998676845     
         125         146   1.2858759065114087     
         145         146   1.2459630519149067     
         123         147  0.97239610031307699     
         124         148  0.96808908934132454     
         128         149  0.96818730713812151     
         129         150  0.97239594111825733     
         132         151  0.96356333724482490     
         134         152  0.97239573342523566     
         135         153  0.96776356206790470     
         140         154  0.96787536674345676     
         141         155  0.97239563182158051     
         144         156  0.96356269756785973     
         158         159   1.6485833306733519     
         159         160   1.1800845338989849     
          78         161   1.1736259688093660     
         160         161   1.2545833642680206     
         161         162   1.2543270156864106     
         162         163   1.1800418621175290     
         163         164   1.6485895781822351     
         164         165   1.1728379168880259     
         157         166  0.48892917713246736     
         162         166   1.2862780146276300     
         165         166   1.2456599037215648     
         165         167   1.3559470396338689     
         167         168   1.3560856052670767     
         168         169   1.1728417413575090     
         169         170   1.6485135913304041     
         170         171   1.1801477313905435     
         157         172  0.48889827359772298     
         168         172   1.2455576986020569     
         171         172   1.2864109479787240     
          79         173   1.1745133338099449     
         171         173   1.2540172263583491     
         173         174   1.2540669491260097     
         174         175   1.1801865913537186     
         175         176   1.6484614481732895     
         176         177   1.1728816563975566     
         157         178  0.48902053382824689     
         174         178   1.2863836975057874     
         177         178   1.2455282376972796     
         177         179   1.3560848005961801     
         158         180   1.1727954106748415     
         179         180   1.3558800145795460     
         157         181  0.48893553174202242     
         160         181   1.2861086720975514     
         180         181   1.2458103253787707     
         158         182  0.97239648651586985     
         159         183  0.96788332337301441     
         163         184  0.96775745550618419     
         164         185  0.97239319567712412     
         167         186  0.96354612279191054     
         169         187  0.97239403466966845     
         170         188  0.96739638216859869     
         175         189  0.96739370762602195     
         176         190  0.97239605984916977     
         179         191  0.96355218296812672     
         193         194   1.6484601998957633     
         194         195   1.1801918099702384     
          80         196   1.1745213332390398     
         195         196   1.2539521435747960     
         196         197   1.2541112187456536     
         197         198   1.1801960567256375     
         198         199   1.6484439054957754     
         199         200   1.1728875988317282     
         192         201  0.48892419942781479     
         197         201   1.2863436680727378     
         200         201   1.2456080038746773     
         200         202   1.3559879287502330     
         202         203   1.3560006326640179     
         203         204   1.1728379214458289     
         204         205   1.6485621164337372     
         205         206   1.1800793838058090     
         192         207  0.48896447453299235     
         203         207   1.2456204596102203     
         206         207   1.2862988627042338     
          81         208   1.1738748111829400     
         206         208   1.2543121758601952     
         208         209   1.2543508783332558     
         209         210   1.1800763366188081     
         210         211   1.6485575305077558     
         211         212   1.1728390105713060     
         192         213  0.48890555512533451     
         209         213   1.2862689398707565     
         212         213   1.2456695264505335     
         212         214   1.3559615566797618     
         193         215   1.1728810006628574     
         214         215   1.3560497932397855     
         192         216  0.48897421557032716     
         195         216   1.2863890127645188     
         215         216   1.2455350768617948     
         193         217  0.97239483341287836     
         194         218  0.96738752615481849     
         198         219  0.96740593882532755     
         199         220  0.97239610718093594     
         202         221  0.96354933452414337     
         204         222  0.97239531432987003     
         205         223  0.96775063035784070     
         210         224  0.96771102628236405     
         211         225  0.97239490172263809     
         214         226  0.96354726072068730     
         228         229   1.6486766436640279     
         229         230   1.1799929591039815     
          82         231   1.1738115202973776     
         230         231   1.2543357946101092     
         231         232   1.2544100691902254     
         232         233   1.1800257600462674     
         233         234   1.6486522204118701     
         234         235   1.1727516719835402     
         227         236  0.48896439717842738     
         232         236   1.2862772908730000     
         235         236   1.2456110012263784     
         235         237   1.3561789403267226     
         237         238   1.3557996166187034     
         238         239   1.1728444308389323     
         239         240   1.6485603231193702     
         240         241   1.1801009681876196     
         227         242  0.48897035065606159     
         238         242   1.2458223798284274     
         241         242   1.2860788507962322     
          83         243   1.1733952206487377     
         241         243   1.2545669202214484     
         243         244   1.2546157663047646     
         244         245   1.1801220923042826     
         245         246   1.6485472862775059     
         246         247   1.1728424668423529     
         227         248  0.48895775229300131     
         244         248   1.2859970074765765     
         247         248   1.2458902998367822     
         247         249   1.3557433572845119     
         228         250   1.1727451720372697     
         249         250   1.3562402891206558     
         227         251  0.48895979441817944     
         230         251   1.2863468660951605     
         250         251   1.2455456781663274     
         228         252  0.97239616062360024     
         229         253  0.96770402452636572     
         233         254  0.96775742256986252     
         234         255  0.97239819694812368     
         237         256  0.96355581001714663     
         239         257  0.97239601530897413     
         240         258  0.96777415518295118     
         245         259  0.96779009064557253     
         246         260  0.97239594629705861     
         249         261  0.96355585897494700     
         263         264   1.6489311200743177     
         264         265   1.1798502589131501     
          84         266   1.1731702882744655     
         265         266   1.2546969653329336     
         266         267   1.2548461572642315     
         267         268   1.1798075447309582     
         268         269   1.6489903071752432     
         269         270   1.1724962172277202     
         262         271  0.48914830001091197     
         267         271   1.2861120081080371     
         270         271   1.2456617380415811     
         270         272   1.3565313369515013     
         272         273   1.3554518168256786     
         273         274   1.1724367063089174     
         274         275   1.6493045400490640     
         275         276   1.1794645905690515     
         262         277  0.48900772665786968     
         273         277   1.2466402424701959     
         276         277   1.2850178279380307     
          85         278   1.1691074823980938     
         276         278   1.2568197321608909     
         278         279   1.2566707061746656     
         279         280   1.1795424262922336     
         280         281   1.6492005744461689     
         281         282   1.1725232754067041     
         262         283  0.48903846626410247     
         279         283   1.2850963033668683     
         282         283   1.2465324542996186     
         282         284   1.3554612157121231     
         263         285   1.1725395231786595     
         284         285   1.3565399505827966     
         262         286  0.48905164416361113     
         265         286   1.2861928686599442     
         285         286   1.2456099741238622     
         263         287  0.97239671316332121     
         264         288  0.96778511333341344     
         268         289  0.96776814372989828     
         269         290  0.97239703247970999     
         272         291  0.96358555233893495     
         274         292  0.97239563915788241     
         275         293  0.96869983388060599     
         280         294  0.96874132740922514     
         281         295  0.97239577300392077     
         284         296  0.96357934416607527     
