   -0.05497579
   -0.05346113
    0.08613724
    0.01291316
    0.06378208
   -0.04944629
   -0.05188864
    0.06442477
   -0.08109090
   -0.05528972
    0.08675020
   -0.05382066
   -0.05386412
    0.08636435
   -0.32109801
   -0.05700965
    0.06492388
   -0.05117739
   -0.05097659
    0.06553884
   -0.08119740
   -0.05524770
    0.08531021
   -0.32421201
    0.01844715
    0.01939019
    0.04308809
    0.04145565
    0.21416173
    0.04681890
    0.01927236
    0.01930041
    0.04587938
    0.04169494
    0.04162187
    0.21439927
    0.04679045
   -0.05504935
   -0.05341633
    0.08611552
    0.01297292
    0.06376018
   -0.04949783
   -0.05197464
    0.06438093
   -0.08105696
   -0.05514169
    0.08675514
   -0.05382078
   -0.05385972
    0.08632910
   -0.32095802
   -0.05697424
    0.06488606
   -0.05118164
   -0.05098277
    0.06555800
   -0.08125576
   -0.05516989
    0.08524039
   -0.32413928
    0.01838069
    0.01910292
    0.04297279
    0.04141685
    0.21416192
    0.04689231
    0.01929177
    0.01932232
    0.04587860
    0.04169692
    0.04161098
    0.21448478
    0.04684186
   -0.02984374
   -0.03062588
   -0.03067912
   -0.02997290
   -0.05477314
   -0.05328463
    0.08587133
    0.01304366
    0.06326043
   -0.04976291
   -0.05193030
    0.06415771
   -0.08164472
   -0.05332863
    0.08500698
   -0.05486399
   -0.05335491
    0.08588097
   -0.32344437
    0.01304656
    0.06332153
   -0.04971598
   -0.05199857
    0.06409002
   -0.08158877
   -0.05328518
    0.08508941
   -0.32340572
    0.01856960
    0.01923016
    0.04288726
    0.04119431
    0.21465447
    0.04751798
    0.01850817
    0.01903648
    0.04262585
    0.04115703
    0.21454966
    0.04752073
