           1           2   1.7164689682294347     
           2           3   1.1214091754994382     
           3           4   1.2499261710297813     
           4           5   1.2543975225764934     
           5           6   1.2358463903892536     
           6           7   1.5935967718879658     
           7           8   1.2232082945173077     
           5           9   1.2243659599168417     
           8           9   1.2031032810935369     
           8          10   1.3440745135740588     
          10          11   1.3574429208709096     
          11          12   1.1067298172664217     
          12          13   1.7309326490159802     
          13          14   1.1088981807587421     
          11          15   1.3239582675343524     
          14          15   1.3253481420279525     
          14          16   1.3536783441338016     
          16          17   1.3466706700981743     
          17          18   1.2155717581067216     
          18          19   1.6083889888973162     
          19          20   1.2148358663996632     
          17          21   1.2098637007950801     
          20          21   1.2108793191230862     
          20          22   1.3430301272550520     
           1          23   1.1150611810052165     
          22          23   1.3649038959718471     
           3          24   1.3592803420146573     
          23          24   1.3011977489987825     
           1          25  0.97278067925793799     
           2          26  0.96977261156376016     
           6          27  0.97005371274588392     
           7          28  0.97291445931372889     
           9          29  0.89981635633520640     
          10          30  0.96370071312702210     
          12          31  0.97274671604058560     
          13          32  0.97280218082454428     
          16          33  0.96478173547703705     
          18          34  0.97291355479160657     
          19          35  0.97284321201286739     
          21          36  0.90015221094075815     
          22          37  0.96356733443601061     
          38          39   1.7158420994625070     
          39          40   1.1220675316615429     
          40          41   1.2478020417157201     
          41          42   1.2521917008312544     
          42          43   1.2368574624631341     
          43          44   1.5926587747639598     
          44          45   1.2236422581415383     
          42          46   1.2250569020878301     
          45          46   1.2029851172761374     
          45          47   1.3437276380774543     
          47          48   1.3576680071796465     
          48          49   1.1066799958788514     
          49          50   1.7308786882258984     
          50          51   1.1090296532538755     
          48          52   1.3238071535082614     
          51          52   1.3253319435719217     
          51          53   1.3535703650192019     
          53          54   1.3465450565684705     
          54          55   1.2156953459517208     
          55          56   1.6082493815491365     
          56          57   1.2148579131787960     
          54          58   1.2098688948032570     
          57          58   1.2110307906514188     
          57          59   1.3426595834098234     
          38          60   1.1152462416076026     
          59          60   1.3654127394456665     
          40          61   1.3604549167739188     
          60          61   1.3003265276627092     
          38          62  0.97277957623308586     
          39          63  0.96854181784903803     
          43          64  0.96854470189213837     
          44          65  0.97291521031951667     
          46          66  0.89952433455123204     
          47          67  0.96363951954735971     
          49          68  0.97274631851038218     
          50          69  0.97280527706318831     
          53          70  0.96482245841847125     
          55          71  0.97291606045507761     
          56          72  0.97284214542602043     
          58          73  0.89988406455940173     
          59          74  0.96350640513715979     
           4          75   1.1754379452494959     
          75          76   2.5673406865969612     
          41          78   1.1802141929808083     
          77          78   2.5643692222489709     
          79          80   1.7158493428662194     
          80          81   1.1231324329625521     
          76          82   1.1781199094149841     
          81          82   1.2486710650603778     
          82          83   1.2505826619793634     
          83          84   1.2392884300165716     
          84          85   1.5893598798270561     
          85          86   1.2263402332481790     
          83          87   1.2250315667330118     
          86          87   1.2041765548953118     
          86          88   1.3366317982193172     
          88          89   1.3699200314139721     
          89          90   1.1150643202386661     
          90          91   1.7152498146282134     
          91          92   1.1236507633480681     
          89          93   1.2970096515935392     
          92          93   1.3607703162677569     
          77          94   1.1826962658400126     
          92          94   1.2463572737798589     
          94          95   1.2488628212811517     
          95          96   1.2400787141350651     
          96          97   1.5886860771184528     
          97          98   1.2266685884616406     
          95          99   1.2256335623105963     
          98          99   1.2039424284828377     
          98         100   1.3367428519148925     
          79         101   1.1148027015903579     
         100         101   1.3695308692575170     
          81         102   1.3594194384438052     
         101         102   1.2978804049968518     
          79         103  0.97276161702057218     
          80         104  0.96989149159081611     
          84         105  0.97023798834440178     
          85         106  0.97291729972143937     
          87         107  0.89696868320843004     
          88         108  0.96299681335670506     
          90         109  0.97276036301363433     
          91         110  0.96838047909498703     
          96         111  0.96898167486179887     
          97         112  0.97292036574936647     
          99         113  0.89695831526237912     
         100         114  0.96300065532576151     
