    0.24464106
   -0.05202616
   -0.05043598
    0.07733235
    0.01660953
    0.07726388
   -0.05050812
   -0.05202047
    0.07563835
   -0.17706771
   -0.04981997
    0.07687119
   -0.05104180
   -0.05119955
    0.07740417
   -0.17485558
   -0.05162790
    0.07741452
   -0.05118880
   -0.05104292
    0.07688655
   -0.17496200
   -0.04982796
    0.07563562
   -0.17700529
    0.03358777
    0.03574782
    0.03574808
    0.03360074
    0.04911795
    0.03418761
    0.03409482
    0.04843708
    0.03408209
    0.03417714
    0.04909976
   -0.01961493
   -0.01073955
   -0.00259006
   -0.00259228
   -0.01074276
   -0.01962497
    0.24466993
   -0.05201895
   -0.05047122
    0.07729940
    0.01660560
    0.07729461
   -0.05046341
   -0.05201943
    0.07564938
   -0.17708319
   -0.04982706
    0.07689919
   -0.05104132
   -0.05119366
    0.07741005
   -0.17493568
   -0.05161707
    0.07741600
   -0.05119641
   -0.05104453
    0.07687073
   -0.17494117
   -0.04981215
    0.07561526
   -0.17696467
    0.03360596
    0.03573923
    0.03574535
    0.03359061
    0.04910815
    0.03418080
    0.03408497
    0.04843738
    0.03408369
    0.03417422
    0.04910606
