           2           3   1.6501616642046568     
           3           4   1.1795717564741786     
           4           5   1.2511974005572741     
           5           6   1.2507020334036585     
           6           7   1.1796731270026681     
           7           8   1.6501065910093549     
           8           9   1.1712879175066242     
           1          10  0.48886323021241179     
           6          10   1.2857645012834644     
           9          10   1.2469298184999151     
           9          11   1.3572373273516245     
          11          12   1.3542399122019191     
          12          13   1.1627595676952391     
          13          14   1.6656604780340549     
          14          15   1.1620448097267762     
           1          16  0.49151386532095609     
          12          16   1.2607351608833992     
          15          16   1.2632628296557689     
          15          17   1.3540934514926124     
          17          18   1.3541272671703162     
          18          19   1.1620138113311560     
          19          20   1.6657056350573889     
          20          21   1.1627043270950537     
           1          22  0.49120012542889324     
          18          22   1.2632834044672818     
          21          22   1.2608712879814945     
          21          23   1.3541705343740555     
           2          24   1.1712731010023978     
          23          24   1.3573207992912208     
           1          25  0.48921337148604360     
           4          25   1.2857190188372782     
          24          25   1.2468340863869471     
           2          26  0.97243568565267491     
           3          27  0.97087873672392655     
           7          28  0.97092040680309388     
           8          29  0.97243436841384157     
          11          30  0.96391570541950888     
          13          31  0.97234310083839803     
          14          32  0.97236343889941934     
          17          33  0.96425566724153977     
          19          34  0.97236517541337975     
          20          35  0.97234689635764771     
          23          36  0.96391661161407460     
           5          37   1.1867065776085020     
          37          38   2.4441556478374742     
          38          39   1.3310055698299033     
          37          40  0.19301175091959871     
          39          40   2.3592132592775035     
          40          41   1.3309678742282687     
          39          42  0.19297048146346713     
          41          42   2.4440998624339789     
          44          45   1.6499737918192237     
          45          46   1.1797555438554461     
          42          47   1.1867886832084114     
          46          47   1.2507376152307534     
          47          48   1.2510177995214280     
          48          49   1.1796132182278676     
          49          50   1.6501497265273217     
          50          51   1.1712269644200413     
          43          52  0.48896474933782480     
          48          52   1.2857068105547875     
          51          52   1.2469434424007875     
          51          53   1.3572825066676337     
          53          54   1.3541531295118827     
          54          55   1.1626563748542020     
          55          56   1.6657696452210602     
          56          57   1.1619602306973627     
          43          58  0.49114830657957925     
          54          58   1.2609285110694539     
          57          58   1.2632869046832973     
          57          59   1.3541677209209888     
          59          60   1.3540317092770811     
          60          61   1.1620516831237393     
          61          62   1.6656429072189036     
          62          63   1.1627592418575494     
          43          64  0.49125616680664563     
          60          64   1.2633237284789838     
          63          64   1.2608222199450423     
          63          65   1.3541472495939124     
          44          66   1.1713948024277849     
          65          66   1.3573257256242959     
          43          67  0.48935907628693959     
          46          67   1.2857508370302273     
          66          67   1.2466922106821761     
          44          68  0.97243353902991692     
          45          69  0.97090068786083472     
          49          70  0.97090770808673110     
          50          71  0.97243418443810592     
          53          72  0.96392204268017123     
          55          73  0.97234492326257760     
          56          74  0.97236370851229292     
          59          75  0.96425790184945726     
          61          76  0.97236619263169988     
          62          77  0.97234628023576386     
          65          78  0.96391476160972123     
