   -0.29302012
   -0.05219708
   -0.05084656
    0.07302988
    0.02651459
    0.07317682
   -0.05045435
   -0.05222071
    0.07317847
   -0.04728480
   -0.04157868
    0.07426056
   -0.05124405
   -0.05130673
    0.07454086
   -0.04656910
   -0.04316987
    0.07454420
   -0.05130850
   -0.05125870
    0.07421976
   -0.04655232
   -0.04154980
    0.07313815
   -0.04711834
    0.03547329
    0.03701255
    0.03657623
    0.03542397
    0.04911198
    0.03581587
    0.03573811
    0.04850911
    0.03573695
    0.03580642
    0.04913686
   -0.29291470
   -0.05220685
   -0.05073626
    0.07305460
    0.02648507
    0.07311001
   -0.05054083
   -0.05220027
    0.07320260
   -0.04731379
   -0.04160276
    0.07426172
   -0.05125200
   -0.05130538
    0.07454572
   -0.04659762
   -0.04319156
    0.07454748
   -0.05130537
   -0.05125460
    0.07424161
   -0.04659605
   -0.04158802
    0.07317567
   -0.04721176
    0.03545462
    0.03692748
    0.03671497
    0.03543905
    0.04911718
    0.03580712
    0.03573540
    0.04851039
    0.03573553
    0.03580483
    0.04913008
   -0.02847550
   -0.02935310
   -0.02870849
   -0.02900604
   -0.02881178
   -0.02882579
   -0.02899755
   -0.02867882
   -0.02933455
   -0.02844540
   -0.28850428
   -0.05203709
   -0.05056505
    0.07339164
    0.02692636
    0.07339556
   -0.05032107
   -0.05204423
    0.07306058
   -0.04877693
   -0.03969195
    0.07298052
   -0.05202895
   -0.05063951
    0.07350909
   -0.04869141
    0.02650470
    0.07349364
   -0.05058501
   -0.05203077
    0.07296590
   -0.04869463
   -0.03968869
    0.07306215
   -0.04870009
    0.03557497
    0.03713463
    0.03660247
    0.03556059
    0.04978315
    0.03553850
    0.03678311
    0.03664644
    0.03553873
    0.04979151
   -0.28872814
   -0.05202117
   -0.05045208
    0.07351486
    0.02678364
    0.07347294
   -0.05059381
   -0.05201233
    0.07298678
   -0.04869136
   -0.03948256
    0.07296521
   -0.05204322
   -0.05055535
    0.07349591
   -0.04853572
    0.02672304
    0.07350196
   -0.05052587
   -0.05204198
    0.07298096
   -0.04857607
   -0.03949469
    0.07300450
   -0.04873453
    0.03557828
    0.03666216
    0.03684179
    0.03559715
    0.04989351
    0.03558681
    0.03666035
    0.03663052
    0.03558155
    0.04987829
   -0.28884713
   -0.05203773
   -0.05053164
    0.07349705
    0.02672321
    0.07350344
   -0.05052082
   -0.05203624
    0.07298645
   -0.04860591
   -0.03948945
    0.07301657
   -0.05201566
   -0.05041807
    0.07348408
   -0.04866853
    0.02678047
    0.07344317
   -0.05057420
   -0.05201338
    0.07301013
   -0.04865471
   -0.03948227
    0.07297925
   -0.04858072
    0.03558422
    0.03662720
    0.03662409
    0.03557686
    0.04987588
    0.03558219
    0.03664992
    0.03684773
    0.03559694
    0.04988952
   -0.28843609
   -0.05204176
   -0.05064164
    0.07346239
    0.02649507
    0.07346773
   -0.05055123
   -0.05203538
    0.07300435
   -0.04868707
   -0.03970846
    0.07309313
   -0.05203158
   -0.05055287
    0.07335526
   -0.04878124
    0.02689866
    0.07339598
   -0.05032413
   -0.05203391
    0.07309665
   -0.04887463
   -0.03971634
    0.07299612
   -0.04860826
    0.03553667
    0.03680136
    0.03667373
    0.03553462
    0.04978658
    0.03557559
    0.03708782
    0.03672704
    0.03555138
    0.04977547
