           2           3   1.6464787400649592     
           3           4   1.1773461302169057     
           4           5   1.2581330408910072     
           5           6   1.2596460797666245     
           6           7   1.1771556498965727     
           7           8   1.6465596202210060     
           8           9   1.1691449973069346     
           1          10  0.75285413985606142     
           6          10   1.2596707375229768     
           9          10   1.2283493988471426     
           9          11   1.3545991711979637     
          11          12   1.3537775474693201     
          12          13   1.1609938452734467     
          13          14   1.6612207656329372     
          14          15   1.1605266933391047     
           1          16  0.75157482213451299     
          12          16   1.2391496622586422     
          15          16   1.2421931234990122     
          15          17   1.3529124007961051     
          17          18   1.3531124181578169     
          18          19   1.1604972337825430     
          19          20   1.6610927555472172     
          20          21   1.1612422928627399     
           1          22  0.75153363640649440     
          18          22   1.2419560288680993     
          21          22   1.2394594873918570     
          21          23   1.3532763830510270     
           2          24   1.1691354401469614     
          23          24   1.3552625470568522     
           1          25  0.75290884676842107     
           4          25   1.2604870881312338     
          24          25   1.2275540517666359     
           2          26  0.97177469686457063     
           3          27  0.96785687062598791     
           7          28  0.96770007188959506     
           8          29  0.97178185610529544     
          11          30  0.96378961473250102     
          13          31  0.97168998303327847     
          14          32  0.97171367477473969     
          17          33  0.96409472995542544     
          19          34  0.97171777049067698     
          20          35  0.97169192582356567     
          23          36  0.96378135415965072     
          38          39   1.6465775894624575     
          39          40   1.1772407438333072     
          40          41   1.2589916025467049     
          41          42   1.2596673168247725     
          42          43   1.1771046190682690     
          43          44   1.6467286759290498     
          44          45   1.1690424621115583     
          37          46  0.75278639378191015     
          42          46   1.2597674348347065     
          45          46   1.2282778115630471     
          45          47   1.3548159068794616     
          47          48   1.3537217728455839     
          48          49   1.1610155577986256     
          49          50   1.6612769791215365     
          50          51   1.1604792937864787     
          37          52  0.75157706384723577     
          48          52   1.2392726899463877     
          51          52   1.2421077167072023     
          51          53   1.3530834912147278     
          53          54   1.3530995058406030     
          54          55   1.1604960443475549     
          55          56   1.6612104780119723     
          56          57   1.1611006544516336     
          37          58  0.75155005460525781     
          54          58   1.2420651789883730     
          57          58   1.2393498274634289     
          57          59   1.3535834443820425     
          38          60   1.1691345194244862     
          59          60   1.3549886597792078     
          37          61  0.75295063881461544     
          40          61   1.2600351887822205     
          60          61   1.2279237722578813     
          38          62  0.97177620510594054     
          39          63  0.96796391836895179     
          43          64  0.96804899980362769     
          44          65  0.97177908410780400     
          47          66  0.96377619392287728     
          49          67  0.97169120030742451     
          50          68  0.97171440166634759     
          53          69  0.96408570074897493     
          55          70  0.97171577098356221     
          56          71  0.97169218076354225     
          59          72  0.96377210189155615     
           5          73   1.1643312121994356     
          73          74   2.5840986262131933     
          75          76   2.5793847388793978     
          77          78   2.5782779176462371     
          79          80   2.5797338056130870     
          41          82   1.1634773897901702     
          81          82   2.5847564797018636     
          84          85   1.6451383018071151     
          85          86   1.1779401707904023     
          74          87   1.1659677186894868     
          86          87   1.2565832659421134     
          87          88   1.2571306385607965     
          88          89   1.1779515765030506     
          89          90   1.6450991043440157     
          90          91   1.1704838020555699     
          83          92  0.74938683831084896     
          88          92   1.2615898261231606     
          91          92   1.2265420554008228     
          91          93   1.3535203274944947     
          93          94   1.3548588375431478     
          94          95   1.1704030099569418     
          95          96   1.6449549853372836     
          96          97   1.1781879077475750     
          83          98  0.74972916087711150     
          94          98   1.2253800981831220     
          97          98   1.2627343390399954     
          75          99   1.1693046551233726     
          97          99   1.2551322404133205     
          99         100   1.2553318833245739     
         100         101   1.1781306297852117     
         101         102   1.6449624016632636     
         102         103   1.1704572031206824     
          83         104  0.74969136286109594     
         100         104   1.2625441731379747     
         103         104   1.2256160315272473     
         103         105   1.3546115017998956     
          84         106   1.1704350264440504     
         105         106   1.3538063988688771     
          83         107  0.74949899848942647     
          86         107   1.2618613065257831     
         106         107   1.2262321283030921     
          84         108  0.97177379432338185     
          85         109  0.96793752030149249     
          89         110  0.96779800169702568     
          90         111  0.97178000279831689     
          93         112  0.96344634776804372     
          95         113  0.97177948694742988     
          96         114  0.96733735530748433     
         101         115  0.96727446679001350     
         102         116  0.97177996102353992     
         105         117  0.96344655780706978     
         119         120   1.6446719207557412     
         120         121   1.1783829467556064     
          76         122   1.1696387147936189     
         121         122   1.2551920694931069     
         122         123   1.2546909478917652     
         123         124   1.1784054801493922     
         124         125   1.6446534211728152     
         125         126   1.1706934752431315     
         118         127  0.74931716302436358     
         123         127   1.2625852861011484     
         126         127   1.2254054484301760     
         126         128   1.3541157290199051     
         128         129   1.3541064225171096     
         129         130   1.1708344326381639     
         130         131   1.6443850209728761     
         131         132   1.1786752343104123     
         118         133  0.74980298779995880     
         129         133   1.2252306796776382     
         132         133   1.2625158323382222     
          77         134   1.1711192867114057     
         132         134   1.2542035167112404     
         134         135   1.2542898231222788     
         135         136   1.1786802312085876     
         136         137   1.6444131645702005     
         137         138   1.1707869127547070     
         118         139  0.74976481937989703     
         135         139   1.2625185529353646     
         138         139   1.2252479025149987     
         138         140   1.3541684355603052     
         119         141   1.1706809583422588     
         140         141   1.3539985928133382     
         118         142  0.74936343047418130     
         121         142   1.2623580500691527     
         141         142   1.2255888331912408     
         119         143  0.97178878064775087     
         120         144  0.96731595136147419     
         124         145  0.96737629700493355     
         125         146  0.97178634166032096     
         128         147  0.96340082608646260     
         130         148  0.97178445123553447     
         131         149  0.96664177384949768     
         136         150  0.96665852303126054     
         137         151  0.97178581721637769     
         140         152  0.96340679844261967     
         154         155   1.6444445584244765     
         155         156   1.1786632140813322     
          78         157   1.1711622443477792     
         156         157   1.2541994382892243     
         157         158   1.2542488388110808     
         158         159   1.1786832185181202     
         159         160   1.6444370537994422     
         160         161   1.1707715018426927     
         153         162  0.74968493955827653     
         158         162   1.2624759067098388     
         161         162   1.2252213137232029     
         161         163   1.3541547465626995     
         163         164   1.3539342425198386     
         164         165   1.1706861264463564     
         165         166   1.6446528709040660     
         166         167   1.1784439019057587     
         153         168  0.74955269560562665     
         164         168   1.2255235397409479     
         167         168   1.2621860117128110     
          79         169   1.1693568201983857     
         167         169   1.2552459568461503     
         169         170   1.2548485006984953     
         170         171   1.1784525087661228     
         171         172   1.6446470057723350     
         172         173   1.1707062670619302     
         153         174  0.74945873504048488     
         170         174   1.2623091519897895     
         173         174   1.2254452859896441     
         173         175   1.3539686738829113     
         154         176   1.1707757659259439     
         175         176   1.3541691338058630     
         153         177  0.74970471453382470     
         156         177   1.2625036956954911     
         176         177   1.2251854165214571     
         154         178  0.97178803248946233     
         155         179  0.96666362182512977     
         159         180  0.96665924466463737     
         160         181  0.97178989041055064     
         163         182  0.96340021903163853     
         165         183  0.97178848743743507     
         166         184  0.96754835352576407     
         171         185  0.96742353366108413     
         172         186  0.97178676033830536     
         175         187  0.96339378273583531     
         189         190   1.6449615998262122     
         190         191   1.1782145495427434     
          80         192   1.1689472504837339     
         191         192   1.2553101068870558     
         192         193   1.2555490364027766     
         193         194   1.1781777625890320     
         194         195   1.6449943491807377     
         195         196   1.1703714982956410     
         188         197  0.74973936207326120     
         193         197   1.2624562122372542     
         196         197   1.2257326820930721     
         196         198   1.3546109578572463     
         198         199   1.3537769542556874     
         199         200   1.1703250884544962     
         200         201   1.6453172490539911     
         201         202   1.1778109847054130     
         188         203  0.74929529242442006     
         199         203   1.2264582529557073     
         202         203   1.2617730790715531     
          81         204   1.1651565885483137     
         202         204   1.2569643753758295     
         204         205   1.2575284435171774     
         205         206   1.1778652842208452     
         206         207   1.6452531990055586     
         207         208   1.1703318984296600     
         188         209  0.74920814923001955     
         205         209   1.2616053294520038     
         208         209   1.2267000259162484     
         208         210   1.3536185032396379     
         189         211   1.1703850060967604     
         210         211   1.3547082796033278     
         188         212  0.74995683861646034     
         191         212   1.2624980346020394     
         211         212   1.2255550146919705     
         189         213  0.97177619218100231     
         190         214  0.96736502906940336     
         194         215  0.96748934466535419     
         195         216  0.97177719157849973     
         198         217  0.96344423355226616     
         200         218  0.97177336880528875     
         201         219  0.96803343088855232     
         206         220  0.96814657538369953     
         207         221  0.97177885702436451     
         210         222  0.96344986868669291     
