    0.10414682
   -0.05294520
   -0.05142813
    0.07274337
    0.01699626
    0.07275550
   -0.05140439
   -0.05294833
    0.07188595
   -0.13135677
   -0.04990056
    0.07301145
   -0.05204953
   -0.05213751
    0.07331666
   -0.12971455
   -0.05164085
    0.07331521
   -0.05213815
   -0.05204944
    0.07301167
   -0.12972119
   -0.04989629
    0.07188420
   -0.13134791
    0.03438711
    0.03660845
    0.03661457
    0.03438510
    0.05000783
    0.03489469
    0.03478973
    0.04937494
    0.03478891
    0.03489371
    0.05001030
    0.10413678
   -0.05294699
   -0.05141845
    0.07271612
    0.01700364
    0.07273431
   -0.05139051
   -0.05294812
    0.07189699
   -0.13134992
   -0.04991349
    0.07301442
   -0.05204899
   -0.05213331
    0.07331501
   -0.12972353
   -0.05164190
    0.07331449
   -0.05213590
   -0.05204634
    0.07301417
   -0.12972925
   -0.04990648
    0.07189522
   -0.13132473
    0.03439544
    0.03660594
    0.03660297
    0.03438707
    0.05000381
    0.03489521
    0.03479341
    0.04937089
    0.03478926
    0.03489428
    0.05001043
   -0.01981074
   -0.01021937
   -0.00213608
   -0.00236163
   -0.00998261
   -0.02000302
   -0.01976960
   -0.01001396
   -0.00211113
   -0.00215368
   -0.00995898
   -0.01979660
   -0.01975512
   -0.00996262
   -0.00210393
   -0.00210358
   -0.00995970
   -0.01975762
   -0.01980536
   -0.00995096
   -0.00215599
   -0.00211052
   -0.01000615
   -0.01977872
   -0.01996694
   -0.00995982
   -0.00232779
   -0.00210484
   -0.01019147
   -0.01977671
    0.10324367
   -0.05286718
   -0.05151163
    0.07306093
    0.01707742
    0.07307274
   -0.05147175
   -0.05286745
    0.07174228
   -0.13210001
   -0.04782988
    0.07172574
   -0.05284409
   -0.05150931
    0.07311682
   -0.13210424
    0.01699380
    0.07310685
   -0.05151898
   -0.05284428
    0.07172304
   -0.13212496
   -0.04782319
    0.07173653
   -0.13206371
    0.03423304
    0.03632278
    0.03631404
    0.03422325
    0.05040307
    0.03424893
    0.03632171
    0.03632718
    0.03425024
    0.05040892
    0.10308933
   -0.05284195
   -0.05152145
    0.07310167
    0.01706457
    0.07311776
   -0.05150024
   -0.05284381
    0.07172590
   -0.13203805
   -0.04775339
    0.07172466
   -0.05283823
   -0.05150849
    0.07312372
   -0.13204371
    0.01704942
    0.07311144
   -0.05151927
   -0.05283710
    0.07172563
   -0.13205970
   -0.04775219
    0.07172634
   -0.13204449
    0.03427037
    0.03633638
    0.03632588
    0.03426531
    0.05045145
    0.03427202
    0.03632757
    0.03633554
    0.03427250
    0.05045365
    0.10309001
   -0.05283351
   -0.05153298
    0.07310318
    0.01704907
    0.07313397
   -0.05148905
   -0.05283902
    0.07172946
   -0.13206701
   -0.04775654
    0.07173095
   -0.05284508
   -0.05149334
    0.07310390
   -0.13203038
    0.01706855
    0.07309338
   -0.05151639
   -0.05284582
    0.07172911
   -0.13203297
   -0.04775153
    0.07172762
   -0.13206708
    0.03427815
    0.03633738
    0.03632345
    0.03426570
    0.05044919
    0.03426501
    0.03632419
    0.03633484
    0.03427092
    0.05045647
    0.10324200
   -0.05284439
   -0.05150780
    0.07310163
    0.01699121
    0.07310704
   -0.05150186
   -0.05284595
    0.07173541
   -0.13213097
   -0.04784285
    0.07175579
   -0.05286670
   -0.05149690
    0.07304116
   -0.13207779
    0.01707878
    0.07305432
   -0.05146346
   -0.05286920
    0.07175938
   -0.13210104
   -0.04784703
    0.07173554
   -0.13212098
    0.03424989
    0.03632214
    0.03632193
    0.03424692
    0.05040559
    0.03423639
    0.03631488
    0.03630417
    0.03422565
    0.05040156
