           2           3   1.6413993717351545     
           3           4   1.1835159204332830     
           4           5   1.2560716512793619     
           5           6   1.2562033152784147     
           6           7   1.1835050600929407     
           7           8   1.6414027267110496     
           8           9   1.1743518439262313     
           1          10  0.72217355632874469     
           6          10   1.2612268565069742     
           9          10   1.2274162472524726     
           9          11   1.3592717368391010     
          11          12   1.3585977424573628     
          12          13   1.1656663165310743     
          13          14   1.6574080367105020     
          14          15   1.1651043940531542     
           1          16  0.72368147196236354     
          12          16   1.2387474362723037     
          15          16   1.2418205073712230     
          15          17   1.3576652373238374     
          17          18   1.3576520497879148     
          18          19   1.1651045508124196     
          19          20   1.6574105463500244     
          20          21   1.1656606003400578     
           1          22  0.72364548358571623     
          18          22   1.2418328332078004     
          21          22   1.2387560381530456     
          21          23   1.3585991722549737     
           2          24   1.1743666853629535     
          23          24   1.3592772687201626     
           1          25  0.72213748110201159     
           4          25   1.2612676972635084     
          24          25   1.2273960749578052     
           2          26  0.97197423479959466     
           3          27  0.97010311946930872     
           7          28  0.97010197751975891     
           8          29  0.97197548704261993     
          11          30  0.96323639807632655     
          13          31  0.97187424832692870     
          14          32  0.97190068180558464     
          17          33  0.96354227431741724     
          19          34  0.97190119641569450     
          20          35  0.97187386056319114     
          23          36  0.96323488902340948     
          38          39   1.6414460911302009     
          39          40   1.1834767001560087     
          40          41   1.2562792944108205     
          41          42   1.2564433777212387     
          42          43   1.1834719932440247     
          43          44   1.6414603466806774     
          44          45   1.1743140186568224     
          37          46  0.72224931974810447     
          42          46   1.2610837448923893     
          45          46   1.2274710260808148     
          45          47   1.3592307296051962     
          47          48   1.3585940522752638     
          48          49   1.1656410665071020     
          49          50   1.6574417978263156     
          50          51   1.1650779974520287     
          37          52  0.72367258925006173     
          48          52   1.2387737523226985     
          51          52   1.2417913114401804     
          51          53   1.3576981511860491     
          53          54   1.3576164469058698     
          54          55   1.1650965230440404     
          55          56   1.6574365701448692     
          56          57   1.1656223454428407     
          37          58  0.72362197025871655     
          54          58   1.2418664191745283     
          57          58   1.2387322816951254     
          57          59   1.3586475677711292     
          38          60   1.1743516550086439     
          59          60   1.3591832339142482     
          37          61  0.72226549175225196     
          40          61   1.2610684446086189     
          60          61   1.2274738681828203     
          38          62  0.97197230209236340     
          39          63  0.97009985918749309     
          43          64  0.97010272967240452     
          44          65  0.97197390987355936     
          47          66  0.96323899497079069     
          49          67  0.97187504618852161     
          50          68  0.97190086275236487     
          53          69  0.96354534868143593     
          55          70  0.97190091080729779     
          56          71  0.97187384241277197     
          59          72  0.96323576466824834     
           5          73   1.1812398933122572     
          73          74   2.4492564608988445     
          74          75   1.3284990071768579     
          73          76  0.19358946543322231     
          75          76   2.3623879262144327     
          76          77   1.3292576617336491     
          75          78  0.19340420391739344     
          77          78   2.4467997115144215     
          79          80   2.4451000219430536     
          80          81   1.3306473371407241     
          79          82  0.19312090945481036     
          81          82   2.3596345687562486     
          82          83   1.3306702701767019     
          81          84  0.19310720080568694     
          83          84   2.4450164174451143     
          85          86   2.4448920178605320     
          86          87   1.3307626264686223     
          85          88  0.19308804281629868     
          87          88   2.3594703233552781     
          88          89   1.3307572949769098     
          87          90  0.19308629896312951     
          89          90   2.4448981770919920     
          91          92   2.4451812208647081     
          92          93   1.3305248539237731     
          91          94  0.19308899383180927     
          93          94   2.3598266184293779     
          94          95   1.3304970008878949     
          93          96  0.19310749523290199     
          95          96   2.4452979471730991     
          97          98   2.4473764927318316     
          98          99   1.3286875106388256     
          97         100  0.19332110548849207     
          99         100   2.3630108240014334     
         100         101   1.3279359988937458     
          41         102   1.1807495693716890     
          99         102  0.19350686376549942     
         101         102   2.4498210092342272     
         104         105   1.6406201660237163     
         105         106   1.1837360063385778     
          78         107   1.1837219122003033     
         106         107   1.2535757489973263     
         107         108   1.2538534468041513     
         108         109   1.1837300575701333     
         109         110   1.6406158988139454     
         110         111   1.1751267843924924     
         103         112  0.71819886497327334     
         108         112   1.2641964780257680     
         111         112   1.2261097702114645     
         111         113   1.3589779616449982     
         113         114   1.3591618626287838     
         114         115   1.1751402800696780     
         115         116   1.6405347691144094     
         116         117   1.1838031105049931     
         103         118  0.71809419521664486     
         114         118   1.2259320085287828     
         117         118   1.2644688170897591     
          79         119   1.1845166267740102     
         117         119   1.2533120692422290     
         119         120   1.2532887043527603     
         120         121   1.1838145102865116     
         121         122   1.6405170287416775     
         122         123   1.1751561513795241     
         103         124  0.71797867835877593     
         120         124   1.2644797624689510     
         123         124   1.2259756020042079     
         123         125   1.3591177200675850     
         104         126   1.1751336267234258     
         125         126   1.3590437277747445     
         103         127  0.71823696871091181     
         106         127   1.2642767371728301     
         126         127   1.2260126298754939     
         104         128  0.97197560368923086     
         105         129  0.97012955555601343     
         109         130  0.97014354134180514     
         110         131  0.97197784582532298     
         113         132  0.96298111694709265     
         115         133  0.97197649057573798     
         116         134  0.97012868074458902     
         121         135  0.97014298491651341     
         122         136  0.97197714100362786     
         125         137  0.96297791335433947     
         139         140   1.6404954157989284     
         140         141   1.1838351652056147     
          84         142   1.1846096275138631     
         141         142   1.2531731037092022     
         142         143   1.2532786272277152     
         143         144   1.1838131343128477     
         144         145   1.6405004989915732     
         145         146   1.1751770108702997     
         138         147  0.71806531327239242     
         143         147   1.2645181536237566     
         146         147   1.2259667945198147     
         146         148   1.3590532654061618     
         148         149   1.3590935136995186     
         149         150   1.1751713818880192     
         150         151   1.6405082439258356     
         151         152   1.1838060287854646     
         138         153  0.71802548921833187     
         149         153   1.2259378684666196     
         152         153   1.2645688193650093     
          85         154   1.1846770347253344     
         152         154   1.2532036814744276     
         154         155   1.2531719846810472     
         155         156   1.1838324895533918     
         156         157   1.6404946342842210     
         157         158   1.1751739449802661     
         138         159  0.71796127821044886     
         155         159   1.2645425264752701     
         158         159   1.2259696243988374     
         158         160   1.3590748926810012     
         139         161   1.1751771327598772     
         160         161   1.3590584403141350     
         138         162  0.71800580320207807     
         141         162   1.2645273366719720     
         161         162   1.2259706153566483     
         139         163  0.97197583052207770     
         140         164  0.97014177806439317     
         144         165  0.97013018900418824     
         145         166  0.97197561921594300     
         148         167  0.96297518483091560     
         150         168  0.97197546858486372     
         151         169  0.97012760314786128     
         156         170  0.97014394314576557     
         157         171  0.97197557570163895     
         160         172  0.96297402790435693     
         174         175   1.6405029794751331     
         175         176   1.1838355548351713     
          90         177   1.1846738615867201     
         176         177   1.2530878036365352     
         177         178   1.2532966789538018     
         178         179   1.1838089254123485     
         179         180   1.6405123560150496     
         180         181   1.1751569624518339     
         173         182  0.71801972035722961     
         178         182   1.2645303303626636     
         181         182   1.2259567721829872     
         181         183   1.3590899927206843     
         183         184   1.3590232660737935     
         184         185   1.1751830507610677     
         185         186   1.6404807679341942     
         186         187   1.1838574413079044     
         173         188  0.71811474813507381     
         184         188   1.2259824209440475     
         187         188   1.2644549607015825     
          91         189   1.1845385090414629     
         187         189   1.2532961637543765     
         189         190   1.2532142770251380     
         190         191   1.1838546711289433     
         191         192   1.6404811049743495     
         192         193   1.1751886533694829     
         173         194  0.71809283601860008     
         190         194   1.2644629813121588     
         193         194   1.2259657332779046     
         193         195   1.3590302216300441     
         174         196   1.1751682705172481     
         195         196   1.3590967157120000     
         173         197  0.71790948339813110     
         176         197   1.2645734717238715     
         196         197   1.2259469299661845     
         174         198  0.97197597442919281     
         175         199  0.97014590916332355     
         179         200  0.97012925239881320     
         180         201  0.97197722172802659     
         183         202  0.96297401514102976     
         185         203  0.97197588701650561     
         186         204  0.97014027387890711     
         191         205  0.97013752135381293     
         192         206  0.97197525112933403     
         195         207  0.96297044951792921     
         209         210   1.6405642828029476     
         210         211   1.1838108360203377     
          96         212   1.1844167113334505     
         211         212   1.2533463412827053     
         212         213   1.2533713591031288     
         213         214   1.1838186844118850     
         214         215   1.6405446803265540     
         215         216   1.1751225169346076     
         208         217  0.71801466724605634     
         213         217   1.2644254992603166     
         216         217   1.2259979607536649     
         216         218   1.3591323194851890     
         218         219   1.3589897499311434     
         219         220   1.1750834587058023     
         220         221   1.6406885439525467     
         221         222   1.1836994752672207     
         208         223  0.71826612733859529     
         219         223   1.2261152874649310     
         222         223   1.2640996209602364     
          97         224   1.1832184699981501     
         222         224   1.2538701463704511     
         224         225   1.2540499559944356     
         225         226   1.1837021889777304     
         226         227   1.6406748426539504     
         227         228   1.1750881273197924     
         208         229  0.71825820638085502     
         225         229   1.2640479920121948     
         228         229   1.2261770355520787     
         228         230   1.3589412176578002     
         209         231   1.1751072563855762     
         230         231   1.3591629233561981     
         208         232  0.71805437136181971     
         211         232   1.2644302632731854     
         231         232   1.2259730107262039     
         209         233  0.97197658682037957     
         210         234  0.97013645423815109     
         214         235  0.97013999598121192     
         215         236  0.97197688442677654     
         218         237  0.96297659536651781     
         220         238  0.97197536153286712     
         221         239  0.97013070878843222     
         226         240  0.97013866885411515     
         227         241  0.97197671023258692     
         230         242  0.96297891663820612     
