    0.24473784
   -0.05189922
   -0.05051279
    0.07743024
    0.01646536
    0.07745804
   -0.05046473
   -0.05190317
    0.07570083
   -0.17695840
   -0.04966300
    0.07699025
   -0.05097038
   -0.05110236
    0.07746525
   -0.17472791
   -0.05144060
    0.07746652
   -0.05110434
   -0.05097151
    0.07698869
   -0.17474213
   -0.04965329
    0.07569279
   -0.17691431
    0.03382356
    0.03580693
    0.03579702
    0.03380709
    0.04933024
    0.03441058
    0.03431566
    0.04869981
    0.03431442
    0.03440888
    0.04933800
    0.24473095
   -0.05190026
   -0.05050699
    0.07741606
    0.01646594
    0.07744461
   -0.05045573
   -0.05190217
    0.07571553
   -0.17697086
   -0.04968741
    0.07699238
   -0.05097110
   -0.05110143
    0.07746629
   -0.17473583
   -0.05145336
    0.07746769
   -0.05110352
   -0.05097204
    0.07699101
   -0.17475031
   -0.04967649
    0.07570775
   -0.17693228
    0.03382385
    0.03579780
    0.03578614
    0.03380800
    0.04931965
    0.03440704
    0.03431225
    0.04869240
    0.03431039
    0.03440550
    0.04932801
   -0.01892461
   -0.01079264
   -0.00185860
   -0.00263627
   -0.01006704
   -0.01975199
   -0.01910758
   -0.01036241
   -0.00195088
   -0.00218046
   -0.01013877
   -0.01933396
   -0.01915672
   -0.01023792
   -0.00198619
   -0.00204016
   -0.01018252
   -0.01921208
   -0.01921050
   -0.01017815
   -0.00204586
   -0.00198958
   -0.01023232
   -0.01915339
   -0.01933825
   -0.01013640
   -0.00218679
   -0.00195677
   -0.01035937
   -0.01911070
   -0.01971513
   -0.01004352
   -0.00260860
   -0.00182139
   -0.01078199
   -0.01887997
    0.24660384
   -0.05170737
   -0.05047981
    0.07763285
    0.01692135
    0.07765827
   -0.05044882
   -0.05171089
    0.07527738
   -0.17702625
   -0.04745009
    0.07523056
   -0.05165802
   -0.05055594
    0.07774765
   -0.17704899
    0.01652966
    0.07775798
   -0.05054405
   -0.05165852
    0.07523154
   -0.17707545
   -0.04744737
    0.07527095
   -0.17699105
    0.03401991
    0.03596982
    0.03596879
    0.03400895
    0.05009654
    0.03402742
    0.03585725
    0.03585471
    0.03401986
    0.05009764
    0.24665830
   -0.05165118
   -0.05049258
    0.07773412
    0.01677447
    0.07772285
   -0.05050642
   -0.05164854
    0.07527165
   -0.17696183
   -0.04734984
    0.07526459
   -0.05163581
   -0.05051907
    0.07776121
   -0.17698590
    0.01666794
    0.07776033
   -0.05052054
   -0.05163616
    0.07526540
   -0.17698420
   -0.04735084
    0.07527340
   -0.17696898
    0.03410587
    0.03596807
    0.03597061
    0.03410963
    0.05019298
    0.03410771
    0.03593244
    0.03593101
    0.03410804
    0.05019202
    0.24666808
   -0.05163615
   -0.05050823
    0.07775362
    0.01672574
    0.07775547
   -0.05050543
   -0.05163495
    0.07527698
   -0.17696912
   -0.04733612
    0.07527610
   -0.05163494
   -0.05050793
    0.07775069
   -0.17695649
    0.01672441
    0.07775707
   -0.05050486
   -0.05163629
    0.07527758
   -0.17697358
   -0.04733710
    0.07527674
   -0.17696141
    0.03412850
    0.03596088
    0.03595996
    0.03412626
    0.05021187
    0.03412806
    0.03595831
    0.03596215
    0.03412627
    0.05021123
    0.24665736
   -0.05163834
   -0.05051859
    0.07776649
    0.01666659
    0.07775505
   -0.05052094
   -0.05163594
    0.07526415
   -0.17697774
   -0.04735115
    0.07527289
   -0.05165118
   -0.05049295
    0.07773331
   -0.17696843
    0.01677804
    0.07772276
   -0.05050298
   -0.05164976
    0.07527210
   -0.17696290
   -0.04735205
    0.07526556
   -0.17699308
    0.03410608
    0.03593421
    0.03592727
    0.03410725
    0.05019254
    0.03410394
    0.03597067
    0.03596812
    0.03410918
    0.05019181
    0.24659713
   -0.05165728
   -0.05055649
    0.07774203
    0.01652639
    0.07776465
   -0.05053112
   -0.05165800
    0.07524167
   -0.17708678
   -0.04747330
    0.07529219
   -0.05170612
   -0.05046047
    0.07763236
   -0.17701130
    0.01692688
    0.07763763
   -0.05044696
   -0.05170776
    0.07529290
   -0.17703081
   -0.04746883
    0.07523506
   -0.17704475
    0.03403021
    0.03586016
    0.03585751
    0.03401903
    0.05009061
    0.03402244
    0.03596604
    0.03596886
    0.03401739
    0.05009520
