           2           3   1.6503705013368695     
           3           4   1.1793437973423657     
           4           5   1.2502577276397504     
           5           6   1.2505680012447902     
           6           7   1.1793443742750684     
           7           8   1.6503610575468071     
           8           9   1.1710934759215774     
           1          10  0.48893923325133926     
           6          10   1.2863118081180862     
           9          10   1.2464970509243738     
           9          11   1.3578324238479058     
          11          12   1.3537946575771880     
          12          13   1.1628008483352839     
          13          14   1.6656559883430018     
          14          15   1.1620140708885607     
           1          16  0.49136262827875843     
          12          16   1.2609771228956717     
          15          16   1.2632165110800453     
          15          17   1.3541169022031510     
          17          18   1.3540949276095113     
          18          19   1.1620119724196014     
          19          20   1.6656496352963828     
          20          21   1.1628059654481062     
           1          22  0.49129840078252440     
          18          22   1.2632408018094528     
          21          22   1.2609910732714031     
          21          23   1.3537765040883740     
           2          24   1.1711069372973419     
          23          24   1.3578797194471099     
           1          25  0.48894308830576727     
           4          25   1.2864024272215802     
          24          25   1.2464116059419001     
           2          26  0.97242168183571298     
           3          27  0.97088007758581985     
           7          28  0.97088524642937568     
           8          29  0.97242451550653597     
          11          30  0.96389781573916533     
          13          31  0.97232782413655328     
          14          32  0.97235167189282878     
          17          33  0.96422157370469341     
          19          34  0.97235244867625037     
          20          35  0.97232782394222861     
          23          36  0.96389438037592745     
          38          39   1.6504409747128195     
          39          40   1.1792855096322308     
          40          41   1.2505380254440595     
          41          42   1.2508686969624985     
          42          43   1.1792831314619410     
          43          44   1.6504362210670060     
          44          45   1.1710601310583784     
          37          46  0.48895269622094956     
          42          46   1.2861332196775621     
          45          46   1.2466157407063727     
          45          47   1.3577615977479101     
          47          48   1.3538633924306192     
          48          49   1.1627680557335536     
          49          50   1.6656963921005858     
          50          51   1.1619941344553160     
          37          52  0.49138210317257269     
          48          52   1.2609695647428161     
          51          52   1.2632152360194480     
          51          53   1.3541384955305920     
          53          54   1.3541119141605087     
          54          55   1.1619936331543459     
          55          56   1.6656830833760310     
          56          57   1.1627822212832295     
          37          58  0.49131817265094813     
          54          58   1.2632429326839569     
          57          58   1.2609760246657093     
          57          59   1.3538438971935605     
          38          60   1.1710746305874189     
          59          60   1.3578148976523852     
          37          61  0.48894764919400646     
          40          61   1.2862348479310186     
          60          61   1.2465242248800621     
          38          62  0.97242124945164032     
          39          63  0.97087387650934298     
          43          64  0.97088265743170488     
          44          65  0.97242370427787417     
          47          66  0.96389907667692754     
          49          67  0.97232805287881829     
          50          68  0.97235156146710644     
          53          69  0.96422209654303781     
          55          70  0.97235234396778347     
          56          71  0.97232761963215553     
          59          72  0.96389527123592789     
           5          73   1.1877800740757278     
          73          74   2.4417023827448281     
          74          75   1.3330355536632204     
          73          76  0.19280530840806770     
          75          76   2.3555832183985714     
          76          77   1.3338315668400367     
          75          78  0.19257281007705890     
          77          78   2.4391380790323423     
          79          80   2.4370186970440777     
          80          81   1.3356418973443660     
          79          82  0.19235497618316333     
          81          82   2.3522922180996648     
          82          83   1.3356568909193403     
          81          84  0.19233005807577891     
          83          84   2.4369452600065791     
          85          86   2.4367681121738016     
          86          87   1.3357887069541285     
          85          88  0.19233563014513858     
          87          88   2.3521273439516732     
          88          89   1.3357868528081405     
          87          90  0.19233005581145518     
          89          90   2.4367700187676222     
          91          92   2.4368124012372383     
          92          93   1.3357633606981218     
          91          94  0.19232839667364934     
          93          94   2.3521371743156072     
          94          95   1.3357757027551815     
          93          96  0.19234083226974430     
          95          96   2.4368020005516007     
          97          98   2.4370187665134582     
          98          99   1.3355862863468597     
          97         100  0.19233276619313905     
          99         100   2.3524063441330902     
         100         101   1.3355442257501455     
          99         102  0.19235100022617296     
         101         102   2.4371642758372456     
         103         104   2.4397848892319538     
         104         105   1.3331949130240783     
         103         106  0.19249477030717943     
         105         106   2.3562608584392200     
         106         107   1.3323991837752966     
          41         108   1.1871860983027840     
         105         108  0.19272648221657063     
         107         108   2.4423322592099055     
         110         111   1.6476868961245166     
         111         112   1.1810679626644722     
          78         113   1.1905177921844441     
         112         113   1.2477882247354453     
         113         114   1.2480005013419193     
         114         115   1.1810432509271909     
         115         116   1.6476963560977445     
         116         117   1.1734344962172318     
         109         118  0.48873489919859919     
         114         118   1.2875213522257998     
         117         118   1.2446460220240543     
         117         119   1.3558244672567572     
         119         120   1.3569106529217936     
         120         121   1.1731798785977363     
         121         122   1.6479804290586930     
         122         123   1.1808150288715187     
         109         124  0.48877455884204912     
         120         124   1.2439600921855172     
         123         124   1.2881639584117230     
          79         125   1.1914973521124637     
         123         125   1.2473089410693898     
         125         126   1.2474167564182026     
         126         127   1.1808107592869956     
         127         128   1.6479766607744137     
         128         129   1.1731762994532251     
         109         130  0.48873489022248395     
         126         130   1.2881444337415073     
         129         130   1.2439925953984980     
         129         131   1.3568938386147615     
         110         132   1.1734507401446082     
         131         132   1.3558453452967894     
         109         133  0.48876700894727587     
         112         133   1.2875568461685210     
         132         133   1.2445967191751532     
         110         134  0.97240383344567205     
         111         135  0.97088623553265641     
         115         136  0.97088296846476196     
         116         137  0.97240523893967090     
         119         138  0.96355628853304431     
         121         139  0.97240493607903666     
         122         140  0.97088505300754502     
         127         141  0.97088865754503462     
         128         142  0.97240585110794997     
         131         143  0.96355508991469707     
         145         146   1.6477210258937784     
         146         147   1.1809841635098688     
          84         148   1.1916246093755880     
         147         148   1.2473380623208163     
         148         149   1.2472912828907377     
         149         150   1.1810021631775651     
         150         151   1.6477096331094567     
         151         152   1.1734129097841055     
         144         153  0.48871639850226406     
         149         153   1.2880079307778312     
         152         153   1.2442300619609490     
         152         154   1.3562526372579480     
         154         155   1.3565706135013120     
         155         156   1.1733044287856282     
         156         157   1.6478443761548678     
         157         158   1.1808844113687906     
         144         159  0.48872189165304586     
         155         159   1.2440701135346668     
         158         159   1.2881558320749056     
          85         160   1.1916878833310045     
         158         160   1.2472666670121706     
         160         161   1.2472693203635179     
         161         162   1.1808825003019288     
         162         163   1.6478444778601538     
         163         164   1.1733057129078284     
         144         165  0.48871792363438604     
         161         165   1.2881548579354032     
         164         165   1.2440695976022946     
         164         166   1.3565668022857846     
         145         167   1.1734028653521655     
         166         167   1.3562593515893744     
         144         168  0.48871483795506399     
         147         168   1.2880229500781883     
         167         168   1.2442318368275485     
         145         169  0.97239990985470071     
         146         170  0.97087632837005045     
         150         171  0.97088471425764222     
         151         172  0.97239959545461707     
         154         173  0.96354523448039830     
         156         174  0.97239987583322496     
         157         175  0.97088138770548771     
         162         176  0.97088167670196768     
         163         177  0.97239959771815043     
         166         178  0.96354618913493828     
         180         181   1.6477820843651689     
         181         182   1.1809263015965863     
          90         183   1.1917010291835399     
         182         183   1.2472482895965800     
         183         184   1.2472946110088585     
         184         185   1.1809247306659507     
         185         186   1.6477840433580440     
         186         187   1.1733554615974462     
         179         188  0.48871115156548250     
         184         188   1.2881029840586073     
         187         188   1.2441395688446168     
         187         189   1.3564230530899435     
         189         190   1.3564182375178211     
         190         191   1.1733629391753602     
         191         192   1.6477747410405681     
         192         193   1.1809410240495419     
         179         194  0.48872787393533679     
         190         194   1.2441336687254685     
         193         194   1.2881036935766130     
          91         195   1.1916821504405324     
         193         195   1.2472475920734512     
         195         196   1.2473065200327367     
         196         197   1.1809139125885513     
         197         198   1.6477895854582836     
         198         199   1.1733544871633168     
         179         200  0.48870391118857992     
         196         200   1.2881108613578307     
         199         200   1.2441372608550481     
         199         201   1.3564228798967579     
         180         202   1.1733605488854790     
         201         202   1.3564258104665019     
         179         203  0.48871953891515130     
         182         203   1.2881192769325640     
         202         203   1.2441262961587207     
         180         204  0.97239854379550361     
         181         205  0.97087894567889055     
         185         206  0.97088180326848195     
         186         207  0.97239881022953367     
         189         208  0.96354318645929349     
         191         209  0.97239827722737282     
         192         210  0.97088324347435451     
         197         211  0.97087764617268912     
         198         212  0.97239885664412251     
         201         213  0.96354336895105597     
         215         216   1.6478474569783721     
         216         217   1.1808735518895430     
          96         218   1.1916719017134940     
         217         218   1.2473024048025647     
         218         219   1.2472425040411601     
         219         220   1.1808975573035012     
         220         221   1.6478310698968364     
         221         222   1.1733162615645558     
         214         223  0.48872310754444459     
         219         223   1.2881522458134369     
         222         223   1.2440716383669290     
         222         224   1.3565606882613803     
         224         225   1.3562554505960325     
         225         226   1.1734079646336180     
         226         227   1.6477096817947587     
         227         228   1.1810008092456679     
         214         229  0.48872701790691403     
         225         229   1.2442389519362334     
         228         229   1.2879993475237694     
          97         230   1.1915991250443354     
         228         230   1.2473548523405684     
         230         231   1.2472986424807098     
         231         232   1.1809877436567575     
         232         233   1.6477182115723794     
         233         234   1.1734115748628566     
         214         235  0.48870602971453542     
         231         235   1.2880201533272773     
         234         235   1.2442272772284679     
         234         236   1.3562548630140903     
         215         237   1.1733010056955298     
         236         237   1.3565774915481370     
         214         238  0.48871853131855902     
         217         238   1.2881552559898393     
         237         238   1.2440671360854374     
         215         239  0.97240015992524587     
         216         240  0.97087537962327775     
         220         241  0.97088875954929765     
         221         242  0.97239966417055268     
         224         243  0.96354551019665613     
         226         244  0.97240002697352335     
         227         245  0.97087890732281634     
         232         246  0.97088260542905602     
         233         247  0.97239928703392309     
         236         248  0.96354486466836475     
         250         251   1.6480162215121383     
         251         252   1.1807980486592664     
         102         253   1.1914185699422286     
         252         253   1.2472970809597617     
         253         254   1.2475308673132304     
         254         255   1.1807833428836063     
         255         256   1.6480211459087197     
         256         257   1.1731398452171784     
         249         258  0.48875198346758042     
         254         258   1.2880961677124123     
         257         258   1.2440186099256554     
         257         259   1.3569287449913046     
         259         260   1.3558038655080087     
         260         261   1.1733987357900821     
         261         262   1.6477771664521113     
         262         263   1.1809873012235681     
         249         264  0.48878155249131555     
         260         264   1.2447045600573248     
         263         264   1.2873854293024303     
         103         265   1.1899281713830674     
         263         265   1.2481269912094126     
         265         266   1.2482328863859888     
         266         267   1.1809904869389327     
         267         268   1.6477662042259236     
         268         269   1.1734030957030670     
         249         270  0.48874108293220858     
         266         270   1.2873551884033867     
         269         270   1.2447534437193026     
         269         271   1.3557615652897490     
         250         272   1.1731562536783393     
         271         272   1.3569633864237924     
         249         273  0.48879329871261951     
         252         273   1.2881669450856192     
         272         273   1.2439527922307776     
         250         274  0.97240444597511544     
         251         275  0.97088567945879023     
         255         276  0.97088736361934713     
         256         277  0.97240564106147209     
         259         278  0.96355556442944890     
         261         279  0.97240303363064118     
         262         280  0.97087552066974869     
         267         281  0.97088516051525497     
         268         282  0.97240432594765114     
         271         283  0.96355595323060406     
