    0.09905527
   -0.05323214
   -0.05210196
    0.07156617
    0.01912332
    0.07185895
   -0.05083799
   -0.05333063
    0.07143624
   -0.12981487
   -0.04954583
    0.07248139
   -0.05231154
   -0.05243351
    0.07276937
   -0.12859421
   -0.05116304
    0.07274520
   -0.05243151
   -0.05235674
    0.07237564
   -0.12843789
   -0.04946433
    0.07129436
   -0.12939862
    0.03428823
    0.03610346
    0.03432439
    0.03417245
    0.04959342
    0.03447691
    0.03436676
    0.04897532
    0.03437397
    0.03443439
    0.04965331
    0.09906084
   -0.05322226
   -0.05209391
    0.07153440
    0.01920838
    0.07185011
   -0.05082835
   -0.05333441
    0.07141183
   -0.12978991
   -0.04947418
    0.07245631
   -0.05231330
   -0.05242360
    0.07273607
   -0.12849946
   -0.05107837
    0.07271274
   -0.05242921
   -0.05235112
    0.07233139
   -0.12831105
   -0.04938043
    0.07125040
   -0.12929324
    0.03432120
    0.03610379
    0.03434193
    0.03419030
    0.04961712
    0.03450526
    0.03439986
    0.04900625
    0.03440006
    0.03446686
    0.04968633
   -0.02927123
   -0.02879105
   -0.02869479
   -0.02931038
    0.09753326
   -0.05315613
   -0.05227566
    0.07206997
    0.01868292
    0.07227954
   -0.05090667
   -0.05329208
    0.07145648
   -0.13078258
   -0.04812924
    0.07146026
   -0.05314614
   -0.05219835
    0.07210913
   -0.13051259
    0.01864521
    0.07226248
   -0.05099102
   -0.05328965
    0.07143751
   -0.13073018
   -0.04811976
    0.07144199
   -0.13038758
    0.03408058
    0.03619421
    0.03374587
    0.03391622
    0.05000313
    0.03405433
    0.03608573
    0.03378343
    0.03393336
    0.05002715
