           2           3   1.6412823757484152     
           3           4   1.1828566748807379     
           4           5   1.2581639679421988     
           5           6   1.2626013309078949     
           6           7   1.1823674053203708     
           7           8   1.6415787813132039     
           8           9   1.1738862336998659     
           1          10  0.72330887260288534     
           6          10   1.2587914166651935     
           9          10   1.2291730008497943     
           9          11   1.3564938102709485     
          11          12   1.3577130858157700     
          12          13   1.1655137148610308     
          13          14   1.6567479636187814     
          14          15   1.1653319221947245     
           1          16  0.72561345311143111     
          12          16   1.2378620339526905     
          15          16   1.2418222768101177     
          15          17   1.3555825623375894     
          17          18   1.3564562567557492     
          18          19   1.1652413693882830     
          19          20   1.6563980504589704     
          20          21   1.1662335056001800     
           1          22  0.72591098833428780     
          18          22   1.2407593996393893     
          21          22   1.2389270214187749     
          21          23   1.3560062412325067     
           2          24   1.1739831657477606     
          23          24   1.3586289588974030     
           1          25  0.72366137171456135     
           4          25   1.2615744434070844     
          24          25   1.2264661336919642     
           2          26  0.97198673520395296     
           3          27  0.96869613100715157     
           7          28  0.96711597406334882     
           8          29  0.97200528576218936     
          11          30  0.96352881250481581     
          13          31  0.97192146341497898     
          14          32  0.97194669795067545     
          17          33  0.96380646370052458     
          19          34  0.97195356129847243     
          20          35  0.97192718057433347     
          23          36  0.96351469928241973     
          38          39   1.6412286266028508     
          39          40   1.1828285752842500     
          40          41   1.2577857884011985     
          41          42   1.2623702304507485     
          42          43   1.1824155832317702     
          43          44   1.6414619999698323     
          44          45   1.1739081991043696     
          37          46  0.72333108257569056     
          42          46   1.2588111922528873     
          45          46   1.2291237576096969     
          45          47   1.3563244179449148     
          47          48   1.3574831615105372     
          48          49   1.1655116866515489     
          49          50   1.6566928253250657     
          50          51   1.1653134038197750     
          37          52  0.72590633825965556     
          48          52   1.2378677053652090     
          51          52   1.2416476554542117     
          51          53   1.3555205348682411     
          53          54   1.3561219286021813     
          54          55   1.1653293458980434     
          55          56   1.6562487318192209     
          56          57   1.1663111562565953     
          37          58  0.72628848201292362     
          54          58   1.2407496088755345     
          57          58   1.2387418319359180     
          57          59   1.3558322748523777     
          38          60   1.1740305499608554     
          59          60   1.3585209450203388     
          37          61  0.72380996523351016     
          40          61   1.2616822835575670     
          60          61   1.2262996558392885     
          38          62  0.97198515314467016     
          39          63  0.96878284160302475     
          43          64  0.96700185474895062     
          44          65  0.97200595964588432     
          47          66  0.96355083646324524     
          49          67  0.97191826739628873     
          50          68  0.97194684120243147     
          53          69  0.96382968402031288     
          55          70  0.97195242307376806     
          56          71  0.97192238023563893     
          59          72  0.96353310737897990     
           5          73   1.1665785708144500     
          73          74   2.5826096375178684     
          41          76   1.1668606542077804     
          75          76   2.5823673439007599     
          78          79   1.6422249181412782     
          79          80   1.1821313112131593     
          74          81   1.1659077885252422     
          80          81   1.2588919598814645     
          81          82   1.2625460727161413     
          82          83   1.1822712461419422     
          83          84   1.6416827056790337     
          84          85   1.1744608494147810     
          77          86  0.71865642249655592     
          82          86   1.2617310193429390     
          85          86   1.2285103338419319     
          85          87   1.3573843594968782     
          87          88   1.3597081270187230     
          88          89   1.1739293987802499     
          89          90   1.6422603803879732     
          90          91   1.1821362571394198     
          77          92  0.71866046825069307     
          88          92   1.2264159455564148     
          91          92   1.2637644510736241     
          75          93   1.1660053762163114     
          91          93   1.2591247982308105     
          93          94   1.2622158892182749     
          94          95   1.1822414549888138     
          95          96   1.6416672286984690     
          96          97   1.1745070765498340     
          77          98  0.71868791005781685     
          94          98   1.2618619922823231     
          97          98   1.2283635997497679     
          97          99   1.3574441068742085     
          78         100   1.1739754919214085     
          99         100   1.3597142990166693     
          77         101  0.71896297310466495     
          80         101   1.2637795264029237     
         100         101   1.2262701626157351     
          78         102  0.97197858258096115     
          79         103  0.96853651068709712     
          83         104  0.96705655046889039     
          84         105  0.97201174267275481     
          87         106  0.96310006978093210     
          89         107  0.97198386993591523     
          90         108  0.96864840808425823     
          95         109  0.96690030182841669     
          96         110  0.97200866107383910     
          99         111  0.96309215686059335     
