    0.56182950
   -0.05425914
   -0.05427242
    0.07022857
    0.01040352
    0.07025788
   -0.05423666
   -0.05426246
    0.06425322
   -0.21431254
   -0.06034729
    0.06546188
   -0.05341155
   -0.05512111
    0.07040803
   -0.21272212
   -0.05909333
    0.07040895
   -0.05512463
   -0.05341488
    0.06546331
   -0.21273051
   -0.06033743
    0.06424366
   -0.21426707
    0.03036570
    0.03282731
    0.03284352
    0.03034488
    0.04937847
    0.03075407
    0.03106441
    0.04739709
    0.03106300
    0.03075375
    0.04938653
    0.56179800
   -0.05425725
   -0.05427491
    0.07021666
    0.01040158
    0.07024199
   -0.05423960
   -0.05426018
    0.06427279
   -0.21432068
   -0.06036850
    0.06546700
   -0.05341336
   -0.05512012
    0.07040559
   -0.21272091
   -0.05909935
    0.07040627
   -0.05512255
   -0.05341395
    0.06546696
   -0.21272789
   -0.06036025
    0.06426456
   -0.21428261
    0.03036645
    0.03285549
    0.03286694
    0.03034993
    0.04937023
    0.03075186
    0.03106230
    0.04739255
    0.03106082
    0.03075141
    0.04937779
   -0.02254373
   -0.01120833
   -0.01102425
   -0.02272851
   -0.02257135
   -0.01109224
   -0.01108742
   -0.02256681
   -0.02257461
   -0.01108715
   -0.01110300
   -0.02257329
   -0.02267376
   -0.01099618
   -0.01117913
   -0.02248827
    0.56525992
   -0.05421570
   -0.05434845
    0.07055047
    0.01034323
    0.07057490
   -0.05430961
   -0.05421628
    0.06400581
   -0.21549634
   -0.05863308
    0.06399415
   -0.05420128
   -0.05436521
    0.07062416
   -0.21553281
    0.01026904
    0.07062861
   -0.05436755
   -0.05420109
    0.06399071
   -0.21553731
   -0.05862488
    0.06399606
   -0.21546032
    0.03029681
    0.03263108
    0.03264846
    0.03028227
    0.04989753
    0.03030661
    0.03265479
    0.03266277
    0.03030510
    0.04990570
    0.56551734
   -0.05421186
   -0.05436937
    0.07060881
    0.01028455
    0.07060084
   -0.05437677
   -0.05420991
    0.06398098
   -0.21553005
   -0.05857031
    0.06398469
   -0.05421187
   -0.05436132
    0.07061231
   -0.21555502
    0.01028704
    0.07059795
   -0.05438295
   -0.05420918
    0.06397987
   -0.21552682
   -0.05856696
    0.06398188
   -0.21554582
    0.03031137
    0.03265236
    0.03265244
    0.03031717
    0.04991918
    0.03030869
    0.03265302
    0.03265400
    0.03031858
    0.04992192
    0.56521920
   -0.05420141
   -0.05436373
    0.07062095
    0.01026598
    0.07062788
   -0.05436331
   -0.05420311
    0.06399865
   -0.21554324
   -0.05864660
    0.06401598
   -0.05421224
   -0.05435257
    0.07053476
   -0.21546462
    0.01034241
    0.07056048
   -0.05430963
   -0.05421472
    0.06402637
   -0.21551381
   -0.05865498
    0.06399783
   -0.21552725
    0.03030600
    0.03265372
    0.03266361
    0.03030264
    0.04989641
    0.03030266
    0.03266539
    0.03267015
    0.03028444
    0.04988950
