           2           3   1.6441945121747739     
           3           4   1.1821573173638997     
           4           5   1.2565087756854472     
           5           6   1.2568377830191770     
           6           7   1.1821449883636632     
           7           8   1.6441959514946118     
           8           9   1.1709873353645057     
           1          10  0.65660776149865741     
           6          10   1.2573077467516158     
           9          10   1.2166194909562835     
           9          11   1.3612492727779226     
          11          12   1.3609090044827927     
          12          13   1.1627946316336863     
          13          14   1.6598556390777455     
          14          15   1.1638832814556113     
           1          16  0.65964130696233603     
          12          16   1.2265862223277979     
          15          16   1.2387735197414302     
          15          17   1.3579142779468745     
          17          18   1.3578869310395532     
          18          19   1.1638977736498697     
          19          20   1.6598312106478770     
          20          21   1.1628123983972356     
           1          22  0.65956063886488114     
          18          22   1.2387906069966661     
          21          22   1.2266172365693253     
          21          23   1.3608739764932585     
           2          24   1.1710028741243710     
          23          24   1.3613071314175986     
           1          25  0.65664681796046787     
           4          25   1.2573946251828743     
          24          25   1.2165164036216618     
           2          26  0.97224917761185192     
           3          27  0.97121787545985494     
           7          28  0.97122321780293963     
           8          29  0.97225109624568840     
          11          30  0.96294231859913726     
          13          31  0.97214532947115839     
          14          32  0.97241421818193940     
          17          33  0.96491753388394497     
          19          34  0.97241528975864733     
          20          35  0.97214577871057828     
          23          36  0.96293936341559361     
          38          39   1.6443331429419188     
          39          40   1.1820255392516632     
          40          41   1.2569355955409804     
          41          42   1.2572128243710630     
          42          43   1.1820264929370490     
          43          44   1.6443210250055396     
          44          45   1.1709371902839234     
          37          46  0.65669833794169330     
          42          46   1.2571158677802543     
          45          46   1.2166818390853602     
          45          47   1.3612377776476576     
          47          48   1.3609409237920005     
          48          49   1.1627730911322052     
          49          50   1.6598796092604609     
          50          51   1.1638723339705819     
          37          52  0.65966409202338738     
          48          52   1.2265998679647820     
          51          52   1.2387567158981025     
          51          53   1.3579361292976799     
          53          54   1.3579149566926905     
          54          55   1.1638801792469908     
          55          56   1.6598631953311467     
          56          57   1.1627880174449194     
          37          58  0.65961297765850668     
          54          58   1.2387761132633357     
          57          58   1.2266076610170626     
          57          59   1.3609251826879503     
          38          60   1.1709428828142907     
          59          60   1.3612700144245693     
          37          61  0.65668708931326147     
          40          61   1.2571964816187347     
          60          61   1.2166228990676524     
          38          62  0.97224852583473109     
          39          63  0.97121197789482383     
          43          64  0.97121367724386276     
          44          65  0.97225038598778224     
          47          66  0.96294290850627628     
          49          67  0.97214568419669734     
          50          68  0.97241441614711988     
          53          69  0.96491705677728878     
          55          70  0.97241481049988188     
          56          71  0.97214558955543784     
          59          72  0.96294033442562543     
           5          73   1.1823864102815005     
          73          74   2.4758854034498503     
          74          75   1.3013314817269950     
          73          76  0.20352882364600422     
          75          76   2.4743005386231891     
          77          78   2.4715511334895082     
          78          79   1.3036420553375876     
          77          80  0.20325628750210484     
          79          80   2.4715020743960707     
          81          82   2.4715110286592590     
          82          83   1.3036428057079805     
          81          84  0.20326754550466408     
          83          84   2.4715774432591133     
          85          86   2.4749895689751793     
          86          87   1.3005435063085944     
          41          88   1.1815524352023326     
          85          88  0.20332755948487735     
          87          88   2.4765759433332004     
          90          91   1.6432237591221628     
          91          92   1.1824943776087355     
          76          93   1.1845485726727685     
          92          93   1.2539793918930402     
          93          94   1.2543273808360385     
          94          95   1.1824718328033668     
          95          96   1.6432370749414145     
          96          97   1.1720156425901429     
          89          98  0.65186195983150663     
          94          98   1.2601067676029909     
          97          98   1.2152301559202061     
          97          99   1.3607550448641343     
          99         100   1.3609864067698867     
         100         101   1.1720127564192164     
         101         102   1.6431607937610337     
         102         103   1.1825331487072761     
          89         104  0.65140447636682652     
         100         104   1.2151111400461494     
         103         104   1.2606014267907584     
          77         105   1.1859359209344020     
         103         105   1.2534936606918992     
         105         106   1.2535035798713821     
         106         107   1.1825287924751460     
         107         108   1.6431517411262904     
         108         109   1.1720278815193450     
          89         110  0.65139342032548353     
         106         110   1.2606164705828047     
         109         110   1.2150961421177353     
         109         111   1.3609878069387842     
          90         112   1.1720357495943010     
         111         112   1.3607785521428637     
          89         113  0.65182229366656574     
          92         113   1.2602089847239635     
         112         113   1.2151670576648725     
          90         114  0.97224401252791814     
          91         115  0.97125557786879124     
          95         116  0.97125757703110904     
          96         117  0.97224614684576594     
          99         118  0.96269837011638948     
         101         119  0.97225097959100792     
         102         120  0.97125373542980209     
         107         121  0.97125321626028549     
         108         122  0.97225036654203167     
         111         123  0.96269515847922049     
         125         126   1.6430655045358704     
         126         127   1.1825790526526037     
          80         128   1.1859916460091184     
         127         128   1.2534475505164906     
         128         129   1.2534089516668887     
         129         130   1.1825705417250614     
         130         131   1.6430842188859223     
         131         132   1.1720959862230385     
         124         133  0.65147980215722401     
         129         133   1.2605883498817727     
         132         133   1.2150513192292316     
         132         134   1.3609315690692030     
         134         135   1.3609011196330112     
         135         136   1.1721010647224051     
         136         137   1.6430737821652097     
         137         138   1.1825695250772597     
         124         139  0.65142049686827153     
         135         139   1.2150939514125105     
         138         139   1.2605761749993734     
          81         140   1.1859881718392093     
         138         140   1.2535121269726495     
         140         141   1.2533543986606390     
         141         142   1.1825696309974565     
         142         143   1.6430821328657015     
         143         144   1.1721030004518194     
         124         145  0.65146463862985682     
         141         145   1.2606096410738776     
         144         145   1.2150392115520199     
         144         146   1.3609341905911920     
         125         147   1.1721083728313364     
         146         147   1.3609074113850239     
         124         148  0.65142942868868958     
         127         148   1.2605954755957369     
         147         148   1.2150746965571060     
         125         149  0.97224898406470683     
         126         150  0.97125364062954500     
         130         151  0.97125232448467125     
         131         152  0.97224824521721731     
         134         153  0.96269783369392659     
         136         154  0.97224941822442501     
         137         155  0.97125371542494254     
         142         156  0.97125122554225984     
         143         157  0.97224782006113508     
         146         158  0.96269662613962914     
         160         161   1.6431966417874957     
         161         162   1.1825057187483889     
          84         163   1.1859026002896067     
         162         163   1.2535249940158728     
         163         164   1.2535554736892032     
         164         165   1.1825172688370922     
         165         166   1.6431732741318450     
         166         167   1.1720039283234804     
         159         168  0.65142510790569741     
         164         168   1.2605741256150940     
         167         168   1.2151230907366468     
         167         169   1.3610021312724758     
         169         170   1.3607747422844028     
         170         171   1.1719700163125242     
         171         172   1.6433753139382961     
         172         173   1.1823480649318039     
         159         174  0.65194528091263360     
         170         174   1.2152257281633456     
         173         174   1.2600141485397351     
          85         175   1.1837209562695763     
         173         175   1.2543768532959545     
         175         176   1.2547194797929979     
         176         177   1.1823452063060051     
         177         178   1.6433717254260509     
         178         179   1.1719504561781047     
         159         180  0.65189872310634200     
         176         180   1.2599155015552448     
         179         180   1.2153383208535453     
         179         181   1.3607155757591261     
         160         182   1.1719891695638611     
         181         182   1.3610358790155410     
         159         183  0.65149678910599795     
         162         183   1.2605736253844342     
         182         183   1.2150928448515885     
         160         184  0.97225051529986384     
         161         185  0.97125234827369555     
         165         186  0.97125346505137544     
         166         187  0.97225084164780662     
         169         188  0.96269648783991113     
         171         189  0.97224269095031546     
         172         190  0.97124559619084416     
         177         191  0.97125136038924997     
         178         192  0.97224528514427744     
         181         193  0.96269977216156477     
