   -0.05463413
   -0.05308518
    0.08727386
    0.01136175
    0.06418402
   -0.04995857
   -0.05172227
    0.06435544
   -0.08111551
   -0.05487595
    0.08685388
   -0.05369311
   -0.05374020
    0.08654797
   -0.32081587
   -0.05659073
    0.06507311
   -0.05097603
   -0.05080365
    0.06576088
   -0.08081635
   -0.05487369
    0.08563949
   -0.32492498
    0.01875346
    0.02124810
    0.04338188
    0.04152086
    0.21410859
    0.04709949
    0.01960437
    0.01962887
    0.04633533
    0.04207048
    0.04203376
    0.21439045
    0.04716918
   -0.05464457
   -0.05308242
    0.08726950
    0.01136635
    0.06415961
   -0.04995438
   -0.05172473
    0.06436092
   -0.08113789
   -0.05485038
    0.08685317
   -0.05368486
   -0.05374090
    0.08653775
   -0.32079649
   -0.05659319
    0.06505520
   -0.05097151
   -0.05080292
    0.06577827
   -0.08083639
   -0.05486825
    0.08563992
   -0.32490375
    0.01875295
    0.02124882
    0.04337723
    0.04151083
    0.21413278
    0.04710843
    0.01960415
    0.01963445
    0.04633458
    0.04207328
    0.04203390
    0.21441904
    0.04717586
   -0.02020544
   -0.01197741
   -0.00301029
   -0.00374368
   -0.01101225
   -0.02100367
   -0.02051627
   -0.01119130
   -0.00314597
   -0.00314936
   -0.01118023
   -0.02051110
   -0.02101281
   -0.01102224
   -0.00375134
   -0.00302473
   -0.01196478
   -0.02023888
   -0.05440823
   -0.05292933
    0.08704961
    0.01187415
    0.06364688
   -0.05018863
   -0.05172395
    0.06416714
   -0.08133699
   -0.05263657
    0.08536802
   -0.05438264
   -0.05296649
    0.08712529
   -0.32405567
    0.01156543
    0.06371589
   -0.05024353
   -0.05168307
    0.06412625
   -0.08138234
   -0.05259137
    0.08539154
   -0.32396436
    0.01894884
    0.02131696
    0.04319780
    0.04141235
    0.21447772
    0.04795373
    0.01896352
    0.02125953
    0.04313204
    0.04141843
    0.21447374
    0.04797032
   -0.05438308
   -0.05298259
    0.08711557
    0.01156106
    0.06370714
   -0.05024039
   -0.05169113
    0.06412386
   -0.08139830
   -0.05257298
    0.08536981
   -0.05441152
   -0.05295090
    0.08704927
   -0.32394224
    0.01184878
    0.06363547
   -0.05017940
   -0.05172281
    0.06417134
   -0.08139583
   -0.05262478
    0.08537377
   -0.32401890
    0.01896398
    0.02125945
    0.04312373
    0.04140709
    0.21450736
    0.04797568
    0.01894590
    0.02132274
    0.04318741
    0.04139747
    0.21450921
    0.04795514
