           1           2   1.7165664063420547     
           2           3   1.1214579191238414     
           3           4   1.2423007489543654     
           4           5   1.2472992299724108     
           5           6   1.2372542034866929     
           6           7   1.5924172660137945     
           7           8   1.2240692589448743     
           5           9   1.2259012988730260     
           8           9   1.2018505552335053     
           8          10   1.3445443175535776     
          10          11   1.3570466204303149     
          11          12   1.1068640235892415     
          12          13   1.7309367819403310     
          13          14   1.1088113054250912     
          11          15   1.3240467750178462     
          14          15   1.3252438480358000     
          14          16   1.3537539826424916     
          16          17   1.3466852899563477     
          17          18   1.2156127580788307     
          18          19   1.6081758801102666     
          19          20   1.2151833668442662     
          17          21   1.2097165805325494     
          20          21   1.2113714009071603     
          20          22   1.3417433509802728     
           1          23   1.1149611275776561     
          22          23   1.3669053289693287     
           3          24   1.3622278723728929     
          23          24   1.2984458879626557     
           1          25  0.97277903750684991     
           2          26  0.97141072167166320     
           6          27  0.97181622619880259     
           7          28  0.97291679028099132     
           9          29  0.90006433035324984     
          10          30  0.96370583871326609     
          12          31  0.97274112898954979     
          13          32  0.97278643754953353     
          16          33  0.96468704348273482     
          18          34  0.97288012130983104     
          19          35  0.97281632923520689     
          21          36  0.90040411984870650     
          22          37  0.96353757541462137     
          38          39   1.7164850605929773     
          39          40   1.1215579687924724     
          40          41   1.2421724345653791     
          41          42   1.2469870508386318     
          42          43   1.2374353699874283     
          43          44   1.5922632489440134     
          44          45   1.2241232708040082     
          42          46   1.2259709121040432     
          45          46   1.2018689695554170     
          45          47   1.3444625931158678     
          47          48   1.3571220998777980     
          48          49   1.1068820819516083     
          49          50   1.7309108846326238     
          50          51   1.1088403660395061     
          48          52   1.3239421764509491     
          51          52   1.3253066001456097     
          51          53   1.3536750722946920     
          53          54   1.3467090710168326     
          54          55   1.2156122340298339     
          55          56   1.6082038642647070     
          56          57   1.2151349559749445     
          54          58   1.2097019879340860     
          57          58   1.2114322992945192     
          57          59   1.3417029287172892     
          38          60   1.1149666510144092     
          59          60   1.3669261766774372     
          40          61   1.3622337014457520     
          60          61   1.2984152327021761     
          38          62  0.97278171760125354     
          39          63  0.97142354579620249     
          43          64  0.97182013102333165     
          44          65  0.97291591794628485     
          46          66  0.89998342069114712     
          47          67  0.96369233643676522     
          49          68  0.97273796001441448     
          50          69  0.97278831264847188     
          53          70  0.96469973176483070     
          55          71  0.97288056513214860     
          56          72  0.97281570175530818     
          58          73  0.90032017108461326     
          59          74  0.96352825544852028     
           4          75   1.1937068678774225     
          75          76   2.4349065850901384     
          76          77   1.3367182318570838     
          75          78  0.19168540446209059     
          77          78   2.3494177508123748     
          78          79   1.3378873736710839     
          77          80  0.19136955655829763     
          79          80   2.4311684341923763     
          81          82   2.4285517553610703     
          82          83   1.3401276460206026     
          81          84  0.19102027169854674     
          83          84   2.3453321786220309     
          84          85   1.3400994788855771     
          83          86  0.19099457315169910     
          85          86   2.4285826909567150     
          87          88   2.4306869161658953     
          88          89   1.3383225286785891     
          87          90  0.19140283494595295     
          89          90   2.3489047261613893     
          90          91   1.3371707924037011     
          41          92   1.1941603255761915     
          89          92  0.19173011991512584     
          91          92   2.4344210791194145     
          93          94   1.7154636746021414     
          94          95   1.1236473805881586     
          80          96   1.1983826446355759     
          95          96   1.2403500653751569     
          96          97   1.2423818341914918     
          97          98   1.2416467093389327     
          98          99   1.5871106197824267     
          99         100   1.2281066948505246     
          97         101   1.2265528987152490     
         100         101   1.2033366474579066     
         100         102   1.3352769215519777     
         102         103   1.3720429801900167     
         103         104   1.1149365701612197     
         104         105   1.7155237658895652     
         105         106   1.1235632351778435     
         103         107   1.2942359415349713     
         106         107   1.3634360792406475     
          81         108   1.1998007799248782     
         106         108   1.2392237951653011     
         108         109   1.2419959661001305     
         109         110   1.2415337524672936     
         110         111   1.5873031723101281     
         111         112   1.2278563458701344     
         109         113   1.2269007314288054     
         112         113   1.2029315955060038     
         112         114   1.3361095691050835     
          93         115   1.1149759430520048     
         114         115   1.3710253167723778     
          95         116   1.3623814338401301     
         115         116   1.2952156481798280     
          93         117  0.97276502638371065     
          94         118  0.97155222491534410     
          98         119  0.97199799169242318     
          99         120  0.97291124924666106     
         101         121  0.89748195376738971     
         102         122  0.96295143502486491     
         104         123  0.97275997911346856     
         105         124  0.97155066089003406     
         110         125  0.97200489949603008     
         111         126  0.97290649564881493     
         113         127  0.89742747858592598     
         114         128  0.96295330955531588     
         129         130   1.7155251426177203     
         130         131   1.1235617382150711     
          86         132   1.1998131211829433     
         131         132   1.2391981978382476     
         132         133   1.2419700788451329     
         133         134   1.2416022977171655     
         134         135   1.5872178125487202     
         135         136   1.2279067337674741     
         133         137   1.2268909996174415     
         136         137   1.2030053004993622     
         136         138   1.3359697549436962     
         138         139   1.3712223552617326     
         139         140   1.1150620874446506     
         140         141   1.7154003496729096     
         141         142   1.1236540995156663     
         139         143   1.2948830064135586     
         142         143   1.3627199160311205     
          87         144   1.1988282779780302     
         142         144   1.2399652197435187     
         144         145   1.2423221327843765     
         145         146   1.2417611865038820     
         146         147   1.5869932302127339     
         147         148   1.2281555823078323     
         145         149   1.2265296207426106     
         148         149   1.2033802437716825     
         148         150   1.3352000093702523     
         129         151   1.1149326035180942     
         150         151   1.3721004886850225     
         131         152   1.3634556371559619     
         151         152   1.2941867439460653     
         129         153  0.97275870060550829     
         130         154  0.97154694535534236     
         134         155  0.97201260494158681     
         135         156  0.97290849408011693     
         137         157  0.89736817014886416     
         138         158  0.96294813434208704     
         140         159  0.97276291195987763     
         141         160  0.97154337927872669     
         146         161  0.97201143816665492     
         147         162  0.97291092405330204     
         149         163  0.89740404844628607     
         150         164  0.96294618380643382     
