   -0.29216140
   -0.05215415
   -0.05045160
    0.07362733
    0.02552844
    0.07358829
   -0.05047393
   -0.05215447
    0.07312885
   -0.04776826
   -0.04140955
    0.07428271
   -0.05124103
   -0.05130723
    0.07457528
   -0.04677402
   -0.04313016
    0.07457559
   -0.05130487
   -0.05123984
    0.07427527
   -0.04678626
   -0.04140668
    0.07311885
   -0.04770100
    0.03531202
    0.03712907
    0.03717921
    0.03532311
    0.04915396
    0.03582922
    0.03574850
    0.04854043
    0.03574891
    0.03582692
    0.04915672
   -0.29222693
   -0.05216155
   -0.05046198
    0.07360667
    0.02552889
    0.07357706
   -0.05048536
   -0.05215223
    0.07314513
   -0.04778272
   -0.04142747
    0.07428495
   -0.05124803
   -0.05131248
    0.07457962
   -0.04677176
   -0.04313943
    0.07457986
   -0.05131197
   -0.05124392
    0.07428195
   -0.04678578
   -0.04143021
    0.07313384
   -0.04771386
    0.03533073
    0.03716933
    0.03718859
    0.03532276
    0.04914928
    0.03582584
    0.03574739
    0.04853627
    0.03574523
    0.03582472
    0.04915044
   -0.02094699
   -0.00909348
   -0.00845430
   -0.02167794
   -0.02124504
   -0.00869212
   -0.00869351
   -0.02124931
   -0.02163136
   -0.00842608
   -0.00906996
   -0.02089586
   -0.28633024
   -0.05200714
   -0.05041068
    0.07388563
    0.02578743
    0.07393298
   -0.05036459
   -0.05199982
    0.07300332
   -0.04953449
   -0.03943709
    0.07295848
   -0.05197862
   -0.05041574
    0.07398593
   -0.04954648
    0.02553876
    0.07396071
   -0.05048603
   -0.05197751
    0.07294290
   -0.04950236
   -0.03942031
    0.07298129
   -0.04948532
    0.03540361
    0.03721290
    0.03723679
    0.03537178
    0.04976810
    0.03537671
    0.03711704
    0.03713909
    0.03539963
    0.04978531
   -0.28640015
   -0.05197691
   -0.05042232
    0.07398021
    0.02553392
    0.07396770
   -0.05047384
   -0.05197464
    0.07295193
   -0.04951278
   -0.03943823
    0.07300416
   -0.05199689
   -0.05042216
    0.07386547
   -0.04949312
    0.02579629
    0.07392765
   -0.05034951
   -0.05200006
    0.07301458
   -0.04952725
   -0.03945508
    0.07296009
   -0.04952081
    0.03538500
    0.03711184
    0.03714773
    0.03539748
    0.04978339
    0.03541502
    0.03725306
    0.03725951
    0.03538876
    0.04976684
