           2           3   1.6456106633132725     
           3           4   1.1783502697529555     
           4           5   1.2527380455008421     
           5           6   1.2527963208497770     
           6           7   1.1784088427042136     
           7           8   1.6455845772052864     
           8           9   1.1696457293487321     
           1          10  0.75267653559050218     
           6          10   1.2617570910747045     
           9          10   1.2268464781106239     
           9          11   1.3555115551450152     
          11          12   1.3531830910402811     
          12          13   1.1612776783107588     
          13          14   1.6609592442821994     
          14          15   1.1606282028418666     
           1          16  0.75120161641942673     
          12          16   1.2394502991307850     
          15          16   1.2421562039998826     
          15          17   1.3529818843272028     
          17          18   1.3529863224011363     
          18          19   1.1606205469103827     
          19          20   1.6609486060151528     
          20          21   1.1612989071967081     
           1          22  0.75114119223125408     
          18          22   1.2421678023510159     
          21          22   1.2395068727427716     
          21          23   1.3531176661940214     
           2          24   1.1696435166421353     
          23          24   1.3556192995039511     
           1          25  0.75283676502310670     
           4          25   1.2618817587126756     
          24          25   1.2266760403472778     
           2          26  0.97178766020610685     
           3          27  0.97000820660841280     
           7          28  0.97004249179076030     
           8          29  0.97179329066847353     
          11          30  0.96377065608074053     
          13          31  0.97168638698927678     
          14          32  0.97171106685992936     
          17          33  0.96408530239943113     
          19          34  0.97171202095983444     
          20          35  0.97168606356443077     
          23          36  0.96376901090664380     
          38          39   1.6456466903759148     
          39          40   1.1782892458092320     
          40          41   1.2531244562034201     
          41          42   1.2530867631922100     
          42          43   1.1783723538195177     
          43          44   1.6456298481965195     
          44          45   1.1696280574964406     
          37          46  0.75267699702485402     
          42          46   1.2616152350534089     
          45          46   1.2268963527824277     
          45          47   1.3555056625201041     
          47          48   1.3532051848059423     
          48          49   1.1613107350349789     
          49          50   1.6609218841294247     
          50          51   1.1606578479241545     
          37          52  0.75126527357226669     
          48          52   1.2394389511925192     
          51          52   1.2420987218249522     
          51          53   1.3530256786794510     
          53          54   1.3529819625544386     
          54          55   1.1606557396069639     
          55          56   1.6609175423503000     
          56          57   1.1613118581931154     
          37          58  0.75120174393739314     
          54          58   1.2421712911816793     
          57          58   1.2394363843734761     
          57          59   1.3532267007863534     
          38          60   1.1696675571388018     
          59          60   1.3554970022906976     
          37          61  0.75289447028208112     
          40          61   1.2616199887907811     
          60          61   1.2268063858495986     
          38          62  0.97179072259957233     
          39          63  0.96999651341299709     
          43          64  0.97003633084310448     
          44          65  0.97179119013199899     
          47          66  0.96376882725415669     
          49          67  0.97168749191696124     
          50          68  0.97171195584543002     
          53          69  0.96408258407198821     
          55          70  0.97171279363702379     
          56          71  0.97168721705679839     
          59          72  0.96376990562329357     
           5          73   1.1795765454083897     
          73          74   2.4761617574596775     
          74          75   1.3014571728701003     
          73          76  0.20369158053791714     
          75          76   2.4745954984943612     
          77          78   2.4722506632868493     
          78          79   1.3034204758554020     
          77          80  0.20335721828007752     
          79          80   2.4722745659160008     
          81          82   2.4751687826967883     
          82          83   1.3007803685999415     
          41          84   1.1788693761615254     
          81          84  0.20351346839396806     
          83          84   2.4767367387030310     
          86          87   1.6439120672103626     
          87          88   1.1792204732515252     
          76          89   1.1817703072992327     
          88          89   1.2502583578712496     
          89          90   1.2506879976347984     
          90          91   1.1791043567370221     
          91          92   1.6440005357009961     
          92          93   1.1710196839301945     
          85          94  0.74883843122287652     
          90          94   1.2642158895009272     
          93          94   1.2256021647685191     
          93          95   1.3542249021837005     
          95          96   1.3547571205603459     
          96          97   1.1709326069209456     
          97          98   1.6440041883025378     
          98          99   1.1791574136650529     
          85         100  0.74891781301122984     
          96         100   1.2252454992416624     
          99         100   1.2645586674129583     
          77         101   1.1828893291128479     
          99         101   1.2500976559720580     
         101         102   1.2496720346022843     
         102         103   1.1791449194591956     
         103         104   1.6439923255915065     
         104         105   1.1709830653097164     
          85         106  0.74886510616455770     
         102         106   1.2647476978610199     
         105         106   1.2251150141070992     
         105         107   1.3548320202694293     
          86         108   1.1710767811894878     
         107         108   1.3541818812129751     
          85         109  0.74884895792181039     
          88         109   1.2642697091114987     
         108         109   1.2255647744978799     
          86         110  0.97177627579492865     
          87         111  0.97003070473994601     
          91         112  0.97003219208949987     
          92         113  0.97177261393994030     
          95         114  0.96347436931727948     
          97         115  0.97177643818406512     
          98         116  0.97004125256103380     
         103         117  0.97003564338307346     
         104         118  0.97177582533228601     
         107         119  0.96347082412447049     
         121         122   1.6440149270625590     
         122         123   1.1791424690643577     
          80         124   1.1828609127566316     
         123         124   1.2500468533469333     
         124         125   1.2497730196405603     
         125         126   1.1791687128512145     
         126         127   1.6439934224608477     
         127         128   1.1709626199581322     
         120         129  0.74891758134528097     
         125         129   1.2646514318318822     
         128         129   1.2251087040239748     
         128         130   1.3548651800425950     
         130         131   1.3541358069336074     
         131         132   1.1710296848531851     
         132         133   1.6440271290324184     
         133         134   1.1791166960810435     
         120         135  0.74884544553613264     
         131         135   1.2256498037762114     
         134         135   1.2640617131409284     
          81         136   1.1810844451789260     
         134         136   1.2505878337578811     
         136         137   1.2509978708468943     
         137         138   1.1790411216727652     
         138         139   1.6440758212469186     
         139         140   1.1709863611659976     
         120         141  0.74891416858091686     
         137         141   1.2640074930969418     
         140         141   1.2256814876702316     
         140         142   1.3541575896177545     
         121         143   1.1709455876175898     
         142         143   1.3548015768537316     
         120         144  0.74898041962113382     
         123         144   1.2645587935204174     
         143         144   1.2251868136487700     
         121         145  0.97177731418226321     
         122         146  0.97004425606627342     
         126         147  0.97003713582466888     
         127         148  0.97177599340060650     
         130         149  0.96346933494127585     
         132         150  0.97177359789608464     
         133         151  0.97003293164608762     
         138         152  0.97001844575704166     
         139         153  0.97177452105381357     
         142         154  0.96347630474965240     
