    0.09191706
   -0.05324652
   -0.05250703
    0.07193278
    0.01917067
    0.07224677
   -0.05118389
   -0.05330166
    0.07082725
   -0.12869579
   -0.04856345
    0.07213807
   -0.05253415
   -0.05256573
    0.07240900
   -0.12688445
   -0.05016770
    0.07238764
   -0.05258872
   -0.05253520
    0.07213331
   -0.12682980
   -0.04854174
    0.07080840
   -0.12836509
    0.03419396
    0.03559552
    0.03324860
    0.03410639
    0.04955952
    0.03425145
    0.03421837
    0.04903388
    0.03422190
    0.03425804
    0.04962028
    0.09265697
   -0.05323952
   -0.05256131
    0.07172069
    0.01922243
    0.07215772
   -0.05065543
   -0.05331885
    0.07091958
   -0.12888219
   -0.04871262
    0.07216255
   -0.05252212
   -0.05255435
    0.07241142
   -0.12701042
   -0.05029446
    0.07241028
   -0.05259301
   -0.05252976
    0.07213363
   -0.12704160
   -0.04864313
    0.07087440
   -0.12839509
    0.03421347
    0.03586993
    0.03256452
    0.03409156
    0.04951753
    0.03426467
    0.03422241
    0.04899086
    0.03420699
    0.03425044
    0.04959838
   -0.02710767
   -0.02890024
   -0.02695175
   -0.02783558
   -0.02723407
   -0.02722700
   -0.02749799
   -0.02703025
   -0.02801369
   -0.02706089
   -0.02879389
   -0.02746285
    0.08974124
   -0.05336742
   -0.05244741
    0.07150461
    0.02133395
    0.07182892
   -0.05115039
   -0.05339925
    0.07025801
   -0.12758668
   -0.04531688
    0.07010984
   -0.05318040
   -0.05239394
    0.07201234
   -0.12766435
    0.02016958
    0.07219029
   -0.05194775
   -0.05319016
    0.07001042
   -0.12762423
   -0.04525846
    0.07019485
   -0.12728800
    0.03421428
    0.03578327
    0.03339889
    0.03418918
    0.05049225
    0.03428880
    0.03505898
    0.03399250
    0.03424776
    0.05050145
    0.08803949
   -0.05325570
   -0.05184314
    0.07197359
    0.02126437
    0.07174147
   -0.05229292
   -0.05328029
    0.06991942
   -0.12688643
   -0.04464459
    0.06986376
   -0.05319439
   -0.05198143
    0.07208101
   -0.12700596
    0.02089279
    0.07184049
   -0.05234000
   -0.05320077
    0.06989161
   -0.12693402
   -0.04465238
    0.06989781
   -0.12696718
    0.03434059
    0.03398615
    0.03508417
    0.03433595
    0.05068459
    0.03435851
    0.03401801
    0.03502316
    0.03435029
    0.05068547
    0.08764663
   -0.05319987
   -0.05234884
    0.07188796
    0.02091651
    0.07207270
   -0.05197053
   -0.05319571
    0.06990675
   -0.12687791
   -0.04467004
    0.06997167
   -0.05324225
   -0.05242525
    0.07172525
   -0.12690097
    0.02112684
    0.07202592
   -0.05161732
   -0.05324825
    0.06993877
   -0.12691875
   -0.04467608
    0.06994476
   -0.12704030
    0.03434061
    0.03506748
    0.03406707
    0.03437643
    0.05070437
    0.03435131
    0.03531545
    0.03356555
    0.03434393
    0.05068167
    0.08846383
   -0.05321269
   -0.05169094
    0.07215009
    0.02056402
    0.07189293
   -0.05246818
   -0.05318050
    0.07007869
   -0.12729958
   -0.04499893
    0.07012379
   -0.05329692
   -0.05116347
    0.07200758
   -0.12729402
    0.02112719
    0.07162748
   -0.05256626
   -0.05327443
    0.07009730
   -0.12704965
   -0.04497027
    0.07002009
   -0.12733174
    0.03429759
    0.03357688
    0.03530071
    0.03432664
    0.05060634
    0.03427608
    0.03312648
    0.03569399
    0.03434040
    0.05063401
    0.09023529
   -0.05317907
   -0.05264557
    0.07191491
    0.01995811
    0.07228221
   -0.05128142
   -0.05322510
    0.07025969
   -0.12818259
   -0.04568381
    0.07044692
   -0.05330628
   -0.05253862
    0.07147681
   -0.12757690
    0.02092242
    0.07189079
   -0.05066380
   -0.05339806
    0.07047628
   -0.12798279
   -0.04574364
    0.07032204
   -0.12788455
    0.03429082
    0.03563428
    0.03304456
    0.03416363
    0.05041528
    0.03421163
    0.03618588
    0.03277462
    0.03412835
    0.05041934
