           2           3   1.6400457439825276     
           3           4   1.1832668332298113     
           4           5   1.2510863563641874     
           5           6   1.2525455968288000     
           6           7   1.1837879399923328     
           7           8   1.6398083510794277     
           8           9   1.1739078141982966     
           1          10  0.72116306703074606     
           6          10   1.2654054061055164     
           9          10   1.2254905735175121     
           9          11   1.3593257710370537     
          11          12   1.3537368382390871     
          12          13   1.1663926324107590     
          13          14   1.6558674281589330     
          14          15   1.1654727692174824     
           1          16  0.72679714192748357     
          12          16   1.2395056612144577     
          15          16   1.2408864787325402     
          15          17   1.3551135452355558     
          17          18   1.3549505038132865     
          18          19   1.1655834804829104     
          19          20   1.6557638451490975     
          20          21   1.1663784316606918     
           1          22  0.72686117737551337     
          18          22   1.2409591347114290     
          21          22   1.2394753097510520     
          21          23   1.3536565147370216     
           2          24   1.1740000322996200     
          23          24   1.3594098341584768     
           1          25  0.72159544960436151     
           4          25   1.2656504471233525     
          24          25   1.2251259302739648     
           2          26  0.97199244509880744     
           3          27  0.96836227468792713     
           7          28  0.96668486279258126     
           8          29  0.97201804622169607     
          11          30  0.96366134652612057     
          13          31  0.97195606769239051     
          14          32  0.97198138121813504     
          17          33  0.96391771441342633     
          19          34  0.97198163407883031     
          20          35  0.97195625050902912     
          23          36  0.96365893006684844     
          38          39   1.6403328022198840     
          39          40   1.1829735317176433     
          40          41   1.2523409571028623     
          41          42   1.2548804537631431     
          42          43   1.1836217444389929     
          43          44   1.6400558056473324     
          44          45   1.1738633648554440     
          37          46  0.72162691549020730     
          42          46   1.2638886783661296     
          45          46   1.2263130125009711     
          45          47   1.3585528063122263     
          47          48   1.3543094551393382     
          48          49   1.1661779272838524     
          49          50   1.6560526111115716     
          50          51   1.1653722704010820     
          37          52  0.72715952717182253     
          48          52   1.2392268107668174     
          51          52   1.2406937772708546     
          51          53   1.3553386771727451     
          53          54   1.3547944880893286     
          54          55   1.1655965917209197     
          55          56   1.6557715131454631     
          56          57   1.1663228511943122     
          37          58  0.72665143731928050     
          54          58   1.2411120909386231     
          57          58   1.2392807468198856     
          57          59   1.3540291511768312     
          38          60   1.1740140259258651     
          59          60   1.3589511762687552     
          37          61  0.72225982233949770     
          40          61   1.2646094006171755     
          60          61   1.2254241420645979     
          38          62  0.97199013206885398     
          39          63  0.96879848256273515     
          43          64  0.96636480111272516     
          44          65  0.97202676470509763     
          47          66  0.96367441653102670     
          49          67  0.97195008491538148     
          50          68  0.97197452422491271     
          53          69  0.96392267607366833     
          55          70  0.97198278703306540     
          56          71  0.97195718051562285     
          59          72  0.96366333096562029     
           5          73   1.1811478608559285     
          73          74   2.5643263224352064     
          75          76   2.5529952250884644     
          77          78   2.5512429621154809     
          79          80   2.5532483146788607     
          81          82   2.5572627453380847     
          41          84   1.1777083315476591     
          83          84   2.5682767926411918     
          86          87   1.6370705023411687     
          87          88   1.1846441649722217     
          74          89   1.1844903558310405     
          88          89   1.2474985078645773     
          89          90   1.2484098415482565     
          90          91   1.1853852962380866     
          91          92   1.6368956394265839     
          92          93   1.1763252148802930     
          85          94  0.72151701051536732     
          90          94   1.2670025207838207     
          93          94   1.2245953737327282     
          93          95   1.3544153970602608     
          95          96   1.3568838052075507     
          96          97   1.1760637859131982     
          97          98   1.6374876046226743     
          98          99   1.1844047297287401     
          85         100  0.72050824135335090     
          96         100   1.2231452607578071     
          99         100   1.2689821024969583     
          75         101   1.1909568313584893     
          99         101   1.2450880527614483     
         101         102   1.2439662537872134     
         102         103   1.1852943833332288     
         103         104   1.6370259945162760     
         104         105   1.1760026187070807     
          85         106  0.72074687997716658     
         102         106   1.2703311186876238     
         105         106   1.2217176153474290     
         105         107   1.3580495565177879     
          86         108   1.1768532837417833     
         107         108   1.3535267015785553     
          85         109  0.72183669347823576     
          88         109   1.2666002987387537     
         108         109   1.2249844570475199     
          86         110  0.97201012456321900     
          87         111  0.96846294031967550     
          91         112  0.96680975720781148     
          92         113  0.97203365120924556     
          95         114  0.96356351135817364     
          97         115  0.97200575153314595     
          98         116  0.96857135220806145     
         103         117  0.96754194231410251     
         104         118  0.97201964013944719     
         107         119  0.96354898572409953     
         121         122   1.6358323295931125     
         122         123   1.1861619230266816     
          76         124   1.1922894941004376     
         123         124   1.2424686126040756     
         124         125   1.2442697553743549     
         125         126   1.1852252029969439     
         126         127   1.6360710157606597     
         127         128   1.1771370651962141     
         120         129  0.72160022025554649     
         125         129   1.2682559494723320     
         128         129   1.2240744388768410     
         128         130   1.3538297574633005     
         130         131   1.3569746603300579     
         131         132   1.1763767164378480     
         132         133   1.6361700529061323     
         133         134   1.1858606588014400     
         120         135  0.72112121660821937     
         131         135   1.2215520183680362     
         134         135   1.2709541541336091     
          77         136   1.1929811921723374     
         134         136   1.2420335036180554     
         136         137   1.2439547566982043     
         137         138   1.1850277782401386     
         138         139   1.6364204560491262     
         139         140   1.1768412421158951     
         120         141  0.72150902043471010     
         137         141   1.2687195383903991     
         140         141   1.2235445050534737     
         140         142   1.3548239205039141     
         121         143   1.1766416320201158     
         142         143   1.3559788974075080     
         120         144  0.72125631870118034     
         123         144   1.2703810757242655     
         143         144   1.2221385846109634     
         121         145  0.97203036303740098     
         122         146  0.96763174937503249     
         126         147  0.96864652424460373     
         127         148  0.97201417895202136     
         130         149  0.96360555326476371     
         132         150  0.97202683170433690     
         133         151  0.96762056998861901     
         138         152  0.96886615940242971     
         139         153  0.97201218258721434     
         142         154  0.96360903752478333     
         156         157   1.6365080352655030     
         157         158   1.1848940753559019     
          78         159   1.1928137303223054     
         158         159   1.2440308889812512     
         159         160   1.2423480272692329     
         160         161   1.1858414727967230     
         161         162   1.6363143159345848     
         162         163   1.1762245181891842     
         155         164  0.72145695762355933     
         160         164   1.2707391498080196     
         163         164   1.2215410836233387     
         163         165   1.3570883324384175     
         165         166   1.3538360284456712     
         166         167   1.1770545291913901     
         167         168   1.6363730970774748     
         168         169   1.1849500704071683     
         155         170  0.72112312943063683     
         166         170   1.2243422844864360     
         169         170   1.2682499403734979     
          79         171   1.1914157666093852     
         169         171   1.2445229317005460     
         171         172   1.2432546415816006     
         172         173   1.1860805197049680     
         173         174   1.6361352286697903     
         174         175   1.1764001350879121     
         155         176  0.72142964314871938     
         172         176   1.2700333662938184     
         175         176   1.2222617728073912     
         175         177   1.3561949485307359     
         156         178   1.1768627004198129     
         177         178   1.3547683192404607     
         155         179  0.72072236633704623     
         158         179   1.2689878866992985     
         178         179   1.2237804585897316     
         156         180  0.97201496194593995     
         157         181  0.96885307426630640     
         161         182  0.96760023481975033     
         162         183  0.97202068264671659     
         165         184  0.96358960090901857     
         167         185  0.97201436616258230     
         168         186  0.96894630217941735     
         173         187  0.96731139152346712     
         174         188  0.97203061848520234     
         177         189  0.96359004069688159     
         191         192   1.6367958018606792     
         192         193   1.1855606716126443     
          80         194   1.1906879349269655     
         193         194   1.2441779136433877     
         194         195   1.2449265873764619     
         195         196   1.1845205902424578     
         196         197   1.6372318170574782     
         197         198   1.1763520378004022     
         190         199  0.72060008044092883     
         195         199   1.2687353859657491     
         198         199   1.2237270839121051     
         198         200   1.3557063582049429     
         200         201   1.3554395571070927     
         201         202   1.1763013082256621     
         202         203   1.6365238536249949     
         203         204   1.1857453712840118     
         190         205  0.72127585811538086     
         201         205   1.2235169654569609     
         204         205   1.2685449145093413     
          81         206   1.1883585377607624     
         204         206   1.2461116916260437     
         206         207   1.2454073498854177     
         207         208   1.1847595178426626     
         208         209   1.6368333548894050     
         209         210   1.1768064341018176     
         190         211  0.72136307875454198     
         207         211   1.2678589110759295     
         210         211   1.2243207208522779     
         210         212   1.3542726103038258     
         191         213   1.1760829774375423     
         212         213   1.3570917805413596     
         190         214  0.72072331065875450     
         193         214   1.2700510195972297     
         213         214   1.2223299643566359     
         191         215  0.97202864532917166     
         192         216  0.96726054680312246     
         196         217  0.96889981125750546     
         197         218  0.97200776807440037     
         200         219  0.96356387986887804     
         202         220  0.97203321410039401     
         203         221  0.96719673385118266     
         208         222  0.96874228051521383     
         209         223  0.97200620769242485     
         212         224  0.96354940822135959     
         226         227   1.6383448343991103     
         227         228   1.1839278734889414     
          82         229   1.1869400644743573     
         228         229   1.2466672214757097     
         229         230   1.2474411410598591     
         230         231   1.1848931313525917     
         231         232   1.6377211051730987     
         232         233   1.1756409491866244     
         225         234  0.71984937053149478     
         230         234   1.2688721642090535     
         233         234   1.2232765444339198     
         233         235   1.3576350598235427     
         235         236   1.3545444170125207     
         236         237   1.1761197063331319     
         237         238   1.6384764278178474     
         238         239   1.1838063825004443     
         225         240  0.72157505924928544     
         236         240   1.2253229763293414     
         239         240   1.2657831600031271     
          83         241   1.1798382660615381     
         239         241   1.2497135923977924     
         241         242   1.2520875279643382     
         242         243   1.1846086930184536     
         243         244   1.6380062745291335     
         244         245   1.1758733983187533     
         225         246  0.72129671046548993     
         242         246   1.2654934079507241     
         245         246   1.2256894843578314     
         245         247   1.3545071506154107     
         226         248   1.1755885590079675     
         247         248   1.3574654943360149     
         225         249  0.72041735872051882     
         228         249   1.2682020347911294     
         248         249   1.2235512384542393     
         226         250  0.97199105607793834     
         227         251  0.96865647873502636     
         231         252  0.96711494526356467     
         232         253  0.97202792712433150     
         235         254  0.96349168621052628     
         237         255  0.97200233550437543     
         238         256  0.96880698219968697     
         243         257  0.96639559313652301     
         244         258  0.97203810079567676     
         247         259  0.96349975772574281     
