   -0.05497308
   -0.05347567
    0.08619627
    0.01288873
    0.06382898
   -0.04948544
   -0.05188129
    0.06442670
   -0.08100544
   -0.05513493
    0.08679250
   -0.05378624
   -0.05382627
    0.08639807
   -0.32092716
   -0.05688208
    0.06495827
   -0.05113014
   -0.05094567
    0.06558466
   -0.08112636
   -0.05514834
    0.08529800
   -0.32413968
    0.01849997
    0.01927226
    0.04310463
    0.04154594
    0.21416672
    0.04697466
    0.01939531
    0.01942349
    0.04602902
    0.04182083
    0.04173490
    0.21445014
    0.04691734
   -0.05498377
   -0.05345546
    0.08618861
    0.01288552
    0.06380348
   -0.04951090
   -0.05187944
    0.06444615
   -0.08100875
   -0.05513069
    0.08679628
   -0.05378819
   -0.05382776
    0.08639123
   -0.32091040
   -0.05688946
    0.06494875
   -0.05112843
   -0.05094533
    0.06560059
   -0.08114590
   -0.05515141
    0.08529920
   -0.32414187
    0.01849086
    0.01920736
    0.04315812
    0.04154494
    0.21418695
    0.04697951
    0.01939601
    0.01942653
    0.04602899
    0.04182131
    0.04173308
    0.21447040
    0.04691669
   -0.02972344
   -0.03070191
   -0.02977209
   -0.03007021
   -0.02986684
   -0.02999331
   -0.02986634
   -0.02988761
   -0.02989928
   -0.02990318
   -0.03002867
   -0.02983076
   -0.03004426
   -0.02978307
   -0.03071129
   -0.02974014
   -0.05477393
   -0.05332126
    0.08599333
    0.01329978
    0.06336242
   -0.04971530
   -0.05193275
    0.06414077
   -0.08126588
   -0.05315805
    0.08508996
   -0.05469842
   -0.05333760
    0.08615154
   -0.32342759
    0.01283872
    0.06345674
   -0.04982642
   -0.05184774
    0.06402663
   -0.08129716
   -0.05313305
    0.08504925
   -0.32337543
    0.01869447
    0.01927682
    0.04298056
    0.04136302
    0.21446719
    0.04767606
    0.01873335
    0.01932217
    0.04280773
    0.04139937
    0.21449498
    0.04770343
   -0.05469959
   -0.05335063
    0.08610139
    0.01314985
    0.06339524
   -0.04974558
   -0.05186578
    0.06408045
   -0.08121747
   -0.05300954
    0.08498320
   -0.05474760
   -0.05337805
    0.08614327
   -0.32331470
    0.01298357
    0.06347075
   -0.04979364
   -0.05188453
    0.06401550
   -0.08118882
   -0.05295071
    0.08506004
   -0.32323367
    0.01881269
    0.01947358
    0.04288224
    0.04144737
    0.21457065
    0.04779153
    0.01875617
    0.01915391
    0.04272920
    0.04143969
    0.21451009
    0.04782248
   -0.05473899
   -0.05328569
    0.08614911
    0.01313169
    0.06342179
   -0.04982930
   -0.05190114
    0.06404732
   -0.08112923
   -0.05288220
    0.08501742
   -0.05471075
   -0.05335226
    0.08615544
   -0.32320090
    0.01305616
    0.06345673
   -0.04979423
   -0.05187997
    0.06402119
   -0.08115642
   -0.05290731
    0.08497587
   -0.32324711
    0.01878430
    0.01914099
    0.04290270
    0.04146577
    0.21453391
    0.04786170
    0.01882277
    0.01926463
    0.04279737
    0.04145869
    0.21452510
    0.04784572
   -0.05470109
   -0.05339910
    0.08618283
    0.01308629
    0.06348878
   -0.04976029
   -0.05187063
    0.06402006
   -0.08110565
   -0.05291304
    0.08501047
   -0.05472696
   -0.05329254
    0.08619958
   -0.32326540
    0.01311724
    0.06347169
   -0.04985539
   -0.05187848
    0.06398327
   -0.08102202
   -0.05288410
    0.08499728
   -0.32324674
    0.01884172
    0.01936427
    0.04280541
    0.04148544
    0.21448554
    0.04785136
    0.01881398
    0.01915232
    0.04293961
    0.04149190
    0.21448550
    0.04787240
   -0.05471868
   -0.05340536
    0.08612674
    0.01306187
    0.06343731
   -0.04977631
   -0.05190342
    0.06402499
   -0.08117902
   -0.05285243
    0.08493425
   -0.05476459
   -0.05352316
    0.08607368
   -0.32316967
    0.01311619
    0.06342999
   -0.04963596
   -0.05192701
    0.06407464
   -0.08124272
   -0.05286369
    0.08500192
   -0.32314332
    0.01880449
    0.01934238
    0.04268572
    0.04145225
    0.21460407
    0.04788232
    0.01879789
    0.01939506
    0.04252099
    0.04142471
    0.21456272
    0.04785684
   -0.05474383
   -0.05319514
    0.08621432
    0.01299749
    0.06347210
   -0.04993743
   -0.05190215
    0.06398931
   -0.08109846
   -0.05291765
    0.08507667
   -0.05467120
   -0.05320527
    0.08617485
   -0.32329974
    0.01317596
    0.06335232
   -0.04987679
   -0.05185986
    0.06408155
   -0.08111496
   -0.05300773
    0.08497978
   -0.32336799
    0.01875648
    0.01888276
    0.04296754
    0.04143942
    0.21442247
    0.04780867
    0.01881049
    0.01940711
    0.04310803
    0.04148324
    0.21451821
    0.04779531
   -0.05470895
   -0.05349942
    0.08609570
    0.01279631
    0.06345424
   -0.04972700
   -0.05181956
    0.06408811
   -0.08138999
   -0.05316618
    0.08505542
   -0.05477728
   -0.05333881
    0.08598704
   -0.32335576
    0.01329962
    0.06336214
   -0.04970877
   -0.05193310
    0.06415289
   -0.08127914
   -0.05317432
    0.08509097
   -0.32341506
    0.01875902
    0.01951234
    0.04273886
    0.04139511
    0.21454740
    0.04768699
    0.01868711
    0.01930645
    0.04297821
    0.04137542
    0.21451833
    0.04768740
