           1           2   1.7162458932357301     
           2           3   1.1216178583927718     
           3           4   1.2485158145141244     
           4           5   1.2531718945652104     
           5           6   1.2362494724096629     
           6           7   1.5932033999854598     
           7           8   1.2233860229157760     
           5           9   1.2248716832064284     
           8           9   1.2029472754977075     
           8          10   1.3440537994931152     
          10          11   1.3574177115235833     
          11          12   1.1066842906534311     
          12          13   1.7309815356766749     
          13          14   1.1088849747106033     
          11          15   1.3239856921788318     
          14          15   1.3252856404828284     
          14          16   1.3537258047220500     
          16          17   1.3465433988970148     
          17          18   1.2156508537414623     
          18          19   1.6082489852138957     
          19          20   1.2149557691820427     
          17          21   1.2098820569424533     
          20          21   1.2110367529350823     
          20          22   1.3425850129893608     
           1          23   1.1151189921471509     
          22          23   1.3655045777230717     
           3          24   1.3602894416190932     
          23          24   1.3004302789676598     
           1          25  0.97277726004777010     
           2          26  0.96914699503558643     
           6          27  0.96931095275342460     
           7          28  0.97290719073788146     
           9          29  0.89975080910765504     
          10          30  0.96367041363996431     
          12          31  0.97274292424894082     
          13          32  0.97279880980991773     
          16          33  0.96477500220414503     
          18          34  0.97290497196128056     
          19          35  0.97283468942462492     
          21          36  0.90010199177753547     
          22          37  0.96353791515959841     
          38          39   1.7161799134259428     
          39          40   1.1216783442013725     
          40          41   1.2485012824498352     
          41          42   1.2530220709174544     
          42          43   1.2363114067580268     
          43          44   1.5931661341951129     
          44          45   1.2233835688443433     
          42          46   1.2249107088356341     
          45          46   1.2029578993685943     
          45          47   1.3440360299222438     
          47          48   1.3574303303137230     
          48          49   1.1066750303017097     
          49          50   1.7309793103485935     
          50          51   1.1088958863456697     
          48          52   1.3239817703434831     
          51          52   1.3252841154905752     
          51          53   1.3537078488704850     
          53          54   1.3465565404919613     
          54          55   1.2156487191944700     
          55          56   1.6082720312312513     
          56          57   1.2149148035136119     
          54          58   1.2098772734494216     
          57          58   1.2110516042309960     
          57          59   1.3426160587209792     
          38          60   1.1151351750920426     
          59          60   1.3654608554561065     
          40          61   1.3602613171321900     
          60          61   1.3004583816303557     
          38          62  0.97277829576842667     
          39          63  0.96903150626575230     
          43          64  0.96931843027673603     
          44          65  0.97290662327219657     
          46          66  0.89970444053070109     
          47          67  0.96366634787124272     
          49          68  0.97274238936214996     
          50          69  0.97279866369924073     
          53          70  0.96477907405605934     
          55          71  0.97290533764853082     
          56          72  0.97283425441843541     
          58          73  0.90005761928004691     
          59          74  0.96353354676299896     
           4          75   1.1782786194371972     
          75          76   2.5653830855938216     
          77          78   2.5611959908022106     
          79          80   2.5585043514246077     
          81          82   2.5590846514099783     
          83          84   2.5584732738800637     
          85          86   2.5578514807435435     
          87          88   2.5617553669351123     
          41          90   1.1784864558121004     
          89          90   2.5652684865781037     
          91          92   1.7155054776124377     
          92          93   1.1233031368265138     
          76          94   1.1808718050553104     
          93          94   1.2473171416185687     
          94          95   1.2494457940675339     
          95          96   1.2399074665513421     
          96          97   1.5885839043499210     
          97          98   1.2270266268388030     
          95          99   1.2253214725561798     
          98          99   1.2041477512047321     
          98         100   1.3358649304499661     
         100         101   1.3708231749591022     
         101         102   1.1147742482676148     
         102         103   1.7160273487197388     
         103         104   1.1227785406355848     
         101         105   1.2964579388714650     
         104         105   1.3613360882809089     
          77         106   1.1812597351222238     
         104         106   1.2467769382712954     
         106         107   1.2492534228183581     
         107         108   1.2395445112104424     
         108         109   1.5889033953409750     
         109         110   1.2267678396637760     
         107         111   1.2257493959519310     
         110         111   1.2034795162340526     
         110         112   1.3369545820693010     
          91         113   1.1150875434318399     
         112         113   1.3695921765830754     
          93         114   1.3603422546688428     
         113         114   1.2973351448876325     
          91         115  0.97275844608409456     
          92         116  0.96914456022827578     
          96         117  0.96956995875279450     
          97         118  0.97290850196444745     
          99         119  0.89755317575961269     
         100         120  0.96302599938484412     
         102         121  0.97275845703175912     
         103         122  0.96993788899619671     
         108         123  0.97020704566903804     
         109         124  0.97290739600799703     
         111         125  0.89764353227827853     
         112         126  0.96302753156715459     
         127         128   1.7157287812111570     
         128         129   1.1230401998195436     
          78         130   1.1814883146903137     
         129         130   1.2466908195251603     
         130         131   1.2490501074176452     
         131         132   1.2400158005368085     
         132         133   1.5882874388808292     
         133         134   1.2272725691378559     
         131         135   1.2255790701488931     
         134         135   1.2039697936721594     
         134         136   1.3356594266690014     
         136         137   1.3711895884040319     
         137         138   1.1151238960896022     
         138         139   1.7153484808432797     
         139         140   1.1233396986565458     
         137         141   1.2955928644858059     
         140         141   1.3624587029371626     
          79         142   1.1850460142235899     
         140         142   1.2448193136892460     
         142         143   1.2476680127104620     
         143         144   1.2403741262522996     
         144         145   1.5880252752041542     
         145         146   1.2273428468798926     
         143         147   1.2262236580984205     
         146         147   1.2035178525829759     
         146         148   1.3362139128006500     
         127         149   1.1149953262782941     
         148         149   1.3704174747194475     
         129         150   1.3610613591084553     
         149         150   1.2965614750721692     
         127         151  0.97275411018254054     
         128         152  0.96984297136296760     
         132         153  0.97029843208499389     
         133         154  0.97290613647104718     
         135         155  0.89753716998475075     
         136         156  0.96300997189445703     
         138         157  0.97275515533665247     
         139         158  0.96893664332863449     
         144         159  0.96932455914694537     
         145         160  0.97290608520967858     
         147         161  0.89752939133303844     
         148         162  0.96300475396720309     
         163         164   1.7152668099821635     
         164         165   1.1234188967717735     
          80         166   1.1851259252816477     
         165         166   1.2450248137202120     
         166         167   1.2473774187482669     
         167         168   1.2405850450858842     
         168         169   1.5877695669653797     
         169         170   1.2275610617472019     
         167         171   1.2262121133290482     
         170         171   1.2037159921208773     
         170         172   1.3356696985568726     
         172         173   1.3711310493095028     
         173         174   1.1150699505364134     
         174         175   1.7155751495395104     
         175         176   1.1231492426037026     
         173         177   1.2957491833317643     
         176         177   1.3621203931005126     
          81         178   1.1839288359778246     
         176         178   1.2454158286512593     
         178         179   1.2479775543353431     
         179         180   1.2403632190393348     
         180         181   1.5879212894451773     
         181         182   1.2274938186361872     
         179         183   1.2260694194213746     
         182         183   1.2037074470269218     
         182         184   1.3357405453425906     
         163         185   1.1152293462753344     
         184         185   1.3710639678316636     
         165         186   1.3623151160810829     
         185         186   1.2956204087897341     
         163         187  0.97275711571863577     
         164         188  0.96899740687397695     
         168         189  0.96925950225201030     
         169         190  0.97290320312134027     
         171         191  0.89741186517901683     
         172         192  0.96298183103888291     
         174         193  0.97275633168629172     
         175         194  0.96934397895782176     
         180         195  0.96972047896738844     
         181         196  0.97290729441340218     
         183         197  0.89751349969193417     
         184         198  0.96298896469943274     
         199         200   1.7155804438005797     
         200         201   1.1231006901597940     
          82         202   1.1838453685707568     
         201         202   1.2453007671206799     
         202         203   1.2481959399220819     
         203         204   1.2402447996613011     
         204         205   1.5880067156030537     
         205         206   1.2274707450180249     
         203         207   1.2260196218658628     
         206         207   1.2036376315339761     
         206         208   1.3358274597797235     
         208         209   1.3709515092220266     
         209         210   1.1150756506302746     
         210         211   1.7154721688168137     
         211         212   1.1232261995266006     
         209         213   1.2958970559239864     
         212         213   1.3621224644398084     
          83         214   1.1846895694295290     
         212         214   1.2453509451579792     
         214         215   1.2474228178274402     
         215         216   1.2405500873185447     
         216         217   1.5876800553352819     
         217         218   1.2277199618841139     
         215         219   1.2262510274415954     
         218         219   1.2035608498978867     
         218         220   1.3356381413729330     
         199         221   1.1150932137486969     
         220         221   1.3712014298546260     
         201         222   1.3622283423591881     
         221         222   1.2956472616678307     
         199         223  0.97275251607758639     
         200         224  0.96935299770437955     
         204         225  0.96968154833184828     
         205         226  0.97290437433420163     
         207         227  0.89773028175986713     
         208         228  0.96301522419062502     
         210         229  0.97275699656950254     
         211         230  0.96903702782341317     
         216         231  0.96960789216137877     
         217         232  0.97290408086563440     
         219         233  0.89777019847516559     
         220         234  0.96301214664900392     
         235         236   1.7154258642285583     
         236         237   1.1233359575997361     
          84         238   1.1848766091089009     
         237         238   1.2449824027315244     
         238         239   1.2475217592278918     
         239         240   1.2405535395396079     
         240         241   1.5877302374841484     
         241         242   1.2275863061991834     
         239         243   1.2262638423729779     
         242         243   1.2037412588810945     
         242         244   1.3355575270523032     
         244         245   1.3713747598224790     
         245         246   1.1153960419228461     
         246         247   1.7150246988468743     
         247         248   1.1236012893446889     
         245         249   1.2950547659596245     
         248         249   1.3628444233412813     
          85         250   1.1860600415280351     
         248         250   1.2439211680856204     
         250         251   1.2475633874856333     
         251         252   1.2407698075694031     
         252         253   1.5876186429058490     
         253         254   1.2275704213757654     
         251         255   1.2260918379666661     
         254         255   1.2039584434769357     
         254         256   1.3354254588939571     
         235         257   1.1150888436051054     
         256         257   1.3713064909919066     
         237         258   1.3623260668086925     
         257         258   1.2955645892702661     
         235         259  0.97275834576918851     
         236         260  0.96930294055612898     
         240         261  0.96938855555731263     
         241         262  0.97290540570699735     
         243         263  0.89726279464203595     
         244         264  0.96295631066185505     
         246         265  0.97275211606368772     
         247         266  0.96865729160000924     
         252         267  0.96916462887794042     
         253         268  0.97290841022772634     
         255         269  0.89717434116221273     
         256         270  0.96296348209383820     
         271         272   1.7154050709530724     
         272         273   1.1232618198600082     
          86         274   1.1857278901197690     
         273         274   1.2448151062996602     
         274         275   1.2470789912096449     
         275         276   1.2405612995843389     
         276         277   1.5878489436878191     
         277         278   1.2274684380849696     
         275         279   1.2263536565890911     
         278         279   1.2033744394043686     
         278         280   1.3362606106473847     
         280         281   1.3703067413734218     
         281         282   1.1149690301336481     
         282         283   1.7158368127624675     
         283         284   1.1229035078154812     
         281         285   1.2967923906802308     
         284         285   1.3607816216350876     
          87         286   1.1805359802246076     
         284         286   1.2475386419584023     
         286         287   1.2490352060042518     
         287         288   1.2398785378264745     
         288         289   1.5883835137861955     
         289         290   1.2272885483756490     
         287         291   1.2254776347017198     
         290         291   1.2039396955107795     
         290         292   1.3356014563182959     
         271         293   1.1151270381676115     
         292         293   1.3713523414439701     
         273         294   1.3627154565743478     
         293         294   1.2954203895256888     
         271         295  0.97275853610358942     
         272         296  0.96880185449595957     
         276         297  0.96897236890367588     
         277         298  0.97290439309493659     
         279         299  0.89768964625155034     
         280         300  0.96301797183812554     
         282         301  0.97276097572289044     
         283         302  0.97028115587499564     
         288         303  0.97021200133695384     
         289         304  0.97290185197898371     
         291         305  0.89771650526925961     
         292         306  0.96301490827720126     
         307         308   1.7160607809043695     
         308         309   1.1227023171070347     
          88         310   1.1804135176067361     
         309         310   1.2467460929790302     
         310         311   1.2500493086243885     
         311         312   1.2393537293041452     
         312         313   1.5891049572366112     
         313         314   1.2266217386601850     
         311         315   1.2254805848699535     
         314         315   1.2036377182391058     
         314         316   1.3369790430428032     
         316         317   1.3695304067986040     
         317         318   1.1150516018126044     
         318         319   1.7155245323285526     
         319         320   1.1232954991618884     
         317         321   1.2974056098806095     
         320         321   1.3603617078907519     
          89         322   1.1810412535281480     
         320         322   1.2472803124238960     
         322         323   1.2493719621709429     
         323         324   1.2398982410010007     
         324         325   1.5885745647211202     
         325         326   1.2270455792271515     
         323         327   1.2253896812345471     
         326         327   1.2041158443677964     
         326         328   1.3359198276753581     
         307         329   1.1148071208989550     
         328         329   1.3707614200548317     
         309         330   1.3612208232285965     
         329         330   1.2964642951364900     
         307         331  0.97275265922940446     
         308         332  0.96984748140931831     
         312         333  0.97066132889422718     
         313         334  0.97290928457071524     
         315         335  0.89759532734013003     
         316         336  0.96303858196153980     
         318         337  0.97275755989216173     
         319         338  0.96915129812621337     
         324         339  0.96944900693032299     
         325         340  0.97290721096951072     
         327         341  0.89753534592990314     
         328         342  0.96302921304233846     
