    0.24465252
   -0.05197108
   -0.05039363
    0.07728061
    0.01697619
    0.07732487
   -0.05034818
   -0.05198498
    0.07563222
   -0.17681853
   -0.04973359
    0.07690533
   -0.05100781
   -0.05115018
    0.07740964
   -0.17472406
   -0.05151207
    0.07741093
   -0.05115190
   -0.05100922
    0.07690631
   -0.17474438
   -0.04972183
    0.07561985
   -0.17677318
    0.03371788
    0.03543107
    0.03545576
    0.03369477
    0.04923379
    0.03430167
    0.03422176
    0.04859731
    0.03422015
    0.03429994
    0.04924180
    0.24464146
   -0.05197187
   -0.05039373
    0.07727652
    0.01696259
    0.07729494
   -0.05035976
   -0.05197569
    0.07565713
   -0.17682826
   -0.04977381
    0.07691577
   -0.05101327
   -0.05114978
    0.07740425
   -0.17473450
   -0.05152135
    0.07740894
   -0.05115303
   -0.05101299
    0.07690999
   -0.17476308
   -0.04975227
    0.07564332
   -0.17681162
    0.03371926
    0.03547394
    0.03549983
    0.03370865
    0.04921975
    0.03429637
    0.03421498
    0.04858861
    0.03421098
    0.03429273
    0.04922715
   -0.02034725
   -0.01001986
   -0.00930064
   -0.02114623
   -0.02051795
   -0.00960860
   -0.00939064
   -0.02072882
   -0.02059272
   -0.00945235
   -0.00945435
   -0.02058795
   -0.02074066
   -0.00939424
   -0.00961709
   -0.02052082
   -0.02110483
   -0.00926762
   -0.01000628
   -0.02029599
    0.24637286
   -0.05180394
   -0.05037332
    0.07747693
    0.01741495
    0.07750107
   -0.05035019
   -0.05181096
    0.07515913
   -0.17689385
   -0.04760006
    0.07509934
   -0.05177328
   -0.05043191
    0.07755701
   -0.17685236
    0.01703012
    0.07754535
   -0.05044192
   -0.05177504
    0.07509503
   -0.17685967
   -0.04759484
    0.07514844
   -0.17683741
    0.03384053
    0.03555858
    0.03559035
    0.03382322
    0.04994453
    0.03383376
    0.03543233
    0.03544429
    0.03384121
    0.04994987
    0.24639343
   -0.05177111
   -0.05038451
    0.07755986
    0.01728551
    0.07755194
   -0.05039737
   -0.05177378
    0.07511912
   -0.17680681
   -0.04750882
    0.07511154
   -0.05176215
   -0.05040201
    0.07756230
   -0.17680023
    0.01719774
    0.07755396
   -0.05040362
   -0.05176921
    0.07511193
   -0.17679527
   -0.04751606
    0.07512280
   -0.17681636
    0.03388823
    0.03552593
    0.03552422
    0.03389211
    0.05003695
    0.03388754
    0.03549241
    0.03549890
    0.03389750
    0.05003245
    0.24639397
   -0.05176927
   -0.05041023
    0.07756709
    0.01719862
    0.07756430
   -0.05039864
   -0.05176545
    0.07511422
   -0.17680113
   -0.04751810
    0.07512496
   -0.05177122
   -0.05035371
    0.07756491
   -0.17682890
    0.01728205
    0.07753537
   -0.05042986
   -0.05177204
    0.07511540
   -0.17676166
   -0.04750455
    0.07511593
   -0.17683061
    0.03389167
    0.03549601
    0.03548980
    0.03388824
    0.05002623
    0.03387902
    0.03551440
    0.03554294
    0.03390727
    0.05004128
    0.24636644
   -0.05177717
   -0.05040816
    0.07756059
    0.01702877
    0.07755282
   -0.05046146
   -0.05177529
    0.07510711
   -0.17686143
   -0.04761967
    0.07518116
   -0.05180019
   -0.05036075
    0.07746839
   -0.17689125
    0.01740386
    0.07746469
   -0.05035854
   -0.05179566
    0.07518233
   -0.17684809
   -0.04763986
    0.07512048
   -0.17690787
    0.03382840
    0.03541347
    0.03546490
    0.03384464
    0.04994534
    0.03384502
    0.03560444
    0.03565344
    0.03385141
    0.04993314
