           2           3   1.6505735355427062     
           3           4   1.1791635227039623     
           4           5   1.2515614421972368     
           5           6   1.2519373733043264     
           6           7   1.1792349635759305     
           7           8   1.6504979600900587     
           8           9   1.1710092318362690     
           1          10  0.48887509023426245     
           6          10   1.2861735739310012     
           9          10   1.2467870000984869     
           9          11   1.3576916241613208     
          11          12   1.3538503494190892     
          12          13   1.1628503442198286     
          13          14   1.6655600661597043     
          14          15   1.1620853949657646     
           1          16  0.49155797806790236     
          12          16   1.2608877997146419     
          15          16   1.2631694369643762     
          15          17   1.3540827015579731     
          17          18   1.3540737244965981     
          18          19   1.1620706810003212     
          19          20   1.6655744760754381     
          20          21   1.1628343280375928     
           1          22  0.49143556053778054     
          18          22   1.2631927512684777     
          21          22   1.2609505646741637     
          21          23   1.3537955025356061     
           2          24   1.1709896851691495     
          23          24   1.3577837245292630     
           1          25  0.48881072519483310     
           4          25   1.2863386082664401     
          24          25   1.2466819950959143     
           2          26  0.97242186390488528     
           3          27  0.97097384028289169     
           7          28  0.97097425345915644     
           8          29  0.97242847977749403     
          11          30  0.96391068460039853     
          13          31  0.97233381969994803     
          14          32  0.97235547173084436     
          17          33  0.96423799442215075     
          19          34  0.97235592898754097     
          20          35  0.97233511596776745     
          23          36  0.96390768772674440     
          38          39   1.6506193033242453     
          39          40   1.1791318926070926     
          40          41   1.2520181839449274     
          41          42   1.2525079145093505     
          42          43   1.1789673694992406     
          43          44   1.6507842516566436     
          44          45   1.1708656711383059     
          37          46  0.48889557390970328     
          42          46   1.2859363010646658     
          45          46   1.2469194086348152     
          45          47   1.3577137023935895     
          47          48   1.3538484902919312     
          48          49   1.1628270977578454     
          49          50   1.6655828608596797     
          50          51   1.1620853317861066     
          37          52  0.49159011086023507     
          48          52   1.2609412066460193     
          51          52   1.2631026250896373     
          51          53   1.3541591701417373     
          53          54   1.3540764440456627     
          54          55   1.1620713363578854     
          55          56   1.6655921370228763     
          56          57   1.1628143945433982     
          37          58  0.49141275324411460     
          54          58   1.2631923789427513     
          57          58   1.2609670564358699     
          57          59   1.3538426448445340     
          38          60   1.1709814937001100     
          59          60   1.3577213358559184     
          37          61  0.48887840687662731     
          40          61   1.2860655520339361     
          60          61   1.2467958706064088     
          38          62  0.97242226772954499     
          39          63  0.97095612452316016     
          43          64  0.97097359321193399     
          44          65  0.97242504993276724     
          47          66  0.96391264480472694     
          49          67  0.97233559427391048     
          50          68  0.97235457597300556     
          53          69  0.96423531417027319     
          55          70  0.97235544290501685     
          56          71  0.97233619911507552     
          59          72  0.96391120997293456     
           5          73   1.1845975223086311     
          73          74   2.4700603081533625     
          74          75   1.3051866104188332     
          73          76  0.20288162059216083     
          75          76   2.4684364405286159     
          77          78   2.4658757565405782     
          78          79   1.3073430654380713     
          77          80  0.20243998518736259     
          79          80   2.4658009446993572     
          81          82   2.4658017524991633     
          82          83   1.3073280973416470     
          81          84  0.20238057051384298     
          83          84   2.4658041998732365     
          85          86   2.4658350916943359     
          86          87   1.3073172292412092     
          85          88  0.20245896262124977     
          87          88   2.4659444824387404     
          89          90   2.4694090584350561     
          90          91   1.3041407884868281     
          41          92   1.1835121056608524     
          89          92  0.20264385167309662     
          91          92   2.4709939632892715     
          94          95   1.6480550500811049     
          95          96   1.1807743209224892     
          76          97   1.1868787377696297     
          96          97   1.2493366524968965     
          97          98   1.2495571663146676     
          98          99   1.1808826670933177     
          99         100   1.6479609790542273     
         100         101   1.1731969213364442     
          93         102  0.48860569573862467     
          98         102   1.2872753318912271     
         101         102   1.2450599834026845     
         101         103   1.3557751282332513     
         103         104   1.3566922561900743     
         104         105   1.1731621506994285     
         105         106   1.6479562492907398     
         106         107   1.1809263204214782     
          93         108  0.48901691639119449     
         104         108   1.2443191021123343     
         107         108   1.2877414727532372     
          77         109   1.1881306151715216     
         107         109   1.2487499413625143     
         109         110   1.2487025431747947     
         110         111   1.1808656752470035     
         111         112   1.6480010421789655     
         112         113   1.1731537730069244     
          93         114  0.48892880748624040     
         110         114   1.2878018163059992     
         113         114   1.2443372538675481     
         113         115   1.3566673950244081     
          94         116   1.1731784978695208     
         115         116   1.3558326775368656     
          93         117  0.48859732969742098     
          96         117   1.2874266578848308     
         116         117   1.2449846796466515     
          94         118  0.97241171487909817     
          95         119  0.97097495807133116     
          99         120  0.97098013701342345     
         100         121  0.97241579235638953     
         103         122  0.96357190490340516     
         105         123  0.97241034755811517     
         106         124  0.97098662953883208     
         111         125  0.97099219707553497     
         112         126  0.97241104145983381     
         115         127  0.96357019615836925     
         129         130   1.6478528995816104     
         130         131   1.1809824217413956     
          80         132   1.1882760523151568     
         131         132   1.2487403327910986     
         132         133   1.2486004291407329     
         133         134   1.1810024485158914     
         134         135   1.6478466453314708     
         135         136   1.1732295043981142     
         128         137  0.48862853555461205     
         133         137   1.2877623637617406     
         136         137   1.2446567559014763     
         136         138   1.3561435970873461     
         138         139   1.3563264501540822     
         139         140   1.1732399333580164     
         140         141   1.6478256354447538     
         141         142   1.1810333187166255     
         128         143  0.48883409081051898     
         139         143   1.2445022199875753     
         142         143   1.2877174022950726     
          81         144   1.1882558554975915     
         142         144   1.2486369917406550     
         144         145   1.2486410405239943     
         145         146   1.1810212903092723     
         146         147   1.6478305876441666     
         147         148   1.1732563536122520     
         128         149  0.48882157182222774     
         145         149   1.2877237574333109     
         148         149   1.2445504940888055     
         148         150   1.3562679540980407     
         129         151   1.1732335650984249     
         150         151   1.3561467906520599     
         128         152  0.48865598661267029     
         131         152   1.2877228438011661     
         151         152   1.2446693580093164     
         129         153  0.97241161911885310     
         130         154  0.97098766871541675     
         134         155  0.97098565189942010     
         135         156  0.97241098068859633     
         138         157  0.96355253588839818     
         140         158  0.97240625856616103     
         141         159  0.97098370239093001     
         146         160  0.97099448036691882     
         147         161  0.97241324025954901     
         150         162  0.96355792893643899     
         164         165   1.6478755528590758     
         165         166   1.1809548185916730     
          84         167   1.1882523649444114     
         166         167   1.2486331276201141     
         167         168   1.2486477454814915     
         168         169   1.1810081240476209     
         169         170   1.6478719642432873     
         170         171   1.1731957859214213     
         163         172  0.48878652423016616     
         168         172   1.2877324484131252     
         171         172   1.2445438444052805     
         171         173   1.3563348461863032     
         173         174   1.3560976978466543     
         174         175   1.1732581653675571     
         175         176   1.6478026908651482     
         176         177   1.1810276491098761     
         163         178  0.48877466104243006     
         174         178   1.2447003929649829     
         177         178   1.2876040638460766     
          85         179   1.1882573026043028     
         177         179   1.2489428720624132     
         179         180   1.2484253077004797     
         180         181   1.1810055764016707     
         181         182   1.6478226520266828     
         182         183   1.1732782325674900     
         163         184  0.48873901536334641     
         180         184   1.2878107507646794     
         183         184   1.2445522999905585     
         183         185   1.3561830885465691     
         164         186   1.1732312310579289     
         185         186   1.3562961849018482     
         163         187  0.48863934162261230     
         166         187   1.2878100769876553     
         186         187   1.2445507268891425     
         164         188  0.97241027207531361     
         165         189  0.97098956895215671     
         169         190  0.97098911143872668     
         170         191  0.97240976777929222     
         173         192  0.96355678118624521     
         175         193  0.97241293664540918     
         176         194  0.97099756072714516     
         181         195  0.97097468104839535     
         182         196  0.97241005198527986     
         185         197  0.96355329328247585     
         199         200   1.6480296216545538     
         200         201   1.1808591592761803     
          88         202   1.1880668491389850     
         201         202   1.2489697064796772     
         202         203   1.2486093744266111     
         203         204   1.1808254546538803     
         204         205   1.6480675826635049     
         205         206   1.1730937693320964     
         198         207  0.48885726916173250     
         203         207   1.2878749358215011     
         206         207   1.2443125448293526     
         206         208   1.3567756886165570     
         208         209   1.3557233118774468     
         209         210   1.1731902017089706     
         210         211   1.6480394870999460     
         211         212   1.1808116437500853     
         198         213  0.48870539302214011     
         209         213   1.2451321283201877     
         212         213   1.2870336754349676     
          89         214   1.1857771690821801     
         212         214   1.2498415093296806     
         214         215   1.2500869469221705     
         215         216   1.1805941583369228     
         216         217   1.6482540148027223     
         217         218   1.1730725323522386     
         198         219  0.48879858909933027     
         215         219   1.2870585312549436     
         218         219   1.2451146822959953     
         218         220   1.3558289787363980     
         199         221   1.1731051224577060     
         220         221   1.3566363116188966     
         198         222  0.48888640420134055     
         201         222   1.2876741468916475     
         221         222   1.2444676216093380     
         199         223  0.97241356946395474     
         200         224  0.97099699355217906     
         204         225  0.97097754176050977     
         205         226  0.97241063623379798     
         208         227  0.96357151902385152     
         210         228  0.97240988135555873     
         211         229  0.97096421949456024     
         216         230  0.97096758531852989     
         217         231  0.97241046547746901     
         220         232  0.96357624463056379     
