    0.24433585
   -0.05213626
   -0.05051050
    0.07670059
    0.01826170
    0.07666200
   -0.05060200
   -0.05215056
    0.07559259
   -0.17630182
   -0.05004849
    0.07678731
   -0.05108858
   -0.05124954
    0.07735409
   -0.17484881
   -0.05178485
    0.07734513
   -0.05125099
   -0.05109905
    0.07678179
   -0.17470080
   -0.05004076
    0.07562094
   -0.17648846
    0.03369371
    0.03485316
    0.03500681
    0.03371340
    0.04906169
    0.03411059
    0.03403401
    0.04838045
    0.03404906
    0.03412409
    0.04905327
    0.24433918
   -0.05214435
   -0.05051492
    0.07668598
    0.01827284
    0.07666937
   -0.05060174
   -0.05215337
    0.07559045
   -0.17636619
   -0.05002779
    0.07677838
   -0.05109153
   -0.05125457
    0.07736730
   -0.17480880
   -0.05178408
    0.07735340
   -0.05124841
   -0.05109263
    0.07678548
   -0.17474260
   -0.05004686
    0.07561512
   -0.17642320
    0.03369830
    0.03488403
    0.03497081
    0.03370775
    0.04906583
    0.03411518
    0.03404098
    0.04838215
    0.03404836
    0.03412130
    0.04905440
   -0.02868568
   -0.02917164
   -0.02917040
   -0.02868328
    0.24581492
   -0.05197272
   -0.05047290
    0.07691407
    0.01837303
    0.07684559
   -0.05065731
   -0.05198118
    0.07514283
   -0.17636116
   -0.04825853
    0.07515583
   -0.05198632
   -0.05051338
    0.07689313
   -0.17650101
    0.01838188
    0.07685432
   -0.05062123
   -0.05199144
    0.07514158
   -0.17636954
   -0.04825744
    0.07515711
   -0.17650590
    0.03381284
    0.03497611
    0.03518228
    0.03384221
    0.04972580
    0.03381160
    0.03499724
    0.03512130
    0.03383227
    0.04971886
