           2           3   1.6512100131068166     
           3           4   1.1782769166419609     
           4           5   1.2583816312276848     
           5           6   1.2583811562399418     
           6           7   1.1783172752172892     
           7           8   1.6511791246262499     
           8           9   1.1707642578173583     
           1          10  0.48922446585809354     
           6          10   1.2840925868937447     
           9          10   1.2483595315043077     
           9          11   1.3566026221143261     
          11          12   1.3547648983619047     
          12          13   1.1625991841907746     
          13          14   1.6658671866561281     
          14          15   1.1618707447236876     
           1          16  0.49156087152135314     
          12          16   1.2605753405494513     
          15          16   1.2634080400106331     
          15          17   1.3540907545245711     
          17          18   1.3541944723355837     
          18          19   1.1619368033267283     
          19          20   1.6658291806716190     
          20          21   1.1626076438761552     
           1          22  0.49195209120259376     
          18          22   1.2632231702075445     
          21          22   1.2605657498636789     
          21          23   1.3547399214952358     
           2          24   1.1707313276827898     
          23          24   1.3566228741683899     
           1          25  0.48863227567273837     
           4          25   1.2843203070131244     
          24          25   1.2484225974661729     
           2          26  0.97242015395936032     
           3          27  0.96860918854251932     
           7          28  0.96832607619879862     
           8          29  0.97241262358584490     
          11          30  0.96393239118319296     
          13          31  0.97234579046537850     
          14          32  0.97237219616457471     
          17          33  0.96426491583942930     
          19          34  0.97236532312129942     
          20          35  0.97234480580233396     
          23          36  0.96393491380387830     
          38          39   1.6511724509251451     
          39          40   1.1783472782592606     
          40          41   1.2583906657651782     
          41          42   1.2581532655016572     
          42          43   1.1783688311553437     
          43          44   1.6511206064386434     
          44          45   1.1707895179126251     
          37          46  0.48894861142115015     
          42          46   1.2842546134952235     
          45          46   1.2483567686736659     
          45          47   1.3565865540077957     
          47          48   1.3547871741382249     
          48          49   1.1626815383075964     
          49          50   1.6657586298169618     
          50          51   1.1619454180533864     
          37          52  0.49170619902420976     
          48          52   1.2604637043087537     
          51          52   1.2634212355112808     
          51          53   1.3540309533016388     
          53          54   1.3542030443451583     
          54          55   1.1619081780725316     
          55          56   1.6658441242767692     
          56          57   1.1626047164675517     
          37          58  0.49187973720186517     
          54          58   1.2632738737017206     
          57          58   1.2605421019005010     
          57          59   1.3547787487646472     
          38          60   1.1707332143544633     
          59          60   1.3565563061095021     
          37          61  0.48882401641308693     
          40          61   1.2841907705658770     
          60          61   1.2484781264411036     
          38          62  0.97241855814387734     
          39          63  0.96848631363736848     
          43          64  0.96823830434953151     
          44          65  0.97241414786631186     
          47          66  0.96392796819775173     
          49          67  0.97234499293014420     
          50          68  0.97237223847455356     
          53          69  0.96426805575707009     
          55          70  0.97236804666224896     
          56          71  0.97234541019342102     
          59          72  0.96393506394253936     
           5          73   1.1682611710416724     
          73          74   2.5784213696890252     
          41          76   1.1684965641715541     
          75          76   2.5783367871237530     
          78          79   1.6494210552143387     
          79          80   1.1793528220385685     
          74          81   1.1695010538662833     
          80          81   1.2568650538584640     
          81          82   1.2564111718096569     
          82          83   1.1794302534335968     
          83          84   1.6493602571891675     
          84          85   1.1724026248412698     
          77          86  0.48935016348694987     
          82          86   1.2852489047047131     
          85          86   1.2461835141563926     
          85          87   1.3560780896182285     
          87          88   1.3559661061353385     
          88          89   1.1723245070670070     
          89          90   1.6494040328632913     
          90          91   1.1793996489180631     
          77          92  0.48892351959987879     
          88          92   1.2464259559821398     
          91          92   1.2852594146597687     
          75          93   1.1697317102777505     
          91          93   1.2566803667311457     
          93          94   1.2563991524363787     
          94          95   1.1794888355377018     
          95          96   1.6493162326755537     
          96          97   1.1724063476184710     
          77          98  0.48930366260543345     
          94          98   1.2852281730542892     
          97          98   1.2462561931371057     
          97          99   1.3560007860651129     
          78         100   1.1723477680293335     
          99         100   1.3560314611093331     
          77         101  0.48904639896492852     
          80         101   1.2852565178902724     
         100         101   1.2463375145852769     
          78         102  0.97240383357103566     
          79         103  0.96861762948298069     
          83         104  0.96832048080127819     
          84         105  0.97239966854289916     
          87         106  0.96361595111798903     
          89         107  0.97240447313639344     
          90         108  0.96849932591752108     
          95         109  0.96823529305874478     
          96         110  0.97240047996263934     
          99         111  0.96361709022560627     
