    0.19820178
   -0.05059260
   -0.04907370
    0.07875462
    0.01668832
    0.07876938
   -0.04902118
   -0.05059360
    0.07716926
   -0.17169464
   -0.04949208
    0.07848977
   -0.04958837
   -0.04975169
    0.07914302
   -0.16989475
   -0.05127507
    0.07914646
   -0.04975422
   -0.04958961
    0.07848976
   -0.16989697
   -0.04947694
    0.07716774
   -0.17169818
    0.03455725
    0.03663403
    0.03663071
    0.03454972
    0.05002414
    0.03519663
    0.03510933
    0.04930256
    0.03510830
    0.03519644
    0.05003450
    0.19818630
   -0.05058970
   -0.04906070
    0.07873347
    0.01669913
    0.07876086
   -0.04901030
   -0.05059653
    0.07719233
   -0.17172552
   -0.04951955
    0.07849496
   -0.04958481
   -0.04975094
    0.07914645
   -0.16990243
   -0.05128522
    0.07914615
   -0.04975358
   -0.04958555
    0.07849211
   -0.16988714
   -0.04950574
    0.07718474
   -0.17169878
    0.03456755
    0.03662813
    0.03662169
    0.03454951
    0.05001800
    0.03519304
    0.03510546
    0.04929675
    0.03510418
    0.03519097
    0.05002952
   -0.01922739
   -0.00978023
   -0.00198798
   -0.00178762
   -0.00987478
   -0.01891951
   -0.01897998
   -0.00977463
   -0.00184521
   -0.00183133
   -0.00978054
   -0.01897903
   -0.01887283
   -0.00985885
   -0.00175174
   -0.00194628
   -0.00975983
   -0.01918376
    0.20025645
   -0.05060740
   -0.04940842
    0.07911665
    0.01660372
    0.07914789
   -0.04937933
   -0.05060709
    0.07664292
   -0.17330414
   -0.04723169
    0.07662707
   -0.05060200
   -0.04938188
    0.07912465
   -0.17325918
    0.01669276
    0.07912901
   -0.04936327
   -0.05060243
    0.07662492
   -0.17326917
   -0.04723123
    0.07663898
   -0.17328793
    0.03401203
    0.03586683
    0.03586590
    0.03400381
    0.05020402
    0.03403257
    0.03595083
    0.03594349
    0.03403017
    0.05020146
    0.20023039
   -0.05059853
   -0.04938565
    0.07912090
    0.01668497
    0.07913689
   -0.04934873
   -0.05060172
    0.07663433
   -0.17328047
   -0.04725987
    0.07666256
   -0.05060364
   -0.04937715
    0.07912083
   -0.17331908
    0.01661437
    0.07911208
   -0.04938635
   -0.05060080
    0.07665781
   -0.17330920
   -0.04725304
    0.07662844
   -0.17325751
    0.03403578
    0.03595183
    0.03593917
    0.03402225
    0.05019246
    0.03400907
    0.03585484
    0.03586541
    0.03401289
    0.05020010
