           2           3   1.6501182641220571     
           3           4   1.1750715004945329     
           4           5   1.2480926182653425     
           5           6   1.2484528198220759     
           6           7   1.1749338061722205     
           7           8   1.6501918514014353     
           8           9   1.1669952753699138     
           1          10  0.53309526924652229     
           6          10   1.2885587491380386     
           9          10   1.2485722833445925     
           9          11   1.3550677352134639     
          11          12   1.3517655797590882     
          12          13   1.1580210645698159     
          13          14   1.6659394390383433     
          14          15   1.1575818665925992     
           1          16  0.53431948092114423     
          12          16   1.2631897559985854     
          15          16   1.2651773122640066     
          15          17   1.3515341889117127     
          17          18   1.3514903181771158     
          18          19   1.1575821693877899     
          19          20   1.6659191005277223     
          20          21   1.1580413607550291     
           1          22  0.53420610771539478     
          18          22   1.2652244395040615     
          21          22   1.2631907499383950     
          21          23   1.3517499806030560     
           2          24   1.1669965652636425     
          23          24   1.3551043771590461     
           1          25  0.53302163741380282     
           4          25   1.2885776493544498     
          24          25   1.2485302196078283     
           2          26  0.97229718224524464     
           3          27  0.97067276211503062     
           7          28  0.97068283390443844     
           8          29  0.97229854286294237     
          11          30  0.96380106412924615     
          13          31  0.97219306733307198     
          14          32  0.97221467851752330     
          17          33  0.96419150194013303     
          19          34  0.97221554649106323     
          20          35  0.97219267914982610     
          23          36  0.96379718394490188     
          38          39   1.6502759274358603     
          39          40   1.1749360771208082     
          40          41   1.2484030301891995     
          41          42   1.2488086382274721     
          42          43   1.1749568626144622     
          43          44   1.6502254463143071     
          44          45   1.1669403201266491     
          37          46  0.53300056802414542     
          42          46   1.2882548146211170     
          45          46   1.2488153356284080     
          45          47   1.3549266403215863     
          47          48   1.3518631061650894     
          48          49   1.1579738945525035     
          49          50   1.6659953082681453     
          50          51   1.1575500824920688     
          37          52  0.53432947189869795     
          48          52   1.2631727099539358     
          51          52   1.2652032080784923     
          51          53   1.3515487731289593     
          53          54   1.3515068552931320     
          54          55   1.1575743781146826     
          55          56   1.6659400599921397     
          56          57   1.1580235349553147     
          37          58  0.53422462293608564     
          54          58   1.2652200673694027     
          57          58   1.2632026996098895     
          57          59   1.3517740752475260     
          38          60   1.1669121187297564     
          59          60   1.3550509320218205     
          37          61  0.53301634145098753     
          40          61   1.2884194938397222     
          60          61   1.2486830766759414     
          38          62  0.97229530296085598     
          39          63  0.97066361590458861     
          43          64  0.97068443658185632     
          44          65  0.97230075482563039     
          47          66  0.96380430028552500     
          49          67  0.97219276890486894     
          50          68  0.97221409897976885     
          53          69  0.96419353499476812     
          55          70  0.97221476183701960     
          56          71  0.97219267308786717     
          59          72  0.96380232555750811     
           5          73   1.1884280105673708     
          73          74   2.4412549239690895     
          74          75   1.3331602676021648     
          73          76  0.19260811058247784     
          75          76   2.3552042416947878     
          76          77   1.3341618319315007     
          75          78  0.19246728516534517     
          77          78   2.4382312811669400     
          79          80   2.4362911925081949     
          80          81   1.3357658910683572     
          79          82  0.19211551606931518     
          81          82   2.3519856131348420     
          82          83   1.3358262507753753     
          81          84  0.19217337513362914     
          83          84   2.4362711351283952     
          85          86   2.4388545466678693     
          86          87   1.3335273580977949     
          85          88  0.19238699581346913     
          87          88   2.3558224387067455     
          88          89   1.3325725970636393     
          41          90   1.1877554099839456     
          87          90  0.19256982918403304     
          89          90   2.4418670156737186     
          92          93   1.6491018499821970     
          93          94   1.1755410544018043     
          78          95   1.1914517972044296     
          94          95   1.2452193001816549     
          95          96   1.2453992377442660     
          96          97   1.1755281153543151     
          97          98   1.6490900246650813     
          98          99   1.1679771212462202     
          91         100  0.52769845778923774     
          96         100   1.2915651263238761     
          99         100   1.2477370729169834     
          99         101   1.3541409588572837     
         101         102   1.3539647191057251     
         102         103   1.1680191580141583     
         103         104   1.6489569371008357     
         104         105   1.1756919452387153     
          91         106  0.52765828518515157     
         102         106   1.2477923249366507     
         105         106   1.2916768192707928     
          79         107   1.1924700055368991     
         105         107   1.2448203366415942     
         107         108   1.2449394565106338     
         108         109   1.1756653509845740     
         109         110   1.6489532322258711     
         110         111   1.1680432257979476     
          91         112  0.52765965887967858     
         108         112   1.2916757471225397     
         111         112   1.2478010542341642     
         111         113   1.3539531697451839     
          92         114   1.1679748447918972     
         113         114   1.3541267054149015     
          91         115  0.52769267386424323     
          94         115   1.2915808253122907     
         114         115   1.2477491219655763     
          92         116  0.97234171173940021     
          93         117  0.97077989647353224     
          97         118  0.97077077287955993     
          98         119  0.97233863070601012     
         101         120  0.96352995407608688     
         103         121  0.97234146921463604     
         104         122  0.97075789655224254     
         109         123  0.97077117014167802     
         110         124  0.97234313773772374     
         113         125  0.96353104426370295     
         127         128   1.6490216591138211     
         128         129   1.1756396108353817     
          84         130   1.1924291126172866     
         129         130   1.2447981814189759     
         130         131   1.2450335004709359     
         131         132   1.1756693123758488     
         132         133   1.6489843772690496     
         133         134   1.1679931287336902     
         126         135  0.52763625494920130     
         131         135   1.2916144904835209     
         134         135   1.2478463023290163     
         134         136   1.3539871635898733     
         136         137   1.3540593125817122     
         137         138   1.1679040702413230     
         138         139   1.6492032651725692     
         139         140   1.1754646147771775     
         126         141  0.52766392177247290     
         137         141   1.2479071858729576     
         140         141   1.2913608654247035     
          85         142   1.1908153987212389     
         140         142   1.2456256924693729     
         142         143   1.2456104173003713     
         143         144   1.1754492961275607     
         144         145   1.6492041594849474     
         145         146   1.1679129903986905     
         126         147  0.52756869214142499     
         143         147   1.2913908081249548     
         146         147   1.2479228148730235     
         146         148   1.3540277503289555     
         127         149   1.1679862156854128     
         148         149   1.3540446088827132     
         126         150  0.52765599559240184     
         129         150   1.2917140423701228     
         149         150   1.2477660701821596     
         127         151  0.97234083271159744     
         128         152  0.97076237108110341     
         132         153  0.97076665979813970     
         133         154  0.97234360817191501     
         136         155  0.96353501100925498     
         138         156  0.97233992928470703     
         139         157  0.97076562186152371     
         144         158  0.97077566868070486     
         145         159  0.97233875927057367     
         148         160  0.96353267595373060     
