    0.56155894
   -0.05409195
   -0.05428224
    0.07045208
    0.00998555
    0.07048287
   -0.05421149
   -0.05409606
    0.06434392
   -0.21430245
   -0.06021005
    0.06559423
   -0.05330588
   -0.05500454
    0.07054444
   -0.21260397
   -0.05890903
    0.07054805
   -0.05500720
   -0.05330834
    0.06559407
   -0.21262709
   -0.06019404
    0.06433101
   -0.21423118
    0.03053167
    0.03305060
    0.03302175
    0.03050402
    0.04957631
    0.03095113
    0.03126042
    0.04758689
    0.03125961
    0.03095075
    0.04959032
    0.56154482
   -0.05409084
   -0.05427758
    0.07043869
    0.00998180
    0.07047371
   -0.05420302
   -0.05409057
    0.06435324
   -0.21431820
   -0.06022892
    0.06559613
   -0.05330613
   -0.05500241
    0.07054148
   -0.21260466
   -0.05891385
    0.07054560
   -0.05500829
   -0.05331035
    0.06559570
   -0.21262348
   -0.06020970
    0.06433563
   -0.21422063
    0.03053918
    0.03304451
    0.03301404
    0.03050237
    0.04956924
    0.03095039
    0.03125930
    0.04758506
    0.03125767
    0.03094894
    0.04958699
   -0.02087861
   -0.01184603
   -0.00348962
   -0.00375037
   -0.01159070
   -0.02114252
   -0.02092734
   -0.01162916
   -0.00351544
   -0.00354363
   -0.01159601
   -0.02096180
   -0.02096209
   -0.01159722
   -0.00354438
   -0.00351445
   -0.01163468
   -0.02093060
   -0.02109981
   -0.01157472
   -0.00371573
   -0.00345171
   -0.01183225
   -0.02083078
    0.56413741
   -0.05400472
   -0.05429547
    0.07083560
    0.01002602
    0.07085481
   -0.05427846
   -0.05400785
    0.06413862
   -0.21540839
   -0.05841156
    0.06412390
   -0.05399243
   -0.05431789
    0.07088832
   -0.21540146
    0.00994312
    0.07087681
   -0.05430689
   -0.05399104
    0.06412468
   -0.21542228
   -0.05841714
    0.06413084
   -0.21538008
    0.03047716
    0.03287049
    0.03287399
    0.03047142
    0.05015253
    0.03049127
    0.03287336
    0.03287092
    0.03049528
    0.05015108
    0.56431753
   -0.05398082
   -0.05429384
    0.07087970
    0.00998077
    0.07089457
   -0.05428083
   -0.05397826
    0.06408969
   -0.21542276
   -0.05838713
    0.06408702
   -0.05398023
   -0.05428589
    0.07089202
   -0.21540570
    0.00998046
    0.07088238
   -0.05428868
   -0.05397943
    0.06408419
   -0.21541256
   -0.05838725
    0.06408062
   -0.21539601
    0.03052335
    0.03289189
    0.03287325
    0.03050860
    0.05018774
    0.03051160
    0.03288459
    0.03288133
    0.03051730
    0.05018864
    0.56411818
   -0.05399124
   -0.05433796
    0.07086685
    0.00994263
    0.07089837
   -0.05428400
   -0.05399419
    0.06413440
   -0.21543626
   -0.05843752
    0.06414852
   -0.05400225
   -0.05427137
    0.07083728
   -0.21539668
    0.01002468
    0.07083811
   -0.05428756
   -0.05400344
    0.06414331
   -0.21540121
   -0.05842361
    0.06412524
   -0.21538823
    0.03050591
    0.03288600
    0.03286161
    0.03048086
    0.05014073
    0.03047456
    0.03285937
    0.03287448
    0.03048157
    0.05015366
