           2           3   1.6438433088533086     
           3           4   1.1825655050508574     
           4           5   1.2548795949131333     
           5           6   1.2553752409330377     
           6           7   1.1825412756569320     
           7           8   1.6438322966684527     
           8           9   1.1711780772974199     
           1          10  0.65704586015551203     
           6          10   1.2572357450909477     
           9          10   1.2163774059454198     
           9          11   1.3611382617441152     
          11          12   1.3608768999823591     
          12          13   1.1626908024327445     
          13          14   1.6599694666262736     
          14          15   1.1638481365609465     
           1          16  0.65967306950813387     
          12          16   1.2266233975161023     
          15          16   1.2387824379491430     
          15          17   1.3579512999057559     
          17          18   1.3579059215047109     
          18          19   1.1638622361075752     
          19          20   1.6599403683617999     
          20          21   1.1627125769780320     
           1          22  0.65951397990930083     
          18          22   1.2388278507195285     
          21          22   1.2266616798150467     
          21          23   1.3608358412389210     
           2          24   1.1711755579503682     
          23          24   1.3612332579094928     
           1          25  0.65711933210473294     
           4          25   1.2573293550302207     
          24          25   1.2162302359323476     
           2          26  0.97223749249219560     
           3          27  0.97115301696183420     
           7          28  0.97117098415979486     
           8          29  0.97224070103049798     
          11          30  0.96290918639384782     
          13          31  0.97213646546913002     
          14          32  0.97240136605786243     
          17          33  0.96489875981985052     
          19          34  0.97240296187446107     
          20          35  0.97213627793457735     
          23          36  0.96290235635261823     
          38          39   1.6439777392233319     
          39          40   1.1824292425104810     
          40          41   1.2550716964580608     
          41          42   1.2556604978154478     
          42          43   1.1824819876679502     
          43          44   1.6439109548196362     
          44          45   1.1711319611778386     
          37          46  0.65708442666409728     
          42          46   1.2570698071360380     
          45          46   1.2164485445228024     
          45          47   1.3611179516802467     
          47          48   1.3609020377120680     
          48          49   1.1626753216978327     
          49          50   1.6599828268376893     
          50          51   1.1638481565600620     
          37          52  0.65971661268839865     
          48          52   1.2266206241267366     
          51          52   1.2387595571192307     
          51          53   1.3579680292745686     
          53          54   1.3579262938329086     
          54          55   1.1638573850501071     
          55          56   1.6599520027025436     
          56          57   1.1627014164939984     
          37          58  0.65952284934716987     
          54          58   1.2388094269165064     
          57          58   1.2266829056835999     
          57          59   1.3608297828306255     
          38          60   1.1711195653795359     
          59          60   1.3612560602907484     
          37          61  0.65716149488690367     
          40          61   1.2572889482953915     
          60          61   1.2162447754205663     
          38          62  0.97223623005460369     
          39          63  0.97114526580459848     
          43          64  0.97117157128883136     
          44          65  0.97223850563144654     
          47          66  0.96290943440239585     
          49          67  0.97213662617787955     
          50          68  0.97240101240678289     
          53          69  0.96489910497370857     
          55          70  0.97240230978674391     
          56          71  0.97213676826501594     
          59          72  0.96290488312138001     
           5          73   1.1856875630211843     
          73          74   2.4475244691685067     
          74          75   1.3289384079991096     
          73          76  0.19335340057223249     
          75          76   2.3618994803917288     
          76          77   1.3297157146464045     
          75          78  0.19315968002044875     
          77          78   2.4449832469792128     
          79          80   2.4434810089989418     
          80          81   1.3309785388181412     
          79          82  0.19291420706534468     
          81          82   2.3593524095126988     
          82          83   1.3309749383253382     
          81          84  0.19290109433681168     
          83          84   2.4434656316450223     
          85          86   2.4434955556185471     
          86          87   1.3309463948379019     
          85          88  0.19289647082880912     
          87          88   2.3593991861563937     
          88          89   1.3309390047115059     
          87          90  0.19291035226474812     
          89          90   2.4435411308026946     
          91          92   2.4454818193456727     
          92          93   1.3292122950016345     
          91          94  0.19308801075731058     
          93          94   2.3624059458895035     
          94          95   1.3284424718656880     
          41          96   1.1852073494694100     
          93          96  0.19328355674660497     
          95          96   2.4479978399080942     
          98          99   1.6429355928607665     
          99         100   1.1828911409030616     
          78         101   1.1883351775622075     
         100         101   1.2523485480575509     
         101         102   1.2524775536987216     
         102         103   1.1828900673244191     
         103         104   1.6429178920937386     
         104         105   1.1721128564178855     
          97         106  0.65199995224331730     
         102         106   1.2602566460165927     
         105         106   1.2149892086483738     
         105         107   1.3606169297067732     
         107         108   1.3607903975171904     
         108         109   1.1721219996662788     
         109         110   1.6428321313938030     
         110         111   1.1829993310856453     
          97         112  0.65190332285082453     
         108         112   1.2148658581866165     
         111         112   1.2604661767355752     
          79         113   1.1890158592542961     
         111         113   1.2519764472945019     
         113         114   1.2521181161940826     
         114         115   1.1829455042789121     
         115         116   1.6428566039971968     
         116         117   1.1721315801443222     
          97         118  0.65184225660356576     
         114         118   1.2604492610218954     
         117         118   1.2149299645290332     
         117         119   1.3607344031068296     
          98         120   1.1721054397720372     
         119         120   1.3606423904081519     
          97         121  0.65204653157692738     
         100         121   1.2602770721616683     
         120         121   1.2149580617948224     
          98         122  0.97223525085551621     
          99         123  0.97119664985873955     
         103         124  0.97119197812936287     
         104         125  0.97223596665269574     
         107         126  0.96264806142935333     
         109         127  0.97223503499033370     
         110         128  0.97118584750525272     
         115         129  0.97120085071011919     
         116         130  0.97223841239200215     
         119         131  0.96265028844325795     
         133         134   1.6428655095278317     
         134         135   1.1829575765923879     
          84         136   1.1890373150096061     
         135         136   1.2519764896435042     
         136         137   1.2520834524002589     
         137         138   1.1830067810676310     
         138         139   1.6428167531395115     
         139         140   1.1721358401044739     
         132         141  0.65191432119807580     
         137         141   1.2604401096358673     
         140         141   1.2148449543425337     
         140         142   1.3607065361373016     
         142         143   1.3607170510612356     
         143         144   1.1721185864493104     
         144         145   1.6428367328661744     
         145         146   1.1829971503129193     
         132         147  0.65197534448577288     
         143         147   1.2148318829575198     
         146         147   1.2604344678397978     
          85         148   1.1890399668005878     
         146         148   1.2520439717017955     
         148         149   1.2520158506743182     
         149         150   1.1829629313785091     
         150         151   1.6428484602740769     
         151         152   1.1721368763792215     
         132         153  0.65189501672890904     
         149         153   1.2604891767114941     
         152         153   1.2148364580107511     
         152         154   1.3607026349278237     
         133         155   1.1721209884628789     
         154         155   1.3607189887526880     
         132         156  0.65195901082333052     
         135         156   1.2604861743935327     
         155         156   1.2148159600118342     
         133         157  0.97223011607487020     
         134         158  0.97118787718658051     
         138         159  0.97119087955015637     
         139         160  0.97222785860779726     
         142         161  0.96263119865646241     
         144         162  0.97222855310586709     
         145         163  0.97118468115437295     
         150         164  0.97119414026538742     
         151         165  0.97222902132161448     
         154         166  0.96263275372889356     
         168         169   1.6428580674130695     
         169         170   1.1829681193827473     
          90         171   1.1889834634101437     
         170         171   1.2519005527632125     
         171         172   1.2522601212495879     
         172         173   1.1829691122947243     
         173         174   1.6428517247843804     
         174         175   1.1721070954385477     
         167         176  0.65187772335165572     
         172         176   1.2603851259187673     
         175         176   1.2149676969785930     
         175         177   1.3607356510165673     
         177         178   1.3606404461237958     
         178         179   1.1720455126103084     
         179         180   1.6430416545868627     
         180         181   1.1827933897582128     
         167         182  0.65210725346891929     
         178         182   1.2150245723183626     
         181         182   1.2601218907255598     
          91         183   1.1878347177651063     
         181         183   1.2527204270377088     
         183         184   1.2525950087570714     
         184         185   1.1828039978772542     
         185         186   1.6430100603207753     
         186         187   1.1720779565438011     
         167         188  0.65201992413352095     
         184         188   1.2601943177534831     
         187         188   1.2150043546922629     
         187         189   1.3606239044882098     
         168         190   1.1721273860985970     
         189         190   1.3607988128501667     
         167         191  0.65191075975546320     
         170         191   1.2604770912317775     
         190         191   1.2148543682160138     
         168         192  0.97223600260855403     
         169         193  0.97119065386886705     
         173         194  0.97119527161631625     
         174         195  0.97223855254570835     
         177         196  0.96265150126420296     
         179         197  0.97223361273621234     
         180         198  0.97119174521375995     
         185         199  0.97118963171274530     
         186         200  0.97223426106828903     
         189         201  0.96264531776685835     
