    0.24463085
   -0.05198454
   -0.05037759
    0.07727585
    0.01699762
    0.07730210
   -0.05033169
   -0.05198447
    0.07563363
   -0.17680337
   -0.04974402
    0.07691103
   -0.05100841
   -0.05114555
    0.07742716
   -0.17473619
   -0.05148553
    0.07742995
   -0.05114795
   -0.05101019
    0.07690905
   -0.17475950
   -0.04973108
    0.07562304
   -0.17675476
    0.03371215
    0.03542350
    0.03545003
    0.03369491
    0.04924106
    0.03430232
    0.03422987
    0.04860260
    0.03422687
    0.03430063
    0.04925039
    0.24461909
   -0.05198102
   -0.05037683
    0.07726237
    0.01699238
    0.07727318
   -0.05033799
   -0.05198256
    0.07565932
   -0.17682328
   -0.04977919
    0.07691480
   -0.05101011
   -0.05114532
    0.07742774
   -0.17475071
   -0.05150293
    0.07742950
   -0.05114628
   -0.05101116
    0.07691364
   -0.17476686
   -0.04977114
    0.07565175
   -0.17679482
    0.03371366
    0.03546646
    0.03548234
    0.03369979
    0.04922755
    0.03429677
    0.03422351
    0.04859181
    0.03422137
    0.03429655
    0.04923287
   -0.02033703
   -0.00999516
   -0.00924608
   -0.02115085
   -0.02049219
   -0.00957358
   -0.00932699
   -0.02073861
   -0.02054493
   -0.00942203
   -0.00935579
   -0.02060877
   -0.02061046
   -0.00935990
   -0.00942365
   -0.02054392
   -0.02074634
   -0.00932463
   -0.00957782
   -0.02049987
   -0.02111018
   -0.00921166
   -0.00997003
   -0.02028024
    0.24634165
   -0.05181691
   -0.05035072
    0.07746345
    0.01745952
    0.07747624
   -0.05032534
   -0.05181672
    0.07515791
   -0.17685900
   -0.04762580
    0.07510080
   -0.05177747
   -0.05043264
    0.07755445
   -0.17687027
    0.01706512
    0.07757001
   -0.05041075
   -0.05178117
    0.07510365
   -0.17690729
   -0.04761997
    0.07514742
   -0.17681075
    0.03383906
    0.03556174
    0.03559341
    0.03382388
    0.04995924
    0.03383303
    0.03543254
    0.03542496
    0.03382212
    0.04996139
    0.24636897
   -0.05177350
   -0.05036973
    0.07753961
    0.01733824
    0.07754298
   -0.05035863
   -0.05177130
    0.07511788
   -0.17676718
   -0.04753012
    0.07512014
   -0.05176715
   -0.05037202
    0.07758526
   -0.17682303
    0.01722382
    0.07756222
   -0.05040074
   -0.05176406
    0.07511712
   -0.17680314
   -0.04753189
    0.07512766
   -0.17680929
    0.03389617
    0.03554381
    0.03553172
    0.03388961
    0.05005507
    0.03388913
    0.03544686
    0.03550369
    0.03389506
    0.05005669
    0.24636483
   -0.05176105
   -0.05035783
    0.07756243
    0.01729121
    0.07755940
   -0.05038278
   -0.05176169
    0.07512734
   -0.17680259
   -0.04752215
    0.07512442
   -0.05176428
   -0.05039012
    0.07756001
   -0.17678996
    0.01729343
    0.07756325
   -0.05034914
   -0.05175945
    0.07512472
   -0.17679167
   -0.04752351
    0.07512153
   -0.17677643
    0.03390593
    0.03551625
    0.03552754
    0.03391197
    0.05007953
    0.03391653
    0.03554059
    0.03550365
    0.03390064
    0.05007369
    0.24636488
   -0.05176436
   -0.05041160
    0.07755933
    0.01721730
    0.07757337
   -0.05036211
   -0.05176111
    0.07511511
   -0.17681718
   -0.04753794
    0.07512358
   -0.05177491
   -0.05035505
    0.07754781
   -0.17678416
    0.01734515
    0.07753642
   -0.05037454
   -0.05177624
    0.07512563
   -0.17680077
   -0.04752957
    0.07511469
   -0.17680983
    0.03389810
    0.03550644
    0.03547323
    0.03388264
    0.05004996
    0.03388961
    0.03554254
    0.03553191
    0.03389412
    0.05005906
    0.24633206
   -0.05177859
   -0.05041345
    0.07756239
    0.01705860
    0.07756074
   -0.05041612
   -0.05177919
    0.07511294
   -0.17690810
   -0.04765367
    0.07517939
   -0.05181079
   -0.05035505
    0.07743903
   -0.17683435
    0.01746532
    0.07746865
   -0.05031733
   -0.05181266
    0.07519061
   -0.17688822
   -0.04766304
    0.07511326
   -0.17687810
    0.03383153
    0.03542710
    0.03543835
    0.03382765
    0.04995577
    0.03385142
    0.03561765
    0.03563548
    0.03383211
    0.04994880
