           2           3   1.6504587637500840     
           3           4   1.1793203314942231     
           4           5   1.2516319680743111     
           5           6   1.2520308297030402     
           6           7   1.1793080046889863     
           7           8   1.6504651072546257     
           8           9   1.1710267706246866     
           1          10  0.48894474038243668     
           6          10   1.2860058359219033     
           9          10   1.2468707523699676     
           9          11   1.3576160907928503     
          11          12   1.3538514484615156     
          12          13   1.1627641551080963     
          13          14   1.6656294895238397     
          14          15   1.1620594338279231     
           1          16  0.49142165918399394     
          12          16   1.2609940032465468     
          15          16   1.2631821759323016     
          15          17   1.3541044552622332     
          17          18   1.3540747534603130     
          18          19   1.1620556247465137     
          19          20   1.6656160742523363     
          20          21   1.1627790207072783     
           1          22  0.49132376071908263     
          18          22   1.2632191493776119     
          21          22   1.2610055907812079     
          21          23   1.3538249690568023     
           2          24   1.1710501750810680     
          23          24   1.3576889064560076     
           1          25  0.48895517746675859     
           4          25   1.2861500231064273     
          24          25   1.2467453465613398     
           2          26  0.97242196425788585     
           3          27  0.97097002259077037     
           7          28  0.97098537678510766     
           8          29  0.97242508921055981     
          11          30  0.96390566123870969     
          13          31  0.97233799191967296     
          14          32  0.97235516079460305     
          17          33  0.96423839473134720     
          19          34  0.97235601436004593     
          20          35  0.97233780920121649     
          23          36  0.96390114564155238     
          38          39   1.6506107275062440     
          39          40   1.1791831990982944     
          40          41   1.2522315162967541     
          41          42   1.2524791548596812     
          42          43   1.1791850012673930     
          43          44   1.6506140106887335     
          44          45   1.1709581241810725     
          37          46  0.48895980249477700     
          42          46   1.2857412919045936     
          45          46   1.2470378033738110     
          45          47   1.3575366710764216     
          47          48   1.3539375809046803     
          48          49   1.1627291591342213     
          49          50   1.6656769684873116     
          50          51   1.1620361032478947     
          37          52  0.49144381215928706     
          48          52   1.2609850501084323     
          51          52   1.2631795396864143     
          51          53   1.3541331121226894     
          53          54   1.3541117488283112     
          54          55   1.1620322879606939     
          55          56   1.6656691046256478     
          56          57   1.1627382940577140     
          37          58  0.49138166615416357     
          54          58   1.2632075678633918     
          57          58   1.2609846241852751     
          57          59   1.3539280555755377     
          38          60   1.1709742034554784     
          59          60   1.3575870743718319     
          37          61  0.48895961795011245     
          40          61   1.2858242692185360     
          60          61   1.2469489615081217     
          38          62  0.97242084074649771     
          39          63  0.97095954809526885     
          43          64  0.97097401377672932     
          44          65  0.97242331187820896     
          47          66  0.96390773803552965     
          49          67  0.97233841513883323     
          50          68  0.97235498926423125     
          53          69  0.96423831528755333     
          55          70  0.97235543650139611     
          56          71  0.97233805833147624     
          59          72  0.96390337278276139     
           5          73   1.1843577243859083     
          73          74   2.4704963123646086     
          74          75   1.3047919321455446     
          73          76  0.20277087972729571     
          75          76   2.4689149538491479     
          77          78   2.4663292074611829     
          78          79   1.3069474320790240     
          77          80  0.20233652110044059     
          79          80   2.4662503923895573     
          81          82   2.4662787394258916     
          82          83   1.3069189526577876     
          81          84  0.20227552418236386     
          83          84   2.4662647302469058     
          85          86   2.4662795686455086     
          86          87   1.3068982139043164     
          85          88  0.20226287412810834     
          87          88   2.4662914442518913     
          89          90   2.4663479209734107     
          90          91   1.3068723415401104     
          89          92  0.20234214274954010     
          91          92   2.4664534165976066     
          93          94   2.4698687978179215     
          94          95   1.3037472690431726     
          41          96   1.1832583017149085     
          93          96  0.20253899133137007     
          95          96   2.4714603907018904     
          98          99   1.6479051472436959     
          99         100   1.1810010112810687     
          76         101   1.1866218679950755     
         100         101   1.2494067378175400     
         101         102   1.2497024541655659     
         102         103   1.1809866137837590     
         103         104   1.6479102014401112     
         104         105   1.1732089051226722     
          97         106  0.48875206958580070     
         102         106   1.2870339498176608     
         105         106   1.2452030853685616     
         105         107   1.3556470872052224     
         107         108   1.3566956442836786     
         108         109   1.1730565332496246     
         109         110   1.6480497908278513     
         110         111   1.1809106611698148     
          97         112  0.48881972462382489     
         108         112   1.2444552006425944     
         111         112   1.2877069860150185     
          77         113   1.1878747930992872     
         111         113   1.2487638678805721     
         113         114   1.2488803165856353     
         114         115   1.1809088582230356     
         115         116   1.6480359474877688     
         116         117   1.1730622594654145     
          97         118  0.48874485412137003     
         114         118   1.2876960060293496     
         117         118   1.2445047347258829     
         117         119   1.3566535680579008     
          98         120   1.1732235409936149     
         119         120   1.3557098519303370     
          97         121  0.48880140742066713     
         100         121   1.2871360889575936     
         120         121   1.2451008983534004     
          98         122  0.97241445147531769     
          99         123  0.97097534674148378     
         103         124  0.97098843977867133     
         104         125  0.97241564484644072     
         107         126  0.96356262140707449     
         109         127  0.97241192288820322     
         110         128  0.97099180142957908     
         115         129  0.97099569026563659     
         116         130  0.97241283758767771     
         119         131  0.96356101529263116     
         133         134   1.6477839755932135     
         134         135   1.1811183506084277     
          80         136   1.1880320490900060     
         135         136   1.2487497902127012     
         136         137   1.2487835667925378     
         137         138   1.1811215740072378     
         138         139   1.6477892165380918     
         139         140   1.1732308183523152     
         132         141  0.48878848808367792     
         137         141   1.2875197752225689     
         140         141   1.2447893245926627     
         140         142   1.3560289623631987     
         142         143   1.3562863276168289     
         143         144   1.1731836023206845     
         144         145   1.6479118563709354     
         145         146   1.1809868468272262     
         132         147  0.48864743604241939     
         143         147   1.2446354043603745     
         146         147   1.2877354339450939     
          81         148   1.1879624582148527     
         146         148   1.2487508420266749     
         148         149   1.2487536787564659     
         149         150   1.1810626708704521     
         150         151   1.6478710147113373     
         151         152   1.1731663965183741     
         132         153  0.48877887995711056     
         149         153   1.2875764411031025     
         152         153   1.2446358057701534     
         152         154   1.3563112095557484     
         133         155   1.1732429379423057     
         154         155   1.3560352126338406     
         132         156  0.48869125632050059     
         135         156   1.2875429938859664     
         155         156   1.2447838413362833     
         133         157  0.97241107786934622     
         134         158  0.97098798777626927     
         138         159  0.97098400738217827     
         139         160  0.97241024182906777     
         142         161  0.96354459745671184     
         144         162  0.97241240977082666     
         145         163  0.97099124430072670     
         150         164  0.97098818602634285     
         151         165  0.97240926751159118     
         154         166  0.96354162257445419     
         168         169   1.6478275155699986     
         169         170   1.1811032806203756     
          84         171   1.1880085522538932     
         170         171   1.2487763802689835     
         171         172   1.2487087346477039     
         172         173   1.1810952532270944     
         173         174   1.6478250191016395     
         174         175   1.1732065807304739     
         167         176  0.48867306146438655     
         172         176   1.2875894555489527     
         175         176   1.2447251101816494     
         175         177   1.3561518405288993     
         177         178   1.3561868717299133     
         178         179   1.1731827553957723     
         179         180   1.6478598037511305     
         180         181   1.1810601939160184     
         167         182  0.48870982478364444     
         178         182   1.2446983537413052     
         181         182   1.2876143129157485     
          85         183   1.1879993006130229     
         181         183   1.2486969492411153     
         183         184   1.2487976926441697     
         184         185   1.1811292077393973     
         185         186   1.6478053641983901     
         186         187   1.1732081509479177     
         167         188  0.48872614357562050     
         184         188   1.2875380582593063     
         187         188   1.2447737972789017     
         187         189   1.3561166551868156     
         168         190   1.1731960922545082     
         189         190   1.3561599276353014     
         167         191  0.48878609286133745     
         170         191   1.2875619034540520     
         190         191   1.2447294503299260     
         168         192  0.97241044041180902     
         169         193  0.97099203527858724     
         173         194  0.97098918159270975     
         174         195  0.97240880198121749     
         177         196  0.96353923088031235     
         179         197  0.97240965477474783     
         180         198  0.97097346703417553     
         185         199  0.97100730073202668     
         186         200  0.97240982937667286     
         189         201  0.96354392145390289     
         203         204   1.6479043979732455     
         204         205   1.1810176196657549     
          88         206   1.1879736151082008     
         205         206   1.2486528860190336     
         206         207   1.2488299216958167     
         207         208   1.1810860276073833     
         208         209   1.6478519904110549     
         209         210   1.1731792894084252     
         202         211  0.48875639630817469     
         207         211   1.2875779987714977     
         210         211   1.2446820107052654     
         210         212   1.3562698302161951     
         212         213   1.3560093766914179     
         213         214   1.1732377270617595     
         214         215   1.6477816568857357     
         215         216   1.1811284451284390     
         202         217  0.48877626632545912     
         213         217   1.2448186704808606     
         216         217   1.2874891740804617     
          89         218   1.1879793159828460     
         216         218   1.2488525718182060     
         218         219   1.2487297290273802     
         219         220   1.1811172819493072     
         220         221   1.6477778076261842     
         221         222   1.1732529418458451     
         202         223  0.48866668501288640     
         219         223   1.2875550723158153     
         222         223   1.2447981721749015     
         222         224   1.3560041241538521     
         203         225   1.1731571679696358     
         224         225   1.3563588958973707     
         202         226  0.48872069388072115     
         205         226   1.2876825777521972     
         225         226   1.2445857783196295     
         203         227  0.97240855091162415     
         204         228  0.97097747066317686     
         208         229  0.97100648599163486     
         209         230  0.97241122090995891     
         212         231  0.96354856456469073     
         214         232  0.97241271735606827     
         215         233  0.97098955333238646     
         220         234  0.97098779308758087     
         221         235  0.97241006130917618     
         224         236  0.96354153353731442     
         238         239   1.6480972676594763     
         239         240   1.1808837520962161     
          92         241   1.1877832091712150     
         240         241   1.2488782945086601     
         241         242   1.2489085082414169     
         242         243   1.1808743285076182     
         243         244   1.6480975011546635     
         244         245   1.1730196417768681     
         237         246  0.48878858863908925     
         242         246   1.2876684141913848     
         245         246   1.2444983688633722     
         245         247   1.3567320869651758     
         247         248   1.3556221045942207     
         248         249   1.1731458027268458     
         249         250   1.6480657450536915     
         250         251   1.1808571208943404     
         237         252  0.48879602220915808     
         248         252   1.2452847068431963     
         251         252   1.2868502922562928     
          93         253   1.1855353928751633     
         251         253   1.2499058048147935     
         253         254   1.2502370824415263     
         254         255   1.1808427537462083     
         255         256   1.6480771457141736     
         256         257   1.1731143552877383     
         237         258  0.48875690864643578     
         254         258   1.2867532223057345     
         257         258   1.2453783613721274     
         257         259   1.3555845021404329     
         238         260   1.1730182648209262     
         259         260   1.3567486178166044     
         237         261  0.48886794852347254     
         240         261   1.2876582978128892     
         260         261   1.2444751274857286     
         238         262  0.97241212701112900     
         239         263  0.97099122112719283     
         243         264  0.97099464437659622     
         244         265  0.97241236059787517     
         247         266  0.96356183503017101     
         249         267  0.97241219188199390     
         250         268  0.97096833504574798     
         255         269  0.97097316504739761     
         256         270  0.97241424024163781     
         259         271  0.96356434390047718     
