    0.10046959
   -0.05319467
   -0.05205029
    0.07159088
    0.01926523
    0.07188052
   -0.05088783
   -0.05328247
    0.07144879
   -0.12989478
   -0.04945697
    0.07248541
   -0.05226119
   -0.05237535
    0.07276549
   -0.12855392
   -0.05107542
    0.07274763
   -0.05238135
   -0.05230604
    0.07238089
   -0.12844593
   -0.04936440
    0.07129424
   -0.12946746
    0.03443004
    0.03623024
    0.03471904
    0.03432823
    0.04976902
    0.03464845
    0.03454522
    0.04915177
    0.03453808
    0.03460259
    0.04982080
    0.10047665
   -0.05320589
   -0.05199284
    0.07159063
    0.01928141
    0.07184855
   -0.05099993
   -0.05329077
    0.07144302
   -0.12985083
   -0.04942985
    0.07249356
   -0.05227031
   -0.05237814
    0.07276980
   -0.12858219
   -0.05105567
    0.07276020
   -0.05238940
   -0.05230104
    0.07236524
   -0.12841340
   -0.04934917
    0.07131754
   -0.12944172
    0.03443523
    0.03618717
    0.03484715
    0.03433546
    0.04978184
    0.03465571
    0.03454968
    0.04916278
    0.03454968
    0.03461648
    0.04983147
   -0.02944370
   -0.02867962
   -0.02922967
   -0.02922231
   -0.02867304
   -0.02943079
    0.09909913
   -0.05308834
   -0.05215031
    0.07215076
    0.01848310
    0.07228138
   -0.05097567
   -0.05319471
    0.07144458
   -0.13093327
   -0.04820765
    0.07145109
   -0.05314850
   -0.05178957
    0.07219636
   -0.13080048
    0.01863340
    0.07220374
   -0.05165540
   -0.05320711
    0.07144226
   -0.13086935
   -0.04816997
    0.07144201
   -0.13074840
    0.03412833
    0.03607167
    0.03387518
    0.03403101
    0.05007190
    0.03409456
    0.03548233
    0.03538539
    0.03403797
    0.05010700
    0.09903926
   -0.05316401
   -0.05173453
    0.07221378
    0.01863507
    0.07220534
   -0.05170608
   -0.05320656
    0.07144793
   -0.13087047
   -0.04816370
    0.07143598
   -0.05308005
   -0.05207408
    0.07216727
   -0.13080562
    0.01845769
    0.07227395
   -0.05108343
   -0.05318230
    0.07143024
   -0.13085060
   -0.04821389
    0.07145180
   -0.13081297
    0.03408360
    0.03538838
    0.03545182
    0.03404035
    0.05009736
    0.03411854
    0.03591523
    0.03402148
    0.03404647
    0.05006933
