           2           3   1.6411341746534893     
           3           4   1.1829578651202231     
           4           5   1.2576737823798330     
           5           6   1.2621946011901226     
           6           7   1.1823653464600739     
           7           8   1.6415060020312868     
           8           9   1.1739124263526102     
           1          10  0.72337147939538937     
           6          10   1.2588500772366711     
           9          10   1.2290374316749073     
           9          11   1.3563435615063857     
          11          12   1.3575176729196685     
          12          13   1.1655801003531667     
          13          14   1.6566199360102001     
          14          15   1.1654135142431332     
           1          16  0.72633694132302140     
          12          16   1.2376669825167117     
          15          16   1.2414726609142126     
          15          17   1.3555250183102250     
          17          18   1.3561923106997911     
          18          19   1.1653411663547550     
          19          20   1.6562514389422067     
          20          21   1.1663212717657421     
           1          22  0.72629032430785823     
          18          22   1.2406322164387555     
          21          22   1.2387729578196867     
          21          23   1.3557871132367689     
           2          24   1.1740776167339417     
          23          24   1.3585642903477362     
           1          25  0.72377588687958727     
           4          25   1.2617161241254118     
          24          25   1.2262080028647848     
           2          26  0.97197681102402655     
           3          27  0.96861082991667469     
           7          28  0.96710465827559788     
           8          29  0.97199369600958507     
          11          30  0.96352583387043722     
          13          31  0.97190662641805203     
          14          32  0.97193277480699269     
          17          33  0.96380077656552321     
          19          34  0.97194511843380360     
          20          35  0.97191698662070092     
          23          36  0.96350945419544376     
          38          39   1.6412527510237793     
          39          40   1.1827762635383297     
          40          41   1.2582061651618566     
          41          42   1.2619195595298498     
          42          43   1.1824504559403508     
          43          44   1.6414879756684635     
          44          45   1.1738964612694749     
          37          46  0.72342320440829710     
          42          46   1.2589859408697146     
          45          46   1.2288604838408381     
          45          47   1.3564943384784793     
          47          48   1.3572976986089120     
          48          49   1.1656620871093168     
          49          50   1.6565346294064303     
          50          51   1.1654168126113120     
          37          52  0.72619795670020804     
          48          52   1.2378460483093523     
          51          52   1.2413692601526523     
          51          53   1.3555838493700787     
          53          54   1.3560514810770927     
          54          55   1.1653526687006213     
          55          56   1.6562253526375057     
          56          57   1.1663031184399153     
          37          58  0.72651118524731173     
          54          58   1.2407758698023281     
          57          58   1.2384509500201641     
          57          59   1.3560574774501648     
          38          60   1.1740751764201502     
          59          60   1.3582655205417884     
          37          61  0.72385478957953486     
          40          61   1.2613806022261325     
          60          61   1.2265129722036299     
          38          62  0.97197857724010439     
          39          63  0.96859305534981177     
          43          64  0.96699925335253611     
          44          65  0.97199527482602610     
          47          66  0.96352875825981654     
          49          67  0.97190917366279872     
          50          68  0.97193303079313509     
          53          69  0.96380401260492055     
          55          70  0.97194449198815580     
          56          71  0.97191193739065551     
          59          72  0.96350704568428003     
           5          73   1.1672670555395630     
          73          74   2.5822437288308118     
          75          76   2.5819209524144768     
          41          78   1.1670604932796214     
          77          78   2.5823825416725006     
          80          81   1.6420182506793677     
          81          82   1.1823435545048393     
          74          83   1.1664048643814284     
          82          83   1.2590274115020259     
          83          84   1.2620857305809876     
          84          85   1.1824231069239601     
          85          86   1.6415850258118829     
          86          87   1.1746005998113491     
          79          88  0.71963582738452880     
          84          88   1.2613195355981843     
          87          88   1.2274235385186869     
          87          89   1.3580302376023046     
          89          90   1.3592950627551537     
          90          91   1.1744395676415031     
          91          92   1.6415648187874119     
          92          93   1.1826894957497431     
          79          94  0.71967765823798668     
          90          94   1.2260364690331835     
          93          94   1.2628560970505589     
          75          95   1.1671258352740206     
          93          95   1.2596166530018982     
          95          96   1.2608841644121660     
          96          97   1.1824955140701643     
          97          98   1.6414246225957947     
          98          99   1.1748121572549981     
          79         100  0.71951651018290630     
          96         100   1.2616179450829970     
          99         100   1.2273938566165477     
          99         101   1.3576885781499517     
          80         102   1.1741858945250883     
         101         102   1.3597577120252753     
          79         103  0.71935721333519143     
          82         103   1.2632038227367790     
         102         103   1.2257842239336347     
          80         104  0.97198970974333321     
          81         105  0.96851790357327183     
          85         106  0.96710013288662866     
          86         107  0.97201039899788111     
          89         108  0.96302541589145474     
          91         109  0.97200009657696929     
          92         110  0.96752350837495660     
          97         111  0.96751187597411914     
          98         112  0.97200406608252354     
         101         113  0.96301890366713216     
         115         116   1.6415660384350135     
         116         117   1.1826511352415305     
          76         118   1.1671098101067119     
         117         118   1.2598249242500823     
         118         119   1.2607043598055088     
         119         120   1.1825789383733933     
         120         121   1.6413558705382076     
         121         122   1.1748547810175403     
         114         123  0.71958638831425892     
         119         123   1.2616470475621131     
         122         123   1.2272309572003683     
         122         124   1.3577726422289038     
         124         125   1.3597059780609828     
         125         126   1.1742283486282594     
         126         127   1.6420002458391838     
         127         128   1.1823279823737103     
         114         129  0.71928896789882568     
         125         129   1.2258142273757910     
         128         129   1.2631319512122563     
          77         130   1.1663045141631065     
         128         130   1.2593068478566602     
         130         131   1.2618878771343041     
         131         132   1.1823158164093963     
         132         133   1.6416908205695568     
         133         134   1.1745452712976203     
         114         135  0.71989118744547675     
         131         135   1.2614575788290749     
         134         135   1.2271309661448990     
         134         136   1.3582955520606541     
         115         137   1.1744796533288857     
         136         137   1.3591030956210450     
         114         138  0.71958116309996079     
         117         138   1.2627443580325073     
         137         138   1.2262090127013503     
         115         139  0.97200354393137145     
         116         140  0.96749495031869093     
         120         141  0.96755614108348764     
         121         142  0.97200620259355752     
         124         143  0.96301282677711131     
         126         144  0.97199318168702475     
         127         145  0.96855860453752674     
         132         146  0.96696854296366330     
         133         147  0.97200575545141210     
         136         148  0.96302166799277866     
