    0.56262911
   -0.05453266
   -0.05422828
    0.06959900
    0.01161225
    0.06949875
   -0.05441510
   -0.05453833
    0.06408133
   -0.21383785
   -0.06069377
    0.06528990
   -0.05352999
   -0.05526660
    0.07030601
   -0.21299279
   -0.05935793
    0.07026731
   -0.05525975
   -0.05352732
    0.06526174
   -0.21279509
   -0.06069616
    0.06412578
   -0.21407288
    0.03040596
    0.03191806
    0.03222887
    0.03046516
    0.04928783
    0.03057703
    0.03088196
    0.04721047
    0.03091365
    0.03060415
    0.04927040
    0.56267589
   -0.05453970
   -0.05415048
    0.06960219
    0.01162086
    0.06952767
   -0.05445620
   -0.05455490
    0.06408920
   -0.21393789
   -0.06067963
    0.06527527
   -0.05354310
   -0.05526977
    0.07027673
   -0.21287833
   -0.05935127
    0.07026502
   -0.05525657
   -0.05353640
    0.06526503
   -0.21282642
   -0.06070357
    0.06411479
   -0.21401788
    0.03042115
    0.03181276
    0.03219274
    0.03044434
    0.04929736
    0.03058690
    0.03089622
    0.04721265
    0.03090881
    0.03059567
    0.04928115
   -0.03061816
   -0.03076657
   -0.03067463
   -0.03068890
   -0.03065987
   -0.03068771
   -0.03069077
   -0.03067966
   -0.03070280
   -0.03065589
   -0.03077086
   -0.03063672
    0.56762189
   -0.05447019
   -0.05426749
    0.06988113
    0.01144951
    0.06980755
   -0.05447305
   -0.05451479
    0.06377017
   -0.21525565
   -0.05926391
    0.06368051
   -0.05452438
   -0.05441991
    0.06986791
   -0.21517022
    0.01141441
    0.06987595
   -0.05439084
   -0.05451879
    0.06370604
   -0.21520328
   -0.05927679
    0.06375703
   -0.21528021
    0.03042286
    0.03178172
    0.03195271
    0.03044315
    0.04995231
    0.03046300
    0.03183741
    0.03181104
    0.03044144
    0.04993102
    0.56821506
   -0.05453956
   -0.05440478
    0.06986300
    0.01142424
    0.06989720
   -0.05442509
   -0.05451542
    0.06367132
   -0.21530879
   -0.05921327
    0.06366550
   -0.05452134
   -0.05430921
    0.06990861
   -0.21527555
    0.01141058
    0.06987049
   -0.05455101
   -0.05453410
    0.06363764
   -0.21523705
   -0.05919175
    0.06366143
   -0.21525824
    0.03046310
    0.03175559
    0.03184382
    0.03045099
    0.04999603
    0.03045746
    0.03168030
    0.03198056
    0.03048002
    0.05001524
    0.56850807
   -0.05454025
   -0.05451867
    0.06985049
    0.01143428
    0.06991347
   -0.05432000
   -0.05452325
    0.06362685
   -0.21534443
   -0.05917894
    0.06359421
   -0.05455098
   -0.05438054
    0.06988394
   -0.21524245
    0.01145661
    0.06989267
   -0.05437538
   -0.05454394
    0.06359996
   -0.21529490
   -0.05917468
    0.06360595
   -0.21524489
    0.03049189
    0.03193346
    0.03165309
    0.03046435
    0.05003013
    0.03047746
    0.03170411
    0.03165629
    0.03047859
    0.05004368
    0.56837183
   -0.05453946
   -0.05433802
    0.06988978
    0.01144497
    0.06985744
   -0.05441233
   -0.05454976
    0.06358976
   -0.21521550
   -0.05918312
    0.06363136
   -0.05452521
   -0.05457584
    0.06984553
   -0.21525340
    0.01141435
    0.06989409
   -0.05430522
   -0.05450680
    0.06368576
   -0.21540445
   -0.05920904
    0.06361110
   -0.21523546
    0.03046668
    0.03167701
    0.03170007
    0.03048486
    0.05002471
    0.03048388
    0.03205503
    0.03169030
    0.03044003
    0.04999879
    0.56754290
   -0.05451028
   -0.05431129
    0.06990275
    0.01138660
    0.06984939
   -0.05457603
   -0.05451014
    0.06369685
   -0.21514643
   -0.05925090
    0.06375889
   -0.05450158
   -0.05418531
    0.06989090
   -0.21532780
    0.01145684
    0.06981479
   -0.05454361
   -0.05450195
    0.06377610
   -0.21517408
   -0.05927762
    0.06375763
   -0.21526798
    0.03043331
    0.03176141
    0.03211623
    0.03046142
    0.04993055
    0.03040751
    0.03154109
    0.03213033
    0.03044778
    0.04993147
