           2           3   1.6446978892904391     
           3           4   1.1813949298148778     
           4           5   1.2627436681084425     
           5           6   1.2626374512074854     
           6           7   1.1812596795364143     
           7           8   1.6449306375157740     
           8           9   1.1706362492456666     
           1          10  0.65732217021878103     
           6          10   1.2557837713142339     
           9          10   1.2174851820241679     
           9          11   1.3607293176959712     
          11          12   1.3612837789998857     
          12          13   1.1628338592734766     
          13          14   1.6597309878389330     
          14          15   1.1639518368981838     
           1          16  0.65907866285063665     
          12          16   1.2265701752345510     
          15          16   1.2390385481314570     
          15          17   1.3577878544877335     
          17          18   1.3581404265364596     
          18          19   1.1638366852469981     
          19          20   1.6599507754546050     
          20          21   1.1626612554909934     
           1          22  0.66018033462577486     
          18          22   1.2386534911131160     
          21          22   1.2263645203910505     
          21          23   1.3614880467064936     
           2          24   1.1707919109441067     
          23          24   1.3605007844645765     
           1          25  0.65612051351567002     
           4          25   1.2561732129609193     
          24          25   1.2177742617388583     
           2          26  0.97224485481665912     
           3          27  0.96925811649946958     
           7          28  0.96879006047591454     
           8          29  0.97223222918843533     
          11          30  0.96295743309632631     
          13          31  0.97216008346051541     
          14          32  0.97242821317089079     
          17          33  0.96494266844317989     
          19          34  0.97241920288436912     
          20          35  0.97215385425746725     
          23          36  0.96296419369036346     
          38          39   1.6448119067137512     
          39          40   1.1813129601711303     
          40          41   1.2627792857734466     
          41          42   1.2620712271564984     
          42          43   1.1813726603294641     
          43          44   1.6447577929140675     
          44          45   1.1707244611859247     
          37          46  0.65656987179639403     
          42          46   1.2562716033543202     
          45          46   1.2174795093129194     
          45          47   1.3607464073087410     
          47          48   1.3612542078792200     
          48          49   1.1627712485880592     
          49          50   1.6598126688068693     
          50          51   1.1639105566933901     
          37          52  0.65956810340273730     
          48          52   1.2265554832428962     
          51          52   1.2388357213021928     
          51          53   1.3578947566513848     
          53          54   1.3580329508341193     
          54          55   1.1638662914880729     
          55          56   1.6599348056538059     
          56          57   1.1626390280468364     
          37          58  0.65996942695463467     
          54          58   1.2386959826752717     
          57          58   1.2264525459105837     
          57          59   1.3614024192414098     
          38          60   1.1706999576084953     
          59          60   1.3605549149406420     
          37          61  0.65648714180433632     
          40          61   1.2560340709048714     
          60          61   1.2177564672966885     
          38          62  0.97224448087751592     
          39          63  0.96893732016342771     
          43          64  0.96875502095893784     
          44          65  0.97224036259021740     
          47          66  0.96296198740628258     
          49          67  0.97215980829674065     
          50          68  0.97242685970588938     
          53          69  0.96494161196554695     
          55          70  0.97242231314141869     
          56          71  0.97215714092706063     
          59          72  0.96296694703473329     
           5          73   1.1678022151516443     
          73          74   2.5826774332169089     
          75          76   2.5784578087895751     
          77          78   2.5779729508472311     
          79          80   2.5774926702673495     
          81          82   2.5787362364312636     
          41          84   1.1683369766065468     
          83          84   2.5823155987197808     
          86          87   1.6443548082984116     
          87          88   1.1812557320234092     
          74          89   1.1692040634333656     
          88          89   1.2609674166492029     
          89          90   1.2601768440377232     
          90          91   1.1814569861428288     
          91          92   1.6441360707786827     
          92          93   1.1714600264573884     
          85          94  0.65195327223478794     
          90          94   1.2587470258632387     
          93          94   1.2162564342132864     
          93          95   1.3604726309406754     
          95          96   1.3607953971158315     
          96          97   1.1716230985273854     
          97          98   1.6437361011220277     
          98          99   1.1818540130963240     
          85         100  0.65247741791511116     
          96         100   1.2157414119459733     
          99         100   1.2591127440072343     
          75         101   1.1721466591389604     
          99         101   1.2591488396712316     
         101         102   1.2592441462003472     
         102         103   1.1818786130483361     
         103         104   1.6436896158594350     
         104         105   1.1716699091118952     
          85         106  0.65227135319645346     
         102         106   1.2590690004599143     
         105         106   1.2159904726583683     
         105         107   1.3605107091736426     
          86         108   1.1713456955354089     
         107         108   1.3607246977627230     
          85         109  0.65225636858061209     
          88         109   1.2586283181676503     
         108         109   1.2161134468444701     
          86         110  0.97223331255506384     
          87         111  0.96930446350389166     
          91         112  0.96885553288484483     
          92         113  0.97224019771776016     
          95         114  0.96269249480090369     
          97         115  0.97223451528867688     
          98         116  0.96854526786639816     
         103         117  0.96847140613530147     
         104         118  0.97223985959742376     
         107         119  0.96269903749497154     
         121         122   1.6436657039146856     
         122         123   1.1818711494658376     
          76         124   1.1722488073878201     
         123         124   1.2590164870942233     
         124         125   1.2590972431365695     
         125         126   1.1817849867457633     
         126         127   1.6437592837041335     
         127         128   1.1716443874539360     
         120         129  0.65177906715918366     
         125         129   1.2593895063654126     
         128         129   1.2158770125102600     
         128         130   1.3606269812037437     
         130         131   1.3605411953021975     
         131         132   1.1716458329258308     
         132         133   1.6436875494627159     
         133         134   1.1818755038709794     
         120         135  0.65200563944273726     
         131         135   1.2159658222673635     
         134         135   1.2592143730618941     
          77         136   1.1726378712839505     
         134         136   1.2592659424859027     
         136         137   1.2584745609850418     
         137         138   1.1819056650864563     
         138         139   1.6436123295368938     
         139         140   1.1717416964303693     
         120         141  0.65198999347462994     
         137         141   1.2595646335697355     
         140         141   1.2156342966595999     
         140         142   1.3607325142734639     
         121         143   1.1716850802021985     
         142         143   1.3605060681007757     
         120         144  0.65195085632542715     
         123         144   1.2592603905896655     
         143         144   1.2159516926298173     
         121         145  0.97223809184707222     
         122         146  0.96847731620515565     
         126         147  0.96854841854042972     
         127         148  0.97223815112533840     
         130         149  0.96268618476554502     
         132         150  0.97223864999641652     
         133         151  0.96864314483777492     
         138         152  0.96821916551408416     
         139         153  0.97223469377008453     
         142         154  0.96267900588241484     
         156         157   1.6435320980234329     
         157         158   1.1819967972080356     
          78         159   1.1727133205930655     
         158         159   1.2586571941938678     
         159         160   1.2589331211223631     
         160         161   1.1819825929102243     
         161         162   1.6435250462322506     
         162         163   1.1717797641697918     
         155         164  0.65198072284977315     
         160         164   1.2593769248289455     
         163         164   1.2156912560312247     
         163         165   1.3605701173057905     
         165         166   1.3605166521952312     
         166         167   1.1718566092313485     
         167         168   1.6433755540830615     
         168         169   1.1821560835747418     
         155         170  0.65242265129612675     
         166         170   1.2156093139546191     
         169         170   1.2593216392144255     
          79         171   1.1736449318279216     
         169         171   1.2584215102286251     
         171         172   1.2583091794238943     
         172         173   1.1821588762616277     
         173         174   1.6433646607893235     
         174         175   1.1718524348502044     
         155         176  0.65205668322352550     
         172         176   1.2595276929462067     
         175         176   1.2155611360308445     
         175         177   1.3605943232086499     
         156         178   1.1717763161656634     
         177         178   1.3605256437259288     
         155         179  0.65240130401338403     
         158         179   1.2591885833221825     
         178         179   1.2156371725211086     
         156         180  0.97223825653440699     
         157         181  0.96824747334844419     
         161         182  0.96864818763729110     
         162         183  0.97224319527206049     
         165         184  0.96266882195450520     
         167         185  0.97223884741444555     
         168         186  0.96777272229247902     
         173         187  0.96802385583254003     
         174         188  0.97224085896446888     
         177         189  0.96266053065213308     
         191         192   1.6434762333538049     
         192         193   1.1820993457395836     
          80         194   1.1736089076016631     
         193         194   1.2585408629069956     
         194         195   1.2582791505345889     
         195         196   1.1821681421848538     
         196         197   1.6433648257497324     
         197         198   1.1718481597084212     
         190         199  0.65240879560414167     
         195         199   1.2593560809223985     
         198         199   1.2155758193353305     
         198         200   1.3605545671259847     
         200         201   1.3606681213533081     
         201         202   1.1717200704964923     
         202         203   1.6437229401659135     
         203         204   1.1817662748974589     
         190         205  0.65230665466918591     
         201         205   1.2155650917066785     
         204         205   1.2592708029421553     
          81         206   1.1716767970381954     
         204         206   1.2589041638333152     
         206         207   1.2596850732168026     
         207         208   1.1817877281004856     
         208         209   1.6437522982818726     
         209         210   1.1716392374951270     
         190         211  0.65174064930283848     
         207         211   1.2590208636277798     
         210         211   1.2161069087389651     
         210         212   1.3604071509165903     
         191         213   1.1717717426333334     
         212         213   1.3606784284322790     
         190         214  0.65244730627745595     
         193         214   1.2593533355992101     
         213         214   1.2155723605643687     
         191         215  0.97223862139212958     
         192         216  0.96801824495733479     
         196         217  0.96776926819987952     
         197         218  0.97223701091697023     
         200         219  0.96266435767223102     
         202         220  0.97223837731303298     
         203         221  0.96873432971469331     
         208         222  0.96901260984617843     
         209         223  0.97224482952046110     
         212         224  0.96268023324202434     
         226         227   1.6439662715604708     
         227         228   1.1816211235476679     
          82         229   1.1715203101876681     
         228         229   1.2598602535637804     
         229         230   1.2591005975639424     
         230         231   1.1817561473380023     
         231         232   1.6437922614169207     
         232         233   1.1716582678915275     
         225         234  0.65243655230226416     
         230         234   1.2592145089014883     
         233         234   1.2156834853750211     
         233         235   1.3608189629963419     
         235         236   1.3604980497890853     
         236         237   1.1715435993717376     
         237         238   1.6440231894951234     
         238         239   1.1815146428882239     
         225         240  0.65198759392393080     
         236         240   1.2162450899210062     
         239         240   1.2587468233084143     
          83         241   1.1696873392256553     
         239         241   1.2606195176592045     
         241         242   1.2601094449334935     
         242         243   1.1813149206894016     
         243         244   1.6443275519588600     
         244         245   1.1713376294716382     
         225         246  0.65210937146590797     
         242         246   1.2588783801887378     
         245         246   1.2160884219848298     
         245         247   1.3607602518932094     
         226         248   1.1714798709899885     
         247         248   1.3605432586061310     
         225         249  0.65177879437792008     
         228         249   1.2590144845500724     
         248         249   1.2163138314063395     
         226         250  0.97223937794765591     
         227         251  0.96898134769865696     
         231         252  0.96872000435965266     
         232         253  0.97223337012861222     
         235         254  0.96269827822409682     
         237         255  0.97223882223409364     
         238         256  0.96899054448672450     
         243         257  0.96878360861277335     
         244         258  0.97223341824988796     
         247         259  0.96270377039606347     
