    0.24474292
   -0.05189874
   -0.05051306
    0.07739061
    0.01649001
    0.07746859
   -0.05044756
   -0.05193004
    0.07570410
   -0.17695538
   -0.04968107
    0.07698810
   -0.05096619
   -0.05109718
    0.07746359
   -0.17475192
   -0.05143137
    0.07747255
   -0.05110288
   -0.05096756
    0.07697404
   -0.17475795
   -0.04966452
    0.07568325
   -0.17691204
    0.03381552
    0.03580711
    0.03579349
    0.03379431
    0.04931695
    0.03439207
    0.03429966
    0.04867809
    0.03430126
    0.03439066
    0.04932832
    0.24473305
   -0.05190894
   -0.05049362
    0.07739195
    0.01649292
    0.07743554
   -0.05043025
   -0.05189860
    0.07570457
   -0.17700850
   -0.04969405
    0.07698068
   -0.05096587
   -0.05110242
    0.07747056
   -0.17474506
   -0.05144882
    0.07746976
   -0.05110118
   -0.05096750
    0.07698144
   -0.17476580
   -0.04969431
    0.07570618
   -0.17690920
    0.03380967
    0.03578505
    0.03577323
    0.03377578
    0.04930381
    0.03438706
    0.03429607
    0.04866934
    0.03429672
    0.03438841
    0.04931601
   -0.01895010
   -0.01074747
   -0.00188791
   -0.00263443
   -0.01003493
   -0.01975183
   -0.01916913
   -0.01030384
   -0.00201180
   -0.00215739
   -0.01016004
   -0.01931809
   -0.01931991
   -0.01016310
   -0.00215297
   -0.00200786
   -0.01031322
   -0.01918001
   -0.01972035
   -0.01002648
   -0.00259596
   -0.00183563
   -0.01074290
   -0.01890615
    0.24658900
   -0.05171533
   -0.05046986
    0.07761256
    0.01692406
    0.07765042
   -0.05043977
   -0.05172129
    0.07526531
   -0.17702563
   -0.04749006
    0.07522938
   -0.05167224
   -0.05053344
    0.07773244
   -0.17710397
    0.01659817
    0.07774957
   -0.05052009
   -0.05167334
    0.07521971
   -0.17710694
   -0.04748372
    0.07525652
   -0.17699434
    0.03398976
    0.03594343
    0.03594579
    0.03397592
    0.05007868
    0.03399080
    0.03584512
    0.03584343
    0.03398521
    0.05007649
    0.24661722
   -0.05166401
   -0.05049751
    0.07771218
    0.01675617
    0.07772247
   -0.05049124
   -0.05166443
    0.07524581
   -0.17700713
   -0.04740618
    0.07525010
   -0.05166658
   -0.05049169
    0.07772876
   -0.17701264
    0.01675931
    0.07771152
   -0.05049557
   -0.05166144
    0.07524434
   -0.17700824
   -0.04740968
    0.07524522
   -0.17699153
    0.03405099
    0.03592423
    0.03591863
    0.03404818
    0.05014791
    0.03404468
    0.03591869
    0.03592060
    0.03404993
    0.05014718
    0.24658569
   -0.05166965
   -0.05053948
    0.07772524
    0.01659299
    0.07774653
   -0.05050605
   -0.05167252
    0.07523432
   -0.17710319
   -0.04751035
    0.07528316
   -0.05171578
   -0.05043676
    0.07762707
   -0.17703901
    0.01693666
    0.07763080
   -0.05045250
   -0.05171454
    0.07527765
   -0.17703084
   -0.04750112
    0.07522709
   -0.17708583
    0.03399663
    0.03585236
    0.03584608
    0.03398784
    0.05007053
    0.03398796
    0.03593418
    0.03595626
    0.03399124
    0.05007933
