           2           3   1.6503361254655105     
           3           4   1.1794241795968381     
           4           5   1.2502709658532742     
           5           6   1.2507623494679507     
           6           7   1.1793690777375345     
           7           8   1.6503652384328971     
           8           9   1.1710799218734267     
           1          10  0.48898573857935779     
           6          10   1.2862147173018721     
           9          10   1.2465688126499934     
           9          11   1.3577830260043100     
          11          12   1.3537952601606922     
          12          13   1.1627227106723494     
          13          14   1.6657330849619689     
          14          15   1.1619698481171179     
           1          16  0.49129508298895425     
          12          16   1.2610596768374724     
          15          16   1.2631779632535827     
          15          17   1.3541967265881358     
          17          18   1.3540483001314092     
          18          19   1.1620422302138338     
          19          20   1.6656459930948810     
          20          21   1.1627788020373975     
           1          22  0.49129456015464706     
          18          22   1.2632536791394009     
          21          22   1.2609982954491563     
          21          23   1.3538086705908055     
           2          24   1.1711309976509710     
          23          24   1.3577941995246610     
           1          25  0.48898835051648110     
           4          25   1.2862428238179353     
          24          25   1.2464843172454623     
           2          26  0.97241783431485385     
           3          27  0.97089712264644579     
           7          28  0.97088559718055900     
           8          29  0.97242997768443618     
          11          30  0.96389604591456823     
          13          31  0.97232917190259283     
          14          32  0.97234950556554256     
          17          33  0.96422417307001240     
          19          34  0.97235120923558971     
          20          35  0.97233147293990274     
          23          36  0.96388900611923001     
          38          39   1.6504180473323933     
          39          40   1.1793558547195198     
          40          41   1.2505906295892917     
          41          42   1.2509749828237093     
          42          43   1.1793281718321424     
          43          44   1.6504248343242494     
          44          45   1.1710597600256305     
          37          46  0.48893879742712798     
          42          46   1.2860412033290820     
          45          46   1.2466682541799643     
          45          47   1.3577078926183948     
          47          48   1.3538962782483490     
          48          49   1.1627251408786115     
          49          50   1.6657276885910386     
          50          51   1.1619841774889570     
          37          52  0.49135591789484717     
          48          52   1.2609700915034927     
          51          52   1.2632570762620876     
          51          53   1.3541040591122431     
          53          54   1.3541658311231661     
          54          55   1.1619806781158091     
          55          56   1.6657345617663277     
          56          57   1.1627175826072356     
          37          58  0.49132831722517667     
          54          58   1.2632137847846310     
          57          58   1.2610043754838842     
          57          59   1.3538968834260721     
          38          60   1.1710807307288220     
          59          60   1.3576803834673037     
          37          61  0.48897991698430138     
          40          61   1.2860812541514051     
          60          61   1.2466574177125309     
          38          62  0.97242005764856354     
          39          63  0.97088303847641455     
          43          64  0.97087829112055724     
          44          65  0.97241673329792933     
          47          66  0.96389161904519471     
          49          67  0.97233000939434877     
          50          68  0.97235115307925657     
          53          69  0.96422525607740539     
          55          70  0.97235079549212133     
          56          71  0.97233123725038162     
          59          72  0.96389382645679633     
           5          73   1.1874903126433123     
          73          74   2.4422729764929310     
          74          75   1.3325603606484973     
          73          76  0.19273320730372490     
          75          76   2.3561380546959199     
          76          77   1.3333677169578053     
          75          78  0.19251789382544560     
          77          78   2.4397370316524150     
          79          80   2.4376217731654997     
          80          81   1.3351176399271056     
          79          82  0.19228173028733755     
          81          82   2.3529460194762897     
          82          83   1.3351401359388173     
          81          84  0.19226900593453305     
          83          84   2.4375539760128051     
          85          86   2.4376164032922212     
          86          87   1.3350816654019062     
          85          88  0.19226018319512625     
          87          88   2.3530550802104204     
          88          89   1.3350456072839985     
          87          90  0.19227600342596374     
          89          90   2.4377223143185880     
          91          92   2.4402301165398663     
          92          93   1.3328250997255580     
          91          94  0.19243157791463719     
          93          94   2.3566737107549880     
          94          95   1.3320866564375013     
          41          96   1.1869566744328146     
          93          96  0.19269468619209723     
          95          96   2.4427137761807014     
          98          99   1.6476412777843439     
          99         100   1.1811557375673245     
          78         101   1.1901945652500572     
         100         101   1.2478868546616393     
         101         102   1.2481541861978118     
         102         103   1.1811557061998925     
         103         104   1.6476721191896333     
         104         105   1.1733928008220005     
          97         106  0.48889589501500869     
         102         106   1.2872986292881168     
         105         106   1.2447117153828364     
         105         107   1.3558558883849861     
         107         108   1.3567542354977600     
         108         109   1.1731365279473680     
         109         110   1.6479695819797966     
         110         111   1.1808992284081201     
          97         112  0.48862041800180483     
         108         112   1.2441861125227387     
         111         112   1.2879700291862854     
          79         113   1.1911787691994682     
         111         113   1.2474617659316718     
         113         114   1.2475276502682902     
         114         115   1.1808790827193523     
         115         116   1.6479872116590555     
         116         117   1.1731196032219358     
          97         118  0.48861661324746192     
         114         118   1.2880090273223350     
         117         118   1.2441768863697737     
         117         119   1.3567924185235229     
          98         120   1.1734738608833444     
         119         120   1.3558022563620844     
          97         121  0.48889832377724940     
         100         121   1.2873856375195554     
         120         121   1.2446582195669467     
          98         122  0.97240577490919544     
          99         123  0.97089760824662219     
         103         124  0.97088810917189539     
         104         125  0.97240660606747187     
         107         126  0.96354650570361677     
         109         127  0.97240663647728431     
         110         128  0.97088976738577992     
         115         129  0.97089394478705926     
         116         130  0.97240860984476496     
         119         131  0.96354761565835567     
         133         134   1.6477493065531652     
         134         135   1.1810586084136894     
          84         136   1.1912710396151955     
         135         136   1.2474285663674360     
         136         137   1.2474637876181407     
         137         138   1.1810251134789853     
         138         139   1.6477796249707912     
         139         140   1.1733058764598518     
         132         141  0.48872882657110162     
         137         141   1.2878770427677710     
         140         141   1.2443080061623804     
         140         142   1.3563397438265727     
         142         143   1.3563269783882170     
         143         144   1.1733031561831533     
         144         145   1.6477757343442208     
         145         146   1.1810330770569177     
         132         147  0.48867288424614219     
         143         147   1.2443273092150822     
         146         147   1.2878997672828822     
          85         148   1.1912508171919038     
         146         148   1.2474468505606753     
         148         149   1.2474666490840975     
         149         150   1.1810045598075789     
         150         151   1.6478013164530507     
         151         152   1.1732990586356069     
         132         153  0.48870495337372660     
         149         153   1.2878692749611265     
         152         153   1.2443367475409512     
         152         154   1.3563189695871036     
         133         155   1.1733307656633447     
         154         155   1.3563199375152437     
         132         156  0.48877492092408581     
         135         156   1.2878595174627854     
         155         156   1.2443098366839682     
         133         157  0.97240443862842707     
         134         158  0.97089380264831648     
         138         159  0.97088594376822879     
         139         160  0.97240275305670587     
         142         161  0.96354009061393620     
         144         162  0.97240345823973806     
         145         163  0.97088727758164084     
         150         164  0.97089218837908831     
         151         165  0.97240365859907008     
         154         166  0.96354223015043938     
         168         169   1.6479477262666968     
         169         170   1.1809418682040991     
          90         171   1.1911098272018401     
         170         171   1.2474504738518795     
         171         172   1.2476458110924471     
         172         173   1.1808564359468703     
         173         174   1.6480096392793251     
         174         175   1.1731149775726410     
         167         176  0.48872621164796803     
         172         176   1.2879368885809921     
         175         176   1.2441822657995909     
         175         177   1.3568027606892037     
         177         178   1.3557742708674165     
         178         179   1.1733441446953350     
         179         180   1.6477933294147826     
         180         181   1.1810447504557990     
         167         182  0.48881034491617770     
         178         182   1.2448411980715399     
         181         182   1.2871929147581584     
          91         183   1.1896616701512868     
         181         183   1.2483536030154752     
         183         184   1.2482205254946095     
         184         185   1.1810497329595424     
         185         186   1.6477781062648298     
         186         187   1.1733601917562075     
         167         188  0.48880573601595773     
         184         188   1.2872650198215256     
         187         188   1.2447747430907379     
         187         189   1.3558260735763763     
         168         190   1.1731487772391236     
         189         190   1.3567825590906868     
         167         191  0.48873340557560546     
         170         191   1.2879177299125519     
         190         191   1.2441592659108680     
         168         192  0.97240684206986938     
         169         193  0.97089400189899500     
         173         194  0.97088693044730934     
         174         195  0.97240778939121264     
         177         196  0.96355113780404933     
         179         197  0.97240693702867842     
         180         198  0.97089079626339836     
         185         199  0.97088607498035717     
         186         200  0.97240365373160353     
         189         201  0.96354490475663013     
