    0.24475297
   -0.05191855
   -0.05050538
    0.07740995
    0.01649869
    0.07744357
   -0.05045378
   -0.05191322
    0.07569298
   -0.17698628
   -0.04968167
    0.07697976
   -0.05097843
   -0.05111577
    0.07746157
   -0.17475816
   -0.05145692
    0.07745995
   -0.05111460
   -0.05097572
    0.07697470
   -0.17476100
   -0.04967632
    0.07568590
   -0.17694029
    0.03379852
    0.03579750
    0.03579293
    0.03377360
    0.04930564
    0.03437426
    0.03428137
    0.04866120
    0.03428274
    0.03437722
    0.04931229
    0.24474864
   -0.05191017
   -0.05049080
    0.07741164
    0.01649568
    0.07741889
   -0.05045457
   -0.05191589
    0.07570103
   -0.17698742
   -0.04970417
    0.07698241
   -0.05098046
   -0.05111593
    0.07746068
   -0.17476907
   -0.05146384
    0.07746073
   -0.05111484
   -0.05097927
    0.07697840
   -0.17477095
   -0.04969488
    0.07570328
   -0.17696439
    0.03378935
    0.03578493
    0.03578762
    0.03378295
    0.04929734
    0.03437283
    0.03427861
    0.04865555
    0.03427626
    0.03436971
    0.04930401
   -0.01899177
   -0.01075680
   -0.00193043
   -0.00262455
   -0.01010406
   -0.01974224
   -0.01928890
   -0.01029585
   -0.00214224
   -0.00213942
   -0.01030294
   -0.01929193
   -0.01970769
   -0.01009167
   -0.00258915
   -0.00188196
   -0.01075520
   -0.01894997
    0.24658668
   -0.05172227
   -0.05047464
    0.07762970
    0.01687588
    0.07764202
   -0.05046266
   -0.05172765
    0.07524687
   -0.17708085
   -0.04750582
    0.07522045
   -0.05169736
   -0.05053618
    0.07770630
   -0.17708840
    0.01661920
    0.07771873
   -0.05052958
   -0.05169561
    0.07521614
   -0.17711789
   -0.04750157
    0.07523937
   -0.17701966
    0.03395361
    0.03591331
    0.03591655
    0.03394657
    0.05004925
    0.03396444
    0.03584658
    0.03583699
    0.03395311
    0.05004699
    0.24658415
   -0.05169292
   -0.05054484
    0.07770937
    0.01661660
    0.07772051
   -0.05051305
   -0.05169679
    0.07522910
   -0.17712275
   -0.04752675
    0.07526215
   -0.05172290
   -0.05045440
    0.07762523
   -0.17704635
    0.01688078
    0.07762758
   -0.05046721
   -0.05172082
    0.07526232
   -0.17707977
   -0.04751636
    0.07522204
   -0.17709061
    0.03396459
    0.03585476
    0.03583722
    0.03395859
    0.05004139
    0.03395950
    0.03590785
    0.03592037
    0.03395582
    0.05004861
