           2           3   1.6503382687286372     
           3           4   1.1793815793181519     
           4           5   1.2503162344811971     
           5           6   1.2506649234856764     
           6           7   1.1793765087700423     
           7           8   1.6503846546815155     
           8           9   1.1710436461706564     
           1          10  0.48887166613967703     
           6          10   1.2862043117487878     
           9          10   1.2465961992211976     
           9          11   1.3577900162236405     
          11          12   1.3538024348335782     
          12          13   1.1628672633405357     
          13          14   1.6655479536781599     
          14          15   1.1621088776551576     
           1          16  0.49144824666666265     
          12          16   1.2609332236759025     
          15          16   1.2631678665635806     
          15          17   1.3540904417356392     
          17          18   1.3541235109864005     
          18          19   1.1620606792187838     
          19          20   1.6655968118843520     
          20          21   1.1628386855095911     
           1          22  0.49141983426930902     
          18          22   1.2631839634310538     
          21          22   1.2609303450638336     
          21          23   1.3538473443577532     
           2          24   1.1711442393586571     
          23          24   1.3577364965656680     
           1          25  0.48887494075726523     
           4          25   1.2863306154535099     
          24          25   1.2465216385595981     
           2          26  0.97242530454149512     
           3          27  0.97088668664087519     
           7          28  0.97088427704420732     
           8          29  0.97242133340059889     
          11          30  0.96389600695562760     
          13          31  0.97233047764922220     
          14          32  0.97235453125897764     
          17          33  0.96422610930238850     
          19          34  0.97235361468684423     
          20          35  0.97232983722376332     
          23          36  0.96389700400204725     
          38          39   1.6503948134607491     
          39          40   1.1793587288454908     
          40          41   1.2506495591880658     
          41          42   1.2508710431993981     
          42          43   1.1792882857408149     
          43          44   1.6504811371782659     
          44          45   1.1710095265951292     
          37          46  0.48886886172251570     
          42          46   1.2860918607294012     
          45          46   1.2467123309020958     
          45          47   1.3577133769398568     
          47          48   1.3538673143096249     
          48          49   1.1628346835087553     
          49          50   1.6655862844725022     
          50          51   1.1620927554920735     
          37          52  0.49144694650363774     
          48          52   1.2609369726756323     
          51          52   1.2631640878593504     
          51          53   1.3541140332932342     
          53          54   1.3541442258458165     
          54          55   1.1620553439937287     
          55          56   1.6656269050430712     
          56          57   1.1628050303045943     
          37          58  0.49139922416645559     
          54          58   1.2631685162268498     
          57          58   1.2609683313867011     
          57          59   1.3538488460056060     
          38          60   1.1710926775302815     
          59          60   1.3577673797100385     
          37          61  0.48895312904583255     
          40          61   1.2861184711114202     
          60          61   1.2465706003396013     
          38          62  0.97241874558387675     
          39          63  0.97087361010410689     
          43          64  0.97088570246085260     
          44          65  0.97242372691466339     
          47          66  0.96389871738035315     
          49          67  0.97233130193130279     
          50          68  0.97235458083098303     
          53          69  0.96422570803012897     
          55          70  0.97235260219807440     
          56          71  0.97233052131933240     
          59          72  0.96389507386581730     
           5          73   1.1875841129945968     
          73          74   2.4421007789551759     
          74          75   1.3327020110095691     
          73          76  0.19275639524969068     
          75          76   2.3559905247290693     
          76          77   1.3334986039498011     
          75          78  0.19253559749326721     
          77          78   2.4395480915451477     
          79          80   2.4377188914867824     
          80          81   1.3350266264570345     
          79          82  0.19228243843602300     
          81          82   2.3531209955685708     
          82          83   1.3350218951097954     
          81          84  0.19228831352113729     
          83          84   2.4377356929991194     
          85          86   2.4401094824534555     
          86          87   1.3329114575294732     
          85          88  0.19244491446479739     
          87          88   2.3565942822114825     
          88          89   1.3321660351186644     
          41          90   1.1870412575337759     
          87          90  0.19269958276419671     
          89          90   2.4425904117086792     
          92          93   1.6477578292946284     
          93          94   1.1810675817788483     
          78          95   1.1902876403180538     
          94          95   1.2479236925101005     
          95          96   1.2480570282586911     
          96          97   1.1810549272540436     
          97          98   1.6478002481392540     
          98          99   1.1732824951329079     
          91         100  0.48867624551712457     
          96         100   1.2874174252110850     
          99         100   1.2447199238100821     
          99         101   1.3559730415985951     
         101         102   1.3566262203268176     
         102         103   1.1732959741056694     
         103         104   1.6477873390421061     
         104         105   1.1810309784533239     
          91         106  0.48881439003165406     
         102         106   1.2441621012122039     
         105         106   1.2878704071278495     
          79         107   1.1911591435097075     
         105         107   1.2474698657613157     
         107         108   1.2475292678179706     
         108         109   1.1810403345988076     
         109         110   1.6477846261696270     
         110         111   1.1732851005008664     
          91         112  0.48875099375339093     
         108         112   1.2878681056603734     
         111         112   1.2441818740980659     
         111         113   1.3566259257064985     
          92         114   1.1733607438305447     
         113         114   1.3559808563117108     
          91         115  0.48884430842242549     
          94         115   1.2874692130832253     
         114         115   1.2446025274272869     
          92         116  0.97240697421834366     
          93         117  0.97088492617635846     
          97         118  0.97089305901330880     
          98         119  0.97240971660398046     
         101         120  0.96355436019035023     
         103         121  0.97240919980013096     
         104         122  0.97089031596944109     
         109         123  0.97090106553694666     
         110         124  0.97240896008929545     
         113         125  0.96355347608290720     
         127         128   1.6478050885832307     
         128         129   1.1810522429729411     
          84         130   1.1911285396400495     
         129         130   1.2474451891983689     
         130         131   1.2476206629701003     
         131         132   1.1809704028595245     
         132         133   1.6478502484329431     
         133         134   1.1732544778394485     
         126         135  0.48875378665368902     
         131         135   1.2878796453993939     
         134         135   1.2442075811154854     
         134         136   1.3566551980644446     
         136         137   1.3559107516312168     
         137         138   1.1732981143160417     
         138         139   1.6478485253734632     
         139         140   1.1809981510645913     
         126         141  0.48883499979861023     
         137         141   1.2447609953736352     
         140         141   1.2872562538964849     
          85         142   1.1897251681367822     
         140         142   1.2482958655737568     
         142         143   1.2482320352421346     
         143         144   1.1809928393232116     
         144         145   1.6478514207635628     
         145         146   1.1732867250032730     
         126         147  0.48871378256084991     
         143         147   1.2873170241172551     
         146         147   1.2447485970842012     
         146         148   1.3559336517038221     
         127         149   1.1732573719139352     
         148         149   1.3566943098620887     
         126         150  0.48883147742150118     
         129         150   1.2878435563867563     
         149         150   1.2441429612236115     
         127         151  0.97240635530428465     
         128         152  0.97089049044567155     
         132         153  0.97089888884460862     
         133         154  0.97241140658256309     
         136         155  0.96355893680306093     
         138         156  0.97240875517523417     
         139         157  0.97088253514132339     
         144         158  0.97088793689268471     
         145         159  0.97240624391166175     
         148         160  0.96355093520159685     
