   -0.29220220
   -0.05218164
   -0.05047856
    0.07355447
    0.02554812
    0.07358540
   -0.05041980
   -0.05217792
    0.07311924
   -0.04777907
   -0.04143375
    0.07427077
   -0.05125546
   -0.05131603
    0.07455853
   -0.04682613
   -0.04316669
    0.07455831
   -0.05131436
   -0.05125265
    0.07426152
   -0.04683656
   -0.04142625
    0.07310973
   -0.04769930
    0.03528171
    0.03712968
    0.03716178
    0.03525494
    0.04909505
    0.03577031
    0.03569010
    0.04846850
    0.03568716
    0.03576680
    0.04910596
   -0.29224896
   -0.05216717
   -0.05047613
    0.07352902
    0.02553759
    0.07356869
   -0.05043598
   -0.05217914
    0.07313739
   -0.04774329
   -0.04146780
    0.07426943
   -0.05125763
   -0.05131568
    0.07455538
   -0.04682103
   -0.04317747
    0.07455606
   -0.05131625
   -0.05125381
    0.07426973
   -0.04682381
   -0.04146057
    0.07313681
   -0.04778152
    0.03528728
    0.03718585
    0.03720738
    0.03527127
    0.04908912
    0.03576899
    0.03568913
    0.04846109
    0.03568340
    0.03576255
    0.04908958
   -0.02108244
   -0.00907963
   -0.00858845
   -0.02166138
   -0.02159562
   -0.00854711
   -0.00904660
   -0.02101026
   -0.28658211
   -0.05203003
   -0.05042443
    0.07384768
    0.02564534
    0.07388609
   -0.05037319
   -0.05203415
    0.07298775
   -0.04958079
   -0.03955696
    0.07299445
   -0.05202315
   -0.05043099
    0.07383922
   -0.04951931
    0.02564846
    0.07386647
   -0.05037865
   -0.05202709
    0.07299999
   -0.04961244
   -0.03954454
    0.07297172
   -0.04949161
    0.03529704
    0.03711815
    0.03717306
    0.03528620
    0.04965925
    0.03531229
    0.03719636
    0.03720020
    0.03529401
    0.04965596
