           2           3   1.6456296741838643     
           3           4   1.1783691442750381     
           4           5   1.2526519758365613     
           5           6   1.2530645106966394     
           6           7   1.1783506277323998     
           7           8   1.6456538432608436     
           8           9   1.1695874581083341     
           1          10  0.75271898600923415     
           6          10   1.2617410706825514     
           9          10   1.2269483357623514     
           9          11   1.3554288256923148     
          11          12   1.3532390187333991     
          12          13   1.1611814715235442     
          13          14   1.6610599317988219     
          14          15   1.1605667688296695     
           1          16  0.75109474691565337     
          12          16   1.2395071262874731     
          15          16   1.2422250091668534     
          15          17   1.3529926200129101     
          17          18   1.3530024431694141     
          18          19   1.1605139885934761     
          19          20   1.6610996009359720     
          20          21   1.1611663323055588     
           1          22  0.75100159666644750     
          18          22   1.2422716801772073     
          21          22   1.2395466206077681     
          21          23   1.3532297634567052     
           2          24   1.1696357480008881     
          23          24   1.3554761861566342     
           1          25  0.75280102351375755     
           4          25   1.2618434053631289     
          24          25   1.2268005483252145     
           2          26  0.97179152970709182     
           3          27  0.97002496900357760     
           7          28  0.97003449585546997     
           8          29  0.97179255944493093     
          11          30  0.96377387843620554     
          13          31  0.97169099561062278     
          14          32  0.97171443740622820     
          17          33  0.96409398898501475     
          19          34  0.97171460491194184     
          20          35  0.97168901714691680     
          23          36  0.96376981277053719     
          38          39   1.6458116683604764     
          39          40   1.1782101369052558     
          40          41   1.2533029594094502     
          41          42   1.2534376311280937     
          42          43   1.1782063584758247     
          43          44   1.6458144685826817     
          44          45   1.1695171129622084     
          37          46  0.75283996476825343     
          42          46   1.2615233962536041     
          45          46   1.2270234776345583     
          45          47   1.3554108781282113     
          47          48   1.3532704234545752     
          48          49   1.1611690646049950     
          49          50   1.6610727437929986     
          50          51   1.1605686822623387     
          37          52  0.75114318669128699     
          48          52   1.2395346741394935     
          51          52   1.2421882044856098     
          51          53   1.3530365363178865     
          53          54   1.3530304503172383     
          54          55   1.1604980529442421     
          55          56   1.6611498736122008     
          56          57   1.1611189270040034     
          37          58  0.75107128875872120     
          54          58   1.2422523731271820     
          57          58   1.2395302448762300     
          57          59   1.3533077066896653     
          38          60   1.1695390752137116     
          59          60   1.3553956153889384     
          37          61  0.75270159100165723     
          40          61   1.2615414052994307     
          60          61   1.2270286156898431     
          38          62  0.97178806076334312     
          39          63  0.97002623583987202     
          43          64  0.97000517885951842     
          44          65  0.97179061530392652     
          47          66  0.96377638684824207     
          49          67  0.97169201097738211     
          50          68  0.97171435082972868     
          53          69  0.96409354277517179     
          55          70  0.97171362475385092     
          56          71  0.97168920066517039     
          59          72  0.96377290306767927     
           5          73   1.1793859493370444     
          73          74   2.4765632172646077     
          74          75   1.3011565505219025     
          73          76  0.20368353194910027     
          75          76   2.4750720237768178     
          77          78   2.4759211893172184     
          78          79   1.3001420111946391     
          41          80   1.1783091598942295     
          77          80  0.20341361696284360     
          79          80   2.4774524832649965     
          82          83   1.6441459368026545     
          83          84   1.1791042488440198     
          76          85   1.1814604115997061     
          84          85   1.2503787571266778     
          85          86   1.2509709584304893     
          86          87   1.1789918219287376     
          87          88   1.6442355950943164     
          88          89   1.1708066848842262     
          81          90  0.74890903693837985     
          86          90   1.2640894654255095     
          89          90   1.2256847737443737     
          89          91   1.3544408956903402     
          91          92   1.3544603978386194     
          92          93   1.1707643965345913     
          93          94   1.6443704518543474     
          94          95   1.1788801177311115     
          81          96  0.74898012883536125     
          92          96   1.2256324808474695     
          95          96   1.2640095588201490     
          77          97   1.1804413146775015     
          95          97   1.2509361261042917     
          97          98   1.2513116970314218     
          98          99   1.1789567303924011     
          99         100   1.6442688484326538     
         100         101   1.1708130706269642     
          81         102  0.74889897521086413     
          98         102   1.2638755340856593     
         101         102   1.2257741450029180     
         101         103   1.3543477947995419     
          82         104   1.1708804625676805     
         103         104   1.3545473340792697     
          81         105  0.74904819321286553     
          84         105   1.2642288387654270     
         104         105   1.2254543568096028     
          82         106  0.97177668997299538     
          83         107  0.97003480401541520     
          87         108  0.97004614942723666     
          88         109  0.97178213943320557     
          91         110  0.96348850383088214     
          93         111  0.97177381005430752     
          94         112  0.97001876886281535     
          99         113  0.97003676818851647     
         100         114  0.97177854082675208     
         103         115  0.96348564906273226     
