   -0.05466571
   -0.05307845
    0.08717113
    0.01137928
    0.06412488
   -0.04993853
   -0.05176448
    0.06436554
   -0.08125740
   -0.05492845
    0.08687190
   -0.05371855
   -0.05374108
    0.08646652
   -0.32082473
   -0.05664733
    0.06499760
   -0.05099986
   -0.05083828
    0.06578936
   -0.08092526
   -0.05490735
    0.08564882
   -0.32489707
    0.01870001
    0.02122129
    0.04332478
    0.04144282
    0.21414651
    0.04704984
    0.01954184
    0.01957528
    0.04623961
    0.04200168
    0.04195768
    0.21447153
    0.04713809
   -0.05466786
   -0.05307254
    0.08719288
    0.01136867
    0.06412228
   -0.04995977
   -0.05176380
    0.06434052
   -0.08120601
   -0.05490700
    0.08686367
   -0.05371340
   -0.05374164
    0.08647068
   -0.32082360
   -0.05663369
    0.06500073
   -0.05100124
   -0.05083052
    0.06577448
   -0.08093385
   -0.05489940
    0.08563540
   -0.32489395
    0.01869165
    0.02121447
    0.04334669
    0.04145118
    0.21415031
    0.04705777
    0.01954353
    0.01957906
    0.04624066
    0.04200203
    0.04196081
    0.21446284
    0.04713751
   -0.02036497
   -0.01193990
   -0.00316195
   -0.00373473
   -0.01118225
   -0.02097899
   -0.02100074
   -0.01120039
   -0.00375631
   -0.00318778
   -0.01195199
   -0.02038499
   -0.05444106
   -0.05297489
    0.08702481
    0.01168962
    0.06365746
   -0.05021970
   -0.05175125
    0.06410573
   -0.08146196
   -0.05274136
    0.08535248
   -0.05444717
   -0.05295478
    0.08702765
   -0.32411464
    0.01167953
    0.06363617
   -0.05022718
   -0.05175347
    0.06411995
   -0.08144135
   -0.05272680
    0.08536484
   -0.32408907
    0.01884614
    0.02123690
    0.04309768
    0.04129316
    0.21444390
    0.04781756
    0.01883137
    0.02122331
    0.04309856
    0.04129479
    0.21446782
    0.04782724
