           1           2   1.7164060174930409     
           2           3   1.1217359752099063     
           3           4   1.2422865464159676     
           4           5   1.2472075818783792     
           5           6   1.2375586969000461     
           6           7   1.5922086337254480     
           7           8   1.2240748438144962     
           5           9   1.2257726513006686     
           8           9   1.2019967916723158     
           8          10   1.3444059753786515     
          10          11   1.3570913757203573     
          11          12   1.1067308119051942     
          12          13   1.7309181549791632     
          13          14   1.1089950545158762     
          11          15   1.3242080998432164     
          14          15   1.3249719970447535     
          14          16   1.3538448514753163     
          16          17   1.3465816930844794     
          17          18   1.2157069598567263     
          18          19   1.6082407687339857     
          19          20   1.2149770537245652     
          17          21   1.2097238282060272     
          20          21   1.2114828713937114     
          20          22   1.3418528226719169     
           1          23   1.1149277249986613     
          22          23   1.3667129417889115     
           3          24   1.3618642026894721     
          23          24   1.2986977658607599     
           1          25  0.97277933716460019     
           2          26  0.97142460182366863     
           6          27  0.97184425606223601     
           7          28  0.97292164745860177     
           9          29  0.89981506526853350     
          10          30  0.96367022801113400     
          12          31  0.97274258399276914     
          13          32  0.97278775105587012     
          16          33  0.96474078021142706     
          18          34  0.97288612565904686     
          19          35  0.97282102641529311     
          21          36  0.90008488572884737     
          22          37  0.96350296027184612     
          38          39   1.7164001029139340     
          39          40   1.1217364142224391     
          40          41   1.2421572108678276     
          41          42   1.2469688740661504     
          42          43   1.2375200705774259     
          43          44   1.5922483415561786     
          44          45   1.2240573465347955     
          42          46   1.2259492919584201     
          45          46   1.2019305919548009     
          45          47   1.3444518816802749     
          47          48   1.3570630741855034     
          48          49   1.1067887639937077     
          49          50   1.7308755566384626     
          50          51   1.1089973614583801     
          48          52   1.3241589195633392     
          51          52   1.3250079565706350     
          51          53   1.3538260836272875     
          53          54   1.3465577535702162     
          54          55   1.2157156003146030     
          55          56   1.6081660046764483     
          56          57   1.2150815445724614     
          54          58   1.2097423049373734     
          57          58   1.2114400726193482     
          57          59   1.3417577903604692     
          38          60   1.1149229046995426     
          59          60   1.3668287730979354     
          40          61   1.3620518426830037     
          60          61   1.2985700448590065     
          38          62  0.97278180194810115     
          39          63  0.97143182950314955     
          43          64  0.97184382437531791     
          44          65  0.97292208791760126     
          46          66  0.89980172980294748     
          47          67  0.96366640550705962     
          49          68  0.97274100947041342     
          50          69  0.97279147984308190     
          53          70  0.96474189127595122     
          55          71  0.97288851013482081     
          56          72  0.97281726093203291     
          58          73  0.90010029236755762     
          59          74  0.96350085577391398     
           4          75   1.1938672678666458     
          75          76   2.4348629659684775     
          76          77   1.3366748073168857     
          75          78  0.19169212930391444     
          77          78   2.3495138727405469     
          78          79   1.3377646602022055     
          77          80  0.19137851551710303     
          79          80   2.4313144009600816     
          81          82   2.4310829738701427     
          82          83   1.3380755665288897     
          81          84  0.19142746403494393     
          83          84   2.3492139169282829     
          84          85   1.3369844501305361     
          41          86   1.1942203949266645     
          83          86  0.19172125529844430     
          85          86   2.4345829842751354     
          87          88   1.7155658492896417     
          88          89   1.1235511588945011     
          80          90   1.1982595645062077     
          89          90   1.2401717985690843     
          90          91   1.2426320636918011     
          91          92   1.2415287085633253     
          92          93   1.5872283407322461     
          93          94   1.2280159082141406     
          91          95   1.2265407540337649     
          94          95   1.2031421531412529     
          94          96   1.3357153022403812     
          96          97   1.3714092371516793     
          97          98   1.1149165266609093     
          98          99   1.7154981925882862     
          99         100   1.1236442600616385     
          97         101   1.2949560008384440     
         100         101   1.3626532749733011     
          81         102   1.1985249050738882     
         100         102   1.2400820352082393     
         102         103   1.2425264511077170     
         103         104   1.2414403362583846     
         104         105   1.5873980169599275     
         105         106   1.2278380046789288     
         103         107   1.2266053195348094     
         106         107   1.2031554834398928     
         106         108   1.3358581256948545     
          87         109   1.1149125104458821     
         108         109   1.3713086470204328     
          89         110   1.3625958888202749     
         109         110   1.2950248947443805     
          87         111  0.97276550664016226     
          88         112  0.97154279893572137     
          92         113  0.97201824862867936     
          93         114  0.97291952806413284     
          95         115  0.89749804519780041     
          96         116  0.96297161368513740     
          98         117  0.97276696301842314     
          99         118  0.97154840557566535     
         104         119  0.97201274519822900     
         105         120  0.97291598529014123     
         107         121  0.89741954692762993     
         108         122  0.96296628510655669     
