    0.56129712
   -0.05410763
   -0.05428704
    0.07042791
    0.00996304
    0.07047473
   -0.05423501
   -0.05410640
    0.06432299
   -0.21432815
   -0.06020960
    0.06555739
   -0.05332127
   -0.05503133
    0.07050344
   -0.21258636
   -0.05893291
    0.07050659
   -0.05502999
   -0.05332278
    0.06556122
   -0.21258547
   -0.06021370
    0.06432037
   -0.21427412
    0.03047789
    0.03300457
    0.03297686
    0.03044711
    0.04952184
    0.03089805
    0.03121038
    0.04753529
    0.03121191
    0.03089634
    0.04953023
    0.56128588
   -0.05409721
   -0.05428148
    0.07042972
    0.00996033
    0.07045724
   -0.05422813
   -0.05411118
    0.06433791
   -0.21431951
   -0.06023168
    0.06556907
   -0.05332338
   -0.05502719
    0.07050157
   -0.21259311
   -0.05893502
    0.07050249
   -0.05502711
   -0.05332661
    0.06556252
   -0.21257736
   -0.06021932
    0.06433733
   -0.21431459
    0.03047602
    0.03298938
    0.03298058
    0.03045907
    0.04951244
    0.03089425
    0.03120575
    0.04753220
    0.03121140
    0.03089717
    0.04952254
   -0.02089341
   -0.01188639
   -0.00352563
   -0.00378504
   -0.01162778
   -0.02115866
   -0.02095971
   -0.01166989
   -0.00358065
   -0.00357856
   -0.01167810
   -0.02096072
   -0.02110977
   -0.01161538
   -0.00375224
   -0.00349423
   -0.01187188
   -0.02084813
    0.56385847
   -0.05401753
   -0.05431882
    0.07080707
    0.01000934
    0.07082156
   -0.05428016
   -0.05403268
    0.06412988
   -0.21540782
   -0.05842838
    0.06411034
   -0.05401017
   -0.05432843
    0.07088216
   -0.21543549
    0.00991752
    0.07087787
   -0.05432921
   -0.05400615
    0.06410136
   -0.21545087
   -0.05841445
    0.06410204
   -0.21536600
    0.03042633
    0.03283518
    0.03282102
    0.03041589
    0.05008600
    0.03043962
    0.03283135
    0.03282481
    0.03043869
    0.05008971
    0.56385563
   -0.05400851
   -0.05433421
    0.07086285
    0.00991087
    0.07087213
   -0.05432609
   -0.05400417
    0.06410907
   -0.21548859
   -0.05840864
    0.06411735
   -0.05401931
   -0.05431302
    0.07079929
   -0.21537130
    0.01000616
    0.07081457
   -0.05427810
   -0.05402565
    0.06413728
   -0.21543814
   -0.05843599
    0.06411293
   -0.21542724
    0.03044261
    0.03283268
    0.03283207
    0.03043217
    0.05008149
    0.03043018
    0.03282516
    0.03281961
    0.03041820
    0.05007726
