           2           3   1.6438997004590985     
           3           4   1.1824879691570114     
           4           5   1.2550090634653048     
           5           6   1.2551927258379156     
           6           7   1.1825522580647969     
           7           8   1.6438105145644983     
           8           9   1.1712067514817983     
           1          10  0.65684251413644734     
           6          10   1.2573347964428632     
           9          10   1.2163494771981604     
           9          11   1.3611601388004755     
          11          12   1.3608778786117584     
          12          13   1.1627544607244447     
          13          14   1.6598918239998235     
          14          15   1.1639045861204709     
           1          16  0.65984807196164241     
          12          16   1.2264888600088828     
          15          16   1.2387504168351577     
          15          17   1.3578773533327926     
          17          18   1.3579726472399438     
          18          19   1.1638827757766599     
          19          20   1.6599094800355814     
          20          21   1.1627394038030747     
           1          22  0.65983889186367839     
          18          22   1.2386887056768181     
          21          22   1.2265526906305788     
          21          23   1.3608371489376887     
           2          24   1.1711620507781670     
          23          24   1.3612050820691626     
           1          25  0.65689438228085217     
           4          25   1.2573471567726386     
          24          25   1.2163145412141896     
           2          26  0.97224293468957101     
           3          27  0.97116732466926292     
           7          28  0.97116129311686106     
           8          29  0.97224149435573615     
          11          30  0.96291970810407801     
          13          31  0.97213640940578039     
          14          32  0.97240487422010269     
          17          33  0.96490890617056735     
          19          34  0.97240356138284467     
          20          35  0.97213585435877836     
          23          36  0.96291935516784444     
          38          39   1.6438968646455909     
          39          40   1.1824600683477779     
          40          41   1.2551125211351035     
          41          42   1.2555477789279428     
          42          43   1.1824412743450443     
          43          44   1.6439423304087164     
          44          45   1.1711279642544659     
          37          46  0.65700198622163453     
          42          46   1.2571334514355308     
          45          46   1.2164062629312826     
          45          47   1.3611725214236996     
          47          48   1.3608793864946105     
          48          49   1.1627375352922089     
          49          50   1.6599175945877367     
          50          51   1.1638848302756335     
          37          52  0.65982321351140016     
          48          52   1.2265389410959695     
          51          52   1.2387137980853906     
          51          53   1.3579296293080629     
          53          54   1.3579700053109229     
          54          55   1.1638763095314775     
          55          56   1.6599459745342140     
          56          57   1.1627016676074775     
          37          58  0.65981365153027927     
          54          58   1.2386821069502350     
          57          58   1.2265962236180268     
          57          59   1.3608517370132227     
          38          60   1.1712081219649895     
          59          60   1.3612129160281414     
          37          61  0.65679463106373537     
          40          61   1.2573383271675911     
          60          61   1.2162997800447481     
          38          62  0.97223983681598802     
          39          63  0.97116031915059353     
          43          64  0.97115855267773166     
          44          65  0.97224245775602591     
          47          66  0.96292315377841220     
          49          67  0.97213631426944891     
          50          68  0.97240387940492901     
          53          69  0.96490585961760733     
          55          70  0.97240285023286477     
          56          71  0.97213723380658812     
          59          72  0.96292041386158622     
           5          73   1.1857353400580597     
          73          74   2.4474624063318942     
          74          75   1.3289682463695691     
          73          76  0.19335551651901647     
          75          76   2.3618589328533810     
          76          77   1.3297368450649398     
          75          78  0.19315580175583091     
          77          78   2.4449389921674349     
          79          80   2.4434430447233462     
          80          81   1.3309756187414039     
          79          82  0.19291085393016658     
          81          82   2.3593765466615846     
          82          83   1.3309615990087718     
          81          84  0.19291386088371110     
          83          84   2.4434826181833054     
          85          86   2.4453399858146487     
          86          87   1.3293165533468061     
          85          88  0.19310736012245877     
          87          88   2.3622749001487064     
          88          89   1.3285444645024118     
          41          90   1.1852740335008884     
          87          90  0.19330403646096267     
          89          90   2.4478679627051458     
          92          93   1.6428342510815548     
          93          94   1.1829560620317192     
          78          95   1.1883761338845482     
          94          95   1.2522096716820872     
          95          96   1.2525589594150568     
          96          97   1.1830089749040478     
          97          98   1.6428189926850338     
          98          99   1.1721487858884356     
          91         100  0.65205224990996080     
          96         100   1.2600687955108860     
          99         100   1.2150919233284354     
          99         101   1.3604934775465489     
         101         102   1.3608592659428262     
         102         103   1.1722070559211812     
         103         104   1.6427854271442077     
         104         105   1.1829883520865254     
          91         106  0.65187558890443154     
         102         106   1.2147531051755225     
         105         106   1.2605095237098409     
          79         107   1.1890899029053927     
         105         107   1.2520035135423122     
         107         108   1.2519810663977615     
         108         109   1.1830287124649814     
         109         110   1.6427387297779537     
         110         111   1.1722379416548756     
          91         112  0.65180162048191814     
         108         112   1.2605101683275846     
         111         112   1.2147818161679549     
         111         113   1.3607923476436607     
          92         114   1.1722030182419814     
         113         114   1.3606003069996833     
          91         115  0.65212073291446793     
          94         115   1.2602691917523043     
         114         115   1.2148748025578000     
          92         116  0.97223492509292342     
          93         117  0.97119382538594978     
          97         118  0.97119805765959744     
          98         119  0.97224036343915965     
         101         120  0.96266336057795665     
         103         121  0.97223898880486859     
         104         122  0.97119448782941886     
         109         123  0.97120209226434684     
         110         124  0.97223986107161919     
         113         125  0.96265667142441314     
         127         128   1.6428431257641400     
         128         129   1.1829566781464884     
          84         130   1.1890241090570750     
         129         130   1.2519996770453372     
         130         131   1.2520658229385064     
         131         132   1.1831393840350002     
         132         133   1.6426391481687403     
         133         134   1.1722594421447561     
         126         135  0.65189847171738580     
         131         135   1.2604212196368771     
         134         135   1.2147876468173662     
         134         136   1.3607925599278838     
         136         137   1.3606343092488613     
         137         138   1.1722031926019847     
         138         139   1.6428855049526714     
         139         140   1.1828987725589784     
         126         141  0.65221598452224139     
         137         141   1.2148541736697573     
         140         141   1.2601963753505903     
          85         142   1.1879154862901244     
         140         142   1.2523795364416319     
         142         143   1.2528343792457335     
         143         144   1.1828887752001425     
         144         145   1.6429184936256185     
         145         146   1.1721260701776723     
         126         147  0.65209018304215549     
         143         147   1.2599508775297235     
         146         147   1.2151054417693667     
         146         148   1.3605051337278025     
         127         149   1.1721537426921136     
         148         149   1.3609273954066601     
         126         150  0.65196487300932160     
         129         150   1.2604620409945428     
         149         150   1.2147348311720552     
         127         151  0.97223746538343092     
         128         152  0.97119459814244780     
         132         153  0.97118318155371930     
         133         154  0.97224668385768032     
         136         155  0.96266358825107390     
         138         156  0.97223626981850708     
         139         157  0.97118632757787537     
         144         158  0.97119725461414264     
         145         159  0.97223751639696765     
         148         160  0.96265939847292714     
