   -0.05508338
   -0.05334304
    0.08605766
    0.01305536
    0.06373201
   -0.04958153
   -0.05202948
    0.06434844
   -0.08112271
   -0.05534695
    0.08668786
   -0.05386821
   -0.05391159
    0.08631467
   -0.32118831
   -0.05714453
    0.06490651
   -0.05123238
   -0.05101995
    0.06547129
   -0.08133349
   -0.05534803
    0.08527375
   -0.32430114
    0.01826841
    0.01900184
    0.04327065
    0.04128181
    0.21408367
    0.04667835
    0.01913558
    0.01916074
    0.04571891
    0.04156645
    0.04149289
    0.21438396
    0.04666220
   -0.03059983
   -0.03063915
   -0.05386434
   -0.05390700
    0.08630198
   -0.05713945
    0.06488234
   -0.05123898
   -0.05102925
    0.06547509
   -0.08134050
   -0.05532403
    0.08523205
   -0.05509808
   -0.05373984
    0.08597893
   -0.32422512
    0.01301911
    0.06376962
   -0.04927378
   -0.05202993
    0.06439954
   -0.08124582
   -0.05539179
    0.08671297
   -0.32116725
    0.01913528
    0.01916873
    0.04571958
    0.04156428
    0.04148764
    0.21444447
    0.04668701
    0.01827999
    0.01953051
    0.04273786
    0.04126874
    0.21409134
    0.04666879
