           1           2   1.7161927583867329     
           2           3   1.1217639222309645     
           3           4   1.2499750456008050     
           4           5   1.2534562277015338     
           5           6   1.2364097177028404     
           6           7   1.5930180152705389     
           7           8   1.2235728187444597     
           5           9   1.2245479001824005     
           8           9   1.2031360999198606     
           8          10   1.3437042268995667     
          10          11   1.3577690171759098     
          11          12   1.1067137034461347     
          12          13   1.7309156220883040     
          13          14   1.1089038744443114     
          11          15   1.3237339291178720     
          14          15   1.3255738800910908     
          14          16   1.3534623255010065     
          16          17   1.3468100726898933     
          17          18   1.2154763182295920     
          18          19   1.6084857230211842     
          19          20   1.2147259919409048     
          17          21   1.2098719511101168     
          20          21   1.2106989979234326     
          20          22   1.3433943107546613     
           1          23   1.1151065959670585     
          22          23   1.3644333893637368     
           3          24   1.3589622562621764     
          23          24   1.3016196418477646     
           1          25  0.97278350528708557     
           2          26  0.96858099838475287     
           6          27  0.96880230609973850     
           7          28  0.97292662841834909     
           9          29  0.89980922287882292     
          10          30  0.96370153761912958     
          12          31  0.97274961619065270     
          13          32  0.97280644607728961     
          16          33  0.96480832078382750     
          18          34  0.97292255380482828     
          19          35  0.97285370552931094     
          21          36  0.90013751784467555     
          22          37  0.96356755860514376     
           4          38   1.1767364344592066     
          38          39   2.5701235777358660     
          40          41   1.7309786627493793     
          41          42   1.1089017480161261     
          42          43   1.3536294574989527     
          43          44   1.3466477352379891     
          44          45   1.2155886570334145     
          45          46   1.6083444665900173     
          46          47   1.2148269277421491     
          44          48   1.2099044544880322     
          47          48   1.2107816208096163     
          47          49   1.3431840823648860     
          49          50   1.3647721508921862     
          50          51   1.1152229696776490     
          51          52   1.7161048723198353     
          52          53   1.1217923512701597     
          50          54   1.3010945532613942     
          53          54   1.3594808305558743     
          39          55   1.1768182004950758     
          53          55   1.2489894846205218     
          55          56   1.2543557095223630     
          56          57   1.2362748873519072     
          57          58   1.5932010881109759     
          58          59   1.2233921033401167     
          56          60   1.2242426387809138     
          59          60   1.2033592703199927     
          59          61   1.3437064879043741     
          40          62   1.1066354277283810     
          61          62   1.3577044008291690     
          42          63   1.3254304525402925     
          62          63   1.3238645511036975     
          40          64  0.97274879232361577     
          41          65  0.97280411695884161     
          43          66  0.96481754872521408     
          45          67  0.97292666497471048     
          46          68  0.97285249322973333     
          48          69  0.90004655756153951     
          49          70  0.96354963366201307     
          51          71  0.97277594719153304     
          52          72  0.96851327894481065     
          57          73  0.96889170422077553     
          58          74  0.97292995761390244     
          60          75  0.89974080188584904     
          61          76  0.96369467109306517     
