    0.24472436
   -0.05194312
   -0.05049141
    0.07738867
    0.01652747
    0.07739576
   -0.05046829
   -0.05194381
    0.07567520
   -0.17698958
   -0.04971428
    0.07694851
   -0.05098831
   -0.05113167
    0.07745110
   -0.17478398
   -0.05149331
    0.07745383
   -0.05113122
   -0.05098863
    0.07695092
   -0.17480870
   -0.04970786
    0.07567247
   -0.17695593
    0.03374774
    0.03578259
    0.03578652
    0.03373856
    0.04926022
    0.03432889
    0.03423393
    0.04860223
    0.03423122
    0.03432582
    0.04926452
    0.24471900
   -0.05193844
   -0.05048182
    0.07738240
    0.01652292
    0.07738277
   -0.05046147
   -0.05194071
    0.07568203
   -0.17698430
   -0.04973518
    0.07695283
   -0.05098885
   -0.05113150
    0.07744988
   -0.17479481
   -0.05150156
    0.07744762
   -0.05112927
   -0.05098916
    0.07695013
   -0.17480136
   -0.04972846
    0.07568716
   -0.17698343
    0.03374000
    0.03577053
    0.03577821
    0.03374433
    0.04925233
    0.03432467
    0.03422976
    0.04859664
    0.03423082
    0.03432518
    0.04925697
   -0.01912319
   -0.01074570
   -0.00207267
   -0.00262524
   -0.01023198
   -0.01972883
   -0.01969400
   -0.01021726
   -0.00258748
   -0.00202808
   -0.01073629
   -0.01907862
    0.24651452
   -0.05175352
   -0.05051076
    0.07761297
    0.01674498
    0.07762682
   -0.05048433
   -0.05175585
    0.07521366
   -0.17716545
   -0.04763469
    0.07521796
   -0.05174866
   -0.05051223
    0.07759999
   -0.17712629
    0.01675159
    0.07762082
   -0.05047306
   -0.05175504
    0.07522201
   -0.17717174
   -0.04763342
    0.07521147
   -0.17712559
    0.03385609
    0.03583135
    0.03583317
    0.03384565
    0.04993061
    0.03386354
    0.03583229
    0.03582514
    0.03384970
    0.04992938
