           2           3   1.6502205353279886     
           3           4   1.1795113846282819     
           4           5   1.2504491496401473     
           5           6   1.2506482559502341     
           6           7   1.1795013270840231     
           7           8   1.6502326107511973     
           8           9   1.1711879036004424     
           1          10  0.48896547298686055     
           6          10   1.2860736957541199     
           9          10   1.2466638938670445     
           9          11   1.3575782644105177     
          11          12   1.3539612546587509     
          12          13   1.1627590147055595     
          13          14   1.6656812807997921     
          14          15   1.1620084960661403     
           1          16  0.49137826471895291     
          12          16   1.2609084004227320     
          15          16   1.2632530320426176     
          15          17   1.3540968626484575     
          17          18   1.3541306622955969     
          18          19   1.1619946141620536     
          19          20   1.6656969960870884     
          20          21   1.1627421315471065     
           1          22  0.49127992540430432     
          18          22   1.2632452544033654     
          21          22   1.2609654151237386     
          21          23   1.3539217435101316     
           2          24   1.1712136680727592     
          23          24   1.3576316061208544     
           1          25  0.48899714781387638     
           4          25   1.2861535094580721     
          24          25   1.2465753907555479     
           2          26  0.97242594293779683     
           3          27  0.97088683523790986     
           7          28  0.97089628620876389     
           8          29  0.97242830971351935     
          11          30  0.96390021383348579     
          13          31  0.97233401437146172     
          14          32  0.97235573907220463     
          17          33  0.96423305107822410     
          19          34  0.97235479029997585     
          20          35  0.97233511887932278     
          23          36  0.96389904149829331     
          38          39   1.6502638027140308     
          39          40   1.1794930817788505     
          40          41   1.2507212023960232     
          41          42   1.2508778801386005     
          42          43   1.1793700956341207     
          43          44   1.6503801506414226     
          44          45   1.1711113854617103     
          37          46  0.48897115743718511     
          42          46   1.2859923838591014     
          45          46   1.2467311865309139     
          45          47   1.3575794062281401     
          47          48   1.3539641340328450     
          48          49   1.1627586509571162     
          49          50   1.6656797061580031     
          50          51   1.1620190426107913     
          37          52  0.49138368811654953     
          48          52   1.2609270222571287     
          51          52   1.2632320212874064     
          51          53   1.3541124052433333     
          53          54   1.3541498599472159     
          54          55   1.1619796844921562     
          55          56   1.6657451636263390     
          56          57   1.1626961573833186     
          37          58  0.49132284361541528     
          54          58   1.2632298151189705     
          57          58   1.2609700107392534     
          57          59   1.3539739082080915     
          38          60   1.1711735526177975     
          59          60   1.3575871439779705     
          37          61  0.48899449559435537     
          40          61   1.2859744956712218     
          60          61   1.2466796457203466     
          38          62  0.97242307654427296     
          39          63  0.97088408618861866     
          43          64  0.97088794715702764     
          44          65  0.97242624450102433     
          47          66  0.96390301254529975     
          49          67  0.97233464030648931     
          50          68  0.97235540632584860     
          53          69  0.96423372394105034     
          55          70  0.97235420510610282     
          56          71  0.97233508493265886     
          59          72  0.96389995380263571     
           5          73   1.1874445547386741     
          73          74   2.4424044180074742     
          74          75   1.3324424783037703     
          73          76  0.19274714036537782     
          75          76   2.3563676219882028     
          76          77   1.3331931018039826     
          75          78  0.19253335794649087     
          77          78   2.4399863154504202     
          79          80   2.4404192056881939     
          80          81   1.3327012290293181     
          79          82  0.19246477863767997     
          81          82   2.3569024992550633     
          82          83   1.3319330197868127     
          41          84   1.1869267516258342     
          81          84  0.19267476379871351     
          83          84   2.4428855310541113     
          86          87   1.6478827015098028     
          87          88   1.1810211082211710     
          78          89   1.1900029818673692     
          88          89   1.2480089874435176     
          89          90   1.2482534965286718     
          90          91   1.1810008620280614     
          91          92   1.6478781079175797     
          92          93   1.1732416583937981     
          85          94  0.48878815241086765     
          90          94   1.2873692672572918     
          93          94   1.2446272076841063     
          93          95   1.3562380151872173     
          95          96   1.3562365813696620     
          96          97   1.1732311760043621     
          97          98   1.6479318634780169     
          98          99   1.1809627407038923     
          85         100  0.48884264230124425     
          96         100   1.2446128870802966     
          99         100   1.2873107100383534     
          79         101   1.1895289797135082     
          99         101   1.2482114743440851     
         101         102   1.2484858234653824     
         102         103   1.1809500759377236     
         103         104   1.6479385812157239     
         104         105   1.1732048604358991     
          85         106  0.48878912074298447     
         102         106   1.2872428351588701     
         105         106   1.2447135420241668     
         105         107   1.3561762940977848     
          86         108   1.1732378485197341     
         107         108   1.3563068489753882     
          85         109  0.48883254076221833     
          88         109   1.2874295719531235     
         108         109   1.2445478067107343     
          86         110  0.97241403769413626     
          87         111  0.97089397556252655     
          91         112  0.97090273068255428     
          92         113  0.97241631862072853     
          95         114  0.96356703557632839     
          97         115  0.97241240079170244     
          98         116  0.97089110520574795     
         103         117  0.97089805709149468     
         104         118  0.97241601286767454     
         107         119  0.96356638813885831     
