   -0.29310921
   -0.05221580
   -0.05076417
    0.07304828
    0.02653993
    0.07313328
   -0.05052040
   -0.05225123
    0.07316459
   -0.04720195
   -0.04157264
    0.07424475
   -0.05125608
   -0.05132078
    0.07452849
   -0.04659618
   -0.04319040
    0.07452908
   -0.05131692
   -0.05127916
    0.07422218
   -0.04652411
   -0.04155920
    0.07314724
   -0.04722775
    0.03543201
    0.03689898
    0.03660967
    0.03540257
    0.04909329
    0.03578609
    0.03570025
    0.04847180
    0.03570332
    0.03577444
    0.04910147
   -0.29293483
   -0.05224503
   -0.05071160
    0.07309617
    0.02655062
    0.07310236
   -0.05059724
   -0.05226361
    0.07317097
   -0.04723401
   -0.04157393
    0.07424967
   -0.05126426
   -0.05131978
    0.07454614
   -0.04669091
   -0.04319843
    0.07454026
   -0.05132018
   -0.05127327
    0.07422472
   -0.04657266
   -0.04155602
    0.07314856
   -0.04718738
    0.03542193
    0.03682926
    0.03668551
    0.03540898
    0.04910606
    0.03577917
    0.03569987
    0.04847664
    0.03570318
    0.03577783
    0.04911349
   -0.02855017
   -0.02931472
   -0.02888960
   -0.02891365
   -0.02933926
   -0.02853559
   -0.28856235
   -0.05206651
   -0.05056426
    0.07338850
    0.02684489
    0.07340955
   -0.05038037
   -0.05208055
    0.07304635
   -0.04888345
   -0.03970835
    0.07297837
   -0.05208071
   -0.05060423
    0.07343607
   -0.04861274
    0.02657931
    0.07344202
   -0.05056022
   -0.05208395
    0.07297379
   -0.04863014
   -0.03969779
    0.07304474
   -0.04882143
    0.03551086
    0.03697294
    0.03659043
    0.03549418
    0.04973535
    0.03549202
    0.03670950
    0.03664049
    0.03548478
    0.04973961
   -0.28875350
   -0.05206620
   -0.05055105
    0.07344029
    0.02658552
    0.07342965
   -0.05057252
   -0.05207284
    0.07297104
   -0.04861169
   -0.03968036
    0.07303986
   -0.05206674
   -0.05051138
    0.07338967
   -0.04883785
    0.02686786
    0.07340574
   -0.05039991
   -0.05208235
    0.07304050
   -0.04881041
   -0.03968554
    0.07296950
   -0.04858901
    0.03549494
    0.03662211
    0.03667521
    0.03548922
    0.04973959
    0.03550393
    0.03682205
    0.03661930
    0.03549769
    0.04973998
