           2           3   1.6463893251772517     
           3           4   1.1774547633839629     
           4           5   1.2581480844183435     
           5           6   1.2592805261139619     
           6           7   1.1772867000504328     
           7           8   1.6464318233981081     
           8           9   1.1692376574850523     
           1          10  0.75303677596000218     
           6          10   1.2596461379560586     
           9          10   1.2282191596291279     
           9          11   1.3545401063508129     
          11          12   1.3538129933268812     
          12          13   1.1610489095762488     
          13          14   1.6611314615705512     
          14          15   1.1606104143395852     
           1          16  0.75155443566790670     
          12          16   1.2390443543212613     
          15          16   1.2422340552901907     
          15          17   1.3527900788688028     
          17          18   1.3532041200279061     
          18          19   1.1605205016215316     
          19          20   1.6611058668751737     
          20          21   1.1612026547950691     
           1          22  0.75167574012126825     
          18          22   1.2417942915556701     
          21          22   1.2394268954213707     
          21          23   1.3532964379322501     
           2          24   1.1691790644255400     
          23          24   1.3551679508507337     
           1          25  0.75272497245137393     
           4          25   1.2605029477514553     
          24          25   1.2276281395532391     
           2          26  0.97178141161736087     
           3          27  0.96771966886310368     
           7          28  0.96749165710221585     
           8          29  0.97178415959839926     
          11          30  0.96378147070125486     
          13          31  0.97169551983400271     
          14          32  0.97171967288150751     
          17          33  0.96409902321400864     
          19          34  0.97171979903614814     
          20          35  0.97169559638960623     
          23          36  0.96378013124831940     
          38          39   1.6463075214979555     
          39          40   1.1774943438334420     
          40          41   1.2583106809745843     
          41          42   1.2588799515959050     
          42          43   1.1774231408844253     
          43          44   1.6463789835077169     
          44          45   1.1691945061555620     
          37          46  0.75290221397515722     
          42          46   1.2598843062164997     
          45          46   1.2282230708556097     
          45          47   1.3546665673817047     
          47          48   1.3537607554430529     
          48          49   1.1610412509735233     
          49          50   1.6611842896604614     
          50          51   1.1605424625791019     
          37          52  0.75131671955918888     
          48          52   1.2392486351012728     
          51          52   1.2422568517697239     
          51          53   1.3529529180940072     
          53          54   1.3531081452577727     
          54          55   1.1605410849848234     
          55          56   1.6611073177472691     
          56          57   1.1611869234968186     
          37          58  0.75159494892066903     
          54          58   1.2419897901487058     
          57          58   1.2393549617156066     
          57          59   1.3534547870445985     
          38          60   1.1692650392460588     
          59          60   1.3550742327711565     
          37          61  0.75293249388504546     
          40          61   1.2604150422676206     
          60          61   1.2277026222176319     
          38          62  0.97178117558959132     
          39          63  0.96746642690265616     
          43          64  0.96730362395503877     
          44          65  0.97178242557055194     
          47          66  0.96377742487131512     
          49          67  0.97169517951034556     
          50          68  0.97171900855573545     
          53          69  0.96409604679017913     
          55          70  0.97171814894552377     
          56          71  0.97169331454160779     
          59          72  0.96377455607424356     
           5          73   1.1647114415645421     
          73          74   2.5839694956152979     
          75          76   2.5798182842733288     
          41          78   1.1650589262008513     
          77          78   2.5837616586200411     
          80          81   1.6451111688830116     
          81          82   1.1779995595288018     
          74          83   1.1663276547873349     
          82          83   1.2564606654367456     
          83          84   1.2568884439549026     
          84          85   1.1779974322548523     
          85          86   1.6450799157165146     
          86          87   1.1704545417505607     
          79          88  0.74918471685848864     
          84          88   1.2618730233745632     
          87          88   1.2264401471529489     
          87          89   1.3537585426725500     
          89          90   1.3545589322054372     
          90          91   1.1704736951434733     
          91          92   1.6448106703419225     
          92          93   1.1783537324620983     
          79          94  0.74989080800242924     
          90          94   1.2255627541150758     
          93          94   1.2625184557299090     
          75          95   1.1693126635186182     
          93          95   1.2551584971253833     
          95          96   1.2553370212027954     
          96          97   1.1783584369134799     
          97          98   1.6447585596692327     
          98          99   1.1705488534347703     
          79         100  0.74989822292437724     
          96         100   1.2623725297456470     
          99         100   1.2256951807210754     
          99         101   1.3543735236138958     
          80         102   1.1704189961306242     
         101         102   1.3539594754201250     
          79         103  0.74925262873248055     
          82         103   1.2620586720532168     
         102         103   1.2262011407366438     
          80         104  0.97178074077784482     
          81         105  0.96779360704112805     
          85         106  0.96758289294789568     
          86         107  0.97178461486419221     
          89         108  0.96344713191676401     
          91         109  0.97178078167555737     
          92         110  0.96713061750625284     
          97         111  0.96710251591332874     
          98         112  0.97178146925450071     
         101         113  0.96344496464050478     
         115         116   1.6448015212877545     
         116         117   1.1783550008622661     
          76         118   1.1693894778747402     
         117         118   1.2551694917104745     
         118         119   1.2551774606717871     
         119         120   1.1783918499009951     
         120         121   1.6447564403747661     
         121         122   1.1705441026453558     
         114         123  0.74993466597573599     
         119         123   1.2622909550088615     
         122         123   1.2255534014825031     
         122         124   1.3543810921263637     
         124         125   1.3538791940003887     
         125         126   1.1704962280498001     
         126         127   1.6450296354547385     
         127         128   1.1780761415566892     
         114         129  0.74924220219042637     
         125         129   1.2261152701190308     
         128         129   1.2619646684897996     
          77         130   1.1668118638808755     
         128         130   1.2563246866624360     
         130         131   1.2565194105175985     
         131         132   1.1781308826828263     
         132         133   1.6449662912599847     
         133         134   1.1705232836045987     
         114         135  0.74934819299348054     
         131         135   1.2617927972192393     
         134         135   1.2262515826820801     
         134         136   1.3537016592056079     
         115         137   1.1705175803269388     
         136         137   1.3545454324313573     
         114         138  0.74998076834796690     
         117         138   1.2624053794553289     
         137         138   1.2254107198621924     
         115         139  0.97178362308905175     
         116         140  0.96711576779485031     
         120         141  0.96715297800519029     
         121         142  0.97178387144638645     
         124         143  0.96343602269013096     
         126         144  0.97178560539067338     
         127         145  0.96758698124667131     
         132         146  0.96741770946062589     
         133         147  0.97178839137606254     
         136         148  0.96343730083805668     
