   -0.05496662
   -0.05337756
    0.08617346
    0.01287084
    0.06375424
   -0.04954326
   -0.05187613
    0.06445915
   -0.08107018
   -0.05514566
    0.08681304
   -0.05379192
   -0.05382517
    0.08637623
   -0.32088319
   -0.05688184
    0.06496470
   -0.05112529
   -0.05093674
    0.06557868
   -0.08118258
   -0.05517567
    0.08532675
   -0.32414795
    0.01849014
    0.01923216
    0.04317603
    0.04153658
    0.21422370
    0.04697891
    0.01939216
    0.01942872
    0.04600346
    0.04180793
    0.04171662
    0.21447757
    0.04690737
   -0.05491739
   -0.05339707
    0.08624817
    0.01286043
    0.06380070
   -0.04952089
   -0.05183318
    0.06443735
   -0.08097544
   -0.05521116
    0.08678424
   -0.05378533
   -0.05383039
    0.08642764
   -0.32100982
   -0.05690694
    0.06498709
   -0.05112517
   -0.05093114
    0.06557734
   -0.08109030
   -0.05519796
    0.08536269
   -0.32419803
    0.01854806
    0.01939147
    0.04319436
    0.04157492
    0.21416787
    0.04693696
    0.01939253
    0.01941735
    0.04602673
    0.04182138
    0.04174194
    0.21437787
    0.04688346
   -0.02971430
   -0.03067941
   -0.02969834
   -0.03004691
   -0.02978879
   -0.02992252
   -0.02985201
   -0.02978804
   -0.03010430
   -0.02973846
   -0.03067771
   -0.02958728
   -0.05477229
   -0.05338244
    0.08597598
    0.01327956
    0.06334760
   -0.04965484
   -0.05190906
    0.06415743
   -0.08127541
   -0.05317567
    0.08510408
   -0.05466738
   -0.05337251
    0.08613380
   -0.32340759
    0.01283260
    0.06345523
   -0.04977182
   -0.05184236
    0.06405502
   -0.08131165
   -0.05315548
    0.08506623
   -0.32338480
    0.01871070
    0.01940217
    0.04291870
    0.04135775
    0.21447595
    0.04767198
    0.01876142
    0.01946087
    0.04271066
    0.04139710
    0.21450917
    0.04769897
   -0.05467170
   -0.05327837
    0.08599679
    0.01316062
    0.06327636
   -0.04977299
   -0.05186633
    0.06415588
   -0.08148533
   -0.05295432
    0.08492353
   -0.05479866
   -0.05326812
    0.08599741
   -0.32311692
    0.01300165
    0.06337608
   -0.04972802
   -0.05196639
    0.06406208
   -0.08147689
   -0.05281651
    0.08508505
   -0.32294186
    0.01883765
    0.01944454
    0.04284752
    0.04139116
    0.21485330
    0.04786215
    0.01873098
    0.01885737
    0.04240568
    0.04134465
    0.21471399
    0.04789079
   -0.05479612
   -0.05325347
    0.08593967
    0.01314324
    0.06336648
   -0.04972480
   -0.05199743
    0.06402398
   -0.08153503
   -0.05268795
    0.08490353
   -0.05477984
   -0.05326838
    0.08595422
   -0.32282717
    0.01312074
    0.06335714
   -0.04974371
   -0.05196434
    0.06404883
   -0.08154465
   -0.05270322
    0.08489351
   -0.32284319
    0.01875898
    0.01890068
    0.04235955
    0.04132931
    0.21484725
    0.04796997
    0.01877912
    0.01895065
    0.04247412
    0.04133740
    0.21487887
    0.04796583
   -0.05477629
   -0.05326357
    0.08593231
    0.01301373
    0.06329854
   -0.04976938
   -0.05197036
    0.06411372
   -0.08165388
   -0.05270939
    0.08490935
   -0.05479172
   -0.05331183
    0.08587644
   -0.32280070
    0.01317841
    0.06325736
   -0.04971154
   -0.05199121
    0.06415258
   -0.08164681
   -0.05276316
    0.08491742
   -0.32284164
    0.01875846
    0.01891515
    0.04244671
    0.04130715
    0.21493217
    0.04793772
    0.01874992
    0.01902745
    0.04248106
    0.04130608
    0.21492610
    0.04792677
   -0.05479275
   -0.05325556
    0.08608979
    0.01287505
    0.06345852
   -0.04982850
   -0.05192038
    0.06401173
   -0.08134562
   -0.05297557
    0.08511295
   -0.05471352
   -0.05333632
    0.08594674
   -0.32316398
    0.01332410
    0.06329712
   -0.04968625
   -0.05189046
    0.06417065
   -0.08137528
   -0.05312175
    0.08495606
   -0.32336041
    0.01868435
    0.01882346
    0.04266708
    0.04135153
    0.21453796
    0.04777568
    0.01876623
    0.01953923
    0.04296693
    0.04136847
    0.21465752
    0.04772486
