           1           2   1.7162760411815339     
           2           3   1.1216705114690864     
           3           4   1.2490942722741702     
           4           5   1.2531806722353851     
           5           6   1.2362582063724430     
           6           7   1.5932775000585808     
           7           8   1.2232688099289726     
           5           9   1.2247705077701967     
           8           9   1.2030307921281338     
           8          10   1.3440849671462058     
          10          11   1.3573973662365182     
          11          12   1.1066003114109331     
          12          13   1.7310024985442047     
          13          14   1.1089330454878297     
          11          15   1.3241094651950893     
          14          15   1.3252028169853560     
          14          16   1.3537461975616127     
          16          17   1.3465415550407340     
          17          18   1.2156314165522470     
          18          19   1.6083490036612136     
          19          20   1.2148334348511818     
          17          21   1.2099176134838574     
          20          21   1.2110209651221080     
          20          22   1.3427542831079156     
           1          23   1.1150510253441099     
          22          23   1.3652626343215666     
           3          24   1.3598209807821680     
          23          24   1.3007694240673362     
           1          25  0.97277724770135221     
           2          26  0.96953560919695736     
           6          27  0.96938029222534139     
           7          28  0.97290563503690186     
           9          29  0.89956209748790372     
          10          30  0.96364496383282783     
          12          31  0.97274166043645760     
          13          32  0.97280028763451898     
          16          33  0.96479878627245907     
          18          34  0.97290485888938316     
          19          35  0.97283607510700398     
          21          36  0.89997897803958282     
          22          37  0.96352002984681684     
          38          39   1.7166856497078506     
          39          40   1.1212043415306885     
          40          41   1.2501366920576649     
          41          42   1.2541972418646654     
          42          43   1.2357208770199546     
          43          44   1.5936675748881246     
          44          45   1.2232043702780704     
          42          46   1.2245384317852843     
          45          46   1.2029723862087234     
          45          47   1.3442029202575618     
          47          48   1.3573656812307668     
          48          49   1.1067256020017757     
          49          50   1.7310087993067380     
          50          51   1.1088024286096061     
          48          52   1.3239974790604645     
          51          52   1.3253757819961396     
          51          53   1.3537041313993496     
          53          54   1.3466996064806080     
          54          55   1.2155140952021588     
          55          56   1.6084160249395367     
          56          57   1.2148759411235737     
          54          58   1.2098673341274839     
          57          58   1.2109166965208131     
          57          59   1.3429077166665961     
          38          60   1.1149486982594405     
          59          60   1.3650709092575055     
          40          61   1.3593657098063734     
          60          61   1.3011431701712279     
          38          62  0.97277940077987246     
          39          63  0.96991073110393722     
          43          64  0.97006379691829037     
          44          65  0.97290491119973144     
          46          66  0.89991280897064041     
          47          67  0.96370282280623909     
          49          68  0.97274387905585225     
          50          69  0.97279751794277114     
          53          70  0.96475185351026327     
          55          71  0.97290204863148222     
          56          72  0.97283415168111864     
          58          73  0.90027067867738997     
          59          74  0.96357020906286028     
           4          75   1.1776595958918525     
          75          76   2.5658450770545191     
          77          78   2.5611707174558451     
          79          80   2.5552671331369812     
          81          82   2.5552728009574333     
          83          84   2.5565887450540075     
          41          86   1.1753523562746704     
          85          86   2.5669835004452222     
          87          88   1.7155816586559838     
          88          89   1.1232173760719570     
          76          90   1.1802097168136751     
          89          90   1.2474354588421546     
          90          91   1.2499281152879234     
          91          92   1.2397824534683095     
          92          93   1.5887522604407383     
          93          94   1.2268969844044777     
          91          95   1.2251315703536343     
          94          95   1.2042813422441578     
          94          96   1.3358849619559394     
          96          97   1.3707808046488097     
          97          98   1.1147609756805381     
          98          99   1.7161049462053497     
          99         100   1.1227257531725845     
          97         101   1.2964859888017195     
         100         101   1.3612402397677179     
          77         102   1.1807953471196653     
         100         102   1.2468387365680085     
         102         103   1.2496058210200007     
         103         104   1.2394431351352619     
         104         105   1.5890158135206873     
         105         106   1.2266731318042803     
         103         107   1.2256360765515812     
         106         107   1.2035648711349254     
         106         108   1.3369845619474727     
          87         109   1.1150729663027164     
         108         109   1.3695365891698974     
          89         110   1.3602396559877699     
         109         110   1.2973866838956551     
          87         111  0.97275610497183163     
          88         112  0.96918551026430722     
          92         113  0.96997086325990045     
          93         114  0.97290891117365907     
          95         115  0.89753169108483866     
          96         116  0.96302907192317577     
          98         117  0.97275591321237065     
          99         118  0.97011608366407853     
         104         119  0.97036772296126850     
         105         120  0.97290734766841891     
         107         121  0.89761179795666113     
         108         122  0.96302968467075711     
         123         124   1.7156821097832815     
         124         125   1.1233395658602685     
          78         126   1.1813873303386249     
         125         126   1.2467727522486749     
         126         127   1.2489296587061076     
         127         128   1.2401465207023916     
         128         129   1.5882343466352951     
         129         130   1.2271391766653410     
         127         131   1.2256623874551260     
         130         131   1.2043136894829134     
         130         132   1.3352925747726461     
         132         133   1.3716583656446975     
         133         134   1.1153237668028451     
         134         135   1.7146686025412663     
         135         136   1.1242024160193322     
         133         137   1.2947686725787240     
         136         137   1.3631904047944183     
          79         138   1.1890858179958479     
         136         138   1.2428599776837830     
         138         139   1.2459052555843813     
         139         140   1.2414177992463857     
         140         141   1.5872718592320867     
         141         142   1.2274843430610545     
         139         143   1.2266413833417082     
         142         143   1.2038418939630466     
         142         144   1.3357992064711679     
         123         145   1.1148366353744221     
         144         145   1.3706142936189272     
         125         146   1.3606865508313137     
         145         146   1.2966044495113107     
         123         147  0.97275435074635674     
         124         148  0.97002734855622497     
         128         149  0.97051276065086711     
         129         150  0.97290540046604856     
         131         151  0.89657346507600022     
         132         152  0.96291947810066481     
         134         153  0.97274835430922113     
         135         154  0.96766527192104312     
         140         155  0.96819382723295477     
         141         156  0.97290512192427547     
         143         157  0.89637706269641082     
         144         158  0.96290592242394224     
         159         160   1.7145183010222986     
         160         161   1.1244177935678299     
          80         162   1.1894254608193602     
         161         162   1.2427192739779682     
         162         163   1.2454816500146526     
         163         164   1.2417274027845466     
         164         165   1.5868132556773613     
         165         166   1.2278633549574915     
         163         167   1.2267990793349914     
         166         167   1.2040583720522975     
         166         168   1.3349205220132887     
         168         169   1.3718402701525756     
         169         170   1.1153277284416616     
         170         171   1.7146266709720290     
         171         172   1.1243136714539965     
         169         173   1.2946939853134047     
         172         173   1.3630280837732318     
          81         174   1.1887466987668731     
         172         174   1.2429696017153171     
         174         175   1.2458425094607783     
         175         176   1.2415148153815216     
         176         177   1.5870140990090413     
         177         178   1.2277354867889014     
         175         179   1.2267423632183005     
         178         179   1.2040806110053841     
         178         180   1.3349901826283623     
         159         181   1.1153779636993226     
         180         181   1.3717908170704052     
         161         182   1.3631465721666582     
         181         182   1.2946479176393217     
         159         183  0.97275253419409180     
         160         184  0.96785808815122654     
         164         185  0.96805091881976135     
         165         186  0.97291047256015950     
         167         187  0.89590421124147190     
         168         188  0.96282142813327332     
         170         189  0.97275520793306458     
         171         190  0.96825353127747249     
         176         191  0.96868488373300898     
         177         192  0.97291112962064863     
         179         193  0.89590448799675138     
         180         194  0.96282693561340016     
         195         196   1.7146511708436281     
         196         197   1.1243120220076142     
          82         198   1.1887182480337719     
         197         198   1.2429971000272744     
         198         199   1.2458995282922092     
         199         200   1.2414480193718713     
         200         201   1.5872001411195198     
         201         202   1.2274999042835748     
         199         203   1.2267288461087400     
         202         203   1.2040987885085428     
         202         204   1.3352826290148301     
         204         205   1.3714267068014281     
         205         206   1.1154219795924989     
         206         207   1.7144843397752754     
         207         208   1.1244198897498090     
         205         209   1.2950010849708877     
         208         209   1.3626376391171566     
          83         210   1.1880402068663760     
         208         210   1.2433254882927940     
         210         211   1.2462887460425152     
         211         212   1.2414505847273252     
         212         213   1.5871773791556878     
         213         214   1.2275505865646141     
         211         215   1.2264373984077535     
         214         215   1.2043874566328776     
         214         216   1.3348578483694473     
         195         217   1.1152909841521863     
         216         217   1.3719219559775062     
         197         218   1.3630245376840306     
         217         218   1.2946483623207019     
         195         219  0.97275365086308363     
         196         220  0.96834182279738901     
         200         221  0.96860299718594645     
         201         222  0.97290684074199030     
         203         223  0.89562445075346087     
         204         224  0.96282600786220185     
         206         225  0.97275573431693718     
         207         226  0.96837618264483782     
         212         227  0.96861464445419065     
         213         228  0.97290889309636663     
         215         229  0.89565513778901240     
         216         230  0.96282834557479702     
         231         232   1.7150732075918877     
         232         233   1.1236868740720838     
          84         234   1.1873161419650708     
         233         234   1.2437583244958261     
         234         235   1.2468117029726442     
         235         236   1.2406793286030657     
         236         237   1.5879760206266014     
         237         238   1.2271453044806850     
         235         239   1.2265274021599548     
         238         239   1.2033896836915965     
         238         240   1.3367668309386054     
         240         241   1.3695129291136376     
         241         242   1.1148642877222348     
         242         243   1.7158575084268242     
         243         244   1.1230869076465986     
         241         245   1.2977637711916765     
         244         245   1.3595245121918549     
          85         246   1.1782939670763621     
         244         246   1.2484878595720539     
         246         247   1.2504044170616457     
         247         248   1.2395843522663004     
         248         249   1.5888136299442288     
         249         250   1.2269020950220892     
         247         251   1.2250236488233348     
         250         251   1.2044420877981183     
         250         252   1.3354720106042492     
         231         253   1.1151790279774929     
         252         253   1.3714875888740492     
         233         254   1.3630146124542177     
         253         254   1.2951597554147833     
         231         255  0.97275580221712243     
         232         256  0.96823265238678802     
         236         257  0.96865380168288318     
         237         258  0.97290750083918587     
         239         259  0.89711004273657569     
         240         260  0.96297982740940957     
         242         261  0.97275679575052421     
         243         262  0.96989752683309316     
         248         263  0.97037728775273691     
         249         264  0.97290800840987535     
         251         265  0.89720606011520188     
         252         266  0.96298532311979823     
