    0.56244568
   -0.05452870
   -0.05422275
    0.06959103
    0.01158999
    0.06952153
   -0.05445829
   -0.05454739
    0.06412201
   -0.21390187
   -0.06069196
    0.06527754
   -0.05354913
   -0.05527439
    0.07027683
   -0.21287711
   -0.05936793
    0.07026674
   -0.05526498
   -0.05354158
    0.06528830
   -0.21283357
   -0.06072398
    0.06416137
   -0.21406426
    0.03039010
    0.03196262
    0.03227783
    0.03043542
    0.04925623
    0.03056523
    0.03087004
    0.04719233
    0.03088112
    0.03056785
    0.04924059
    0.56249796
   -0.05453858
   -0.05436130
    0.06955565
    0.01159003
    0.06956824
   -0.05430343
   -0.05453469
    0.06413355
   -0.21398852
   -0.06070070
    0.06530492
   -0.05355210
   -0.05526765
    0.07026764
   -0.21289825
   -0.05935674
    0.07025836
   -0.05527156
   -0.05354498
    0.06525729
   -0.21281589
   -0.06070084
    0.06410905
   -0.21398015
    0.03041150
    0.03212996
    0.03205015
    0.03041872
    0.04925393
    0.03056250
    0.03086973
    0.04719235
    0.03088352
    0.03057384
    0.04925435
   -0.03061556
   -0.03076063
   -0.03069275
   -0.03071891
   -0.03067695
   -0.03067695
   -0.03070677
   -0.03069272
   -0.03077548
   -0.03062938
    0.56751179
   -0.05448653
   -0.05431248
    0.06986998
    0.01142854
    0.06980952
   -0.05448413
   -0.05449647
    0.06377378
   -0.21527622
   -0.05925952
    0.06369794
   -0.05455194
   -0.05437314
    0.06987423
   -0.21519191
    0.01142047
    0.06985955
   -0.05442274
   -0.05453568
    0.06369437
   -0.21515398
   -0.05927625
    0.06380873
   -0.21534058
    0.03040408
    0.03182309
    0.03201257
    0.03042465
    0.04991434
    0.03043039
    0.03169171
    0.03184965
    0.03043715
    0.04990470
    0.56811993
   -0.05454648
   -0.05441183
    0.06987169
    0.01142722
    0.06988344
   -0.05439263
   -0.05454156
    0.06363881
   -0.21523452
   -0.05920142
    0.06367607
   -0.05452381
   -0.05442904
    0.06988814
   -0.21530759
    0.01139170
    0.06986396
   -0.05448134
   -0.05452837
    0.06366731
   -0.21529720
   -0.05920125
    0.06365583
   -0.21529012
    0.03043708
    0.03171440
    0.03174431
    0.03044051
    0.04996748
    0.03044030
    0.03184912
    0.03190225
    0.03044516
    0.04997127
    0.56808067
   -0.05451817
   -0.05452671
    0.06986951
    0.01139484
    0.06989726
   -0.05438465
   -0.05453044
    0.06369806
   -0.21536693
   -0.05920691
    0.06362684
   -0.05453248
   -0.05440438
    0.06988579
   -0.21520775
    0.01142274
    0.06987809
   -0.05441605
   -0.05454998
    0.06369147
   -0.21531448
   -0.05920793
    0.06366583
   -0.21523152
    0.03046204
    0.03202205
    0.03176274
    0.03042619
    0.04996602
    0.03044612
    0.03174708
    0.03176301
    0.03043296
    0.04997432
    0.56752674
   -0.05453706
   -0.05438156
    0.06986555
    0.01141284
    0.06987520
   -0.05441884
   -0.05453765
    0.06369279
   -0.21516135
   -0.05925407
    0.06380754
   -0.05450401
   -0.05446181
    0.06983046
   -0.21532245
    0.01144047
    0.06985161
   -0.05432528
   -0.05449573
    0.06375601
   -0.21528218
   -0.05926910
    0.06367708
   -0.21516522
    0.03043266
    0.03174558
    0.03181284
    0.03043968
    0.04991832
    0.03041086
    0.03198429
    0.03179377
    0.03041274
    0.04991128
