           2           3   1.6450825991754781     
           3           4   1.1810695033427452     
           4           5   1.2634370986985100     
           5           6   1.2626046091876448     
           6           7   1.1810969324380289     
           7           8   1.6450388545053016     
           8           9   1.1706241167095330     
           1          10  0.65670578943796409     
           6          10   1.2560838167264874     
           9          10   1.2175563598856103     
           9          11   1.3607854900209029     
          11          12   1.3613184821773163     
          12          13   1.1627835417264705     
          13          14   1.6598039390347750     
          14          15   1.1639138371978508     
           1          16  0.65951835085672350     
          12          16   1.2265302694781399     
          15          16   1.2388926910837772     
          15          17   1.3578641443883863     
          17          18   1.3580909161560537     
          18          19   1.1637997903465875     
          19          20   1.6599816793199582     
          20          21   1.1626533689166765     
           1          22  0.65976836588360910     
          18          22   1.2387696088927029     
          21          22   1.2265239190814545     
          21          23   1.3614323365375383     
           2          24   1.1705454947613745     
          23          24   1.3605851894149708     
           1          25  0.65610846628871422     
           4          25   1.2559018354839941     
          24          25   1.2180051810186980     
           2          26  0.97224519229775019     
           3          27  0.96947503629048248     
           7          28  0.96913185768073107     
           8          29  0.97224123812800189     
          11          30  0.96296631392452670     
          13          31  0.97215897108188398     
          14          32  0.97242851477943548     
          17          33  0.96494486022541348     
          19          34  0.97242621962504516     
          20          35  0.97215801133369706     
          23          36  0.96297537987389203     
          38          39   1.6449044303358398     
          39          40   1.1812070844694338     
          40          41   1.2627171857427857     
          41          42   1.2628535622589201     
          42          43   1.1811065765777078     
          43          44   1.6450498944345637     
          44          45   1.1705814234747316     
          37          46  0.65639853568963602     
          42          46   1.2560831693013808     
          45          46   1.2176817859922868     
          45          47   1.3607936887656278     
          47          48   1.3612288034676943     
          48          49   1.1627351450315258     
          49          50   1.6598278979552639     
          50          51   1.1639243248555633     
          37          52  0.65934099979729721     
          48          52   1.2266971295793863     
          51          52   1.2388172538433437     
          51          53   1.3579490046465927     
          53          54   1.3579957765951580     
          54          55   1.1638967942490377     
          55          56   1.6598411878401660     
          56          57   1.1627614956581522     
          37          58  0.66004052504457633     
          54          58   1.2387056904142497     
          57          58   1.2264012762285703     
          57          59   1.3613602675675689     
          38          60   1.1706795362829976     
          59          60   1.3606808006641455     
          37          61  0.65655603979756427     
          40          61   1.2560829566147902     
          60          61   1.2176231371862773     
          38          62  0.97224285735077931     
          39          63  0.96917102350188244     
          43          64  0.96914902634620681     
          44          65  0.97224187354072755     
          47          66  0.96296911001906704     
          49          67  0.97216181188278727     
          50          68  0.97242802417201679     
          53          69  0.96494317039580080     
          55          70  0.97242555309114531     
          56          71  0.97215781773639964     
          59          72  0.96296706778406849     
           5          73   1.1671011877505859     
          73          74   2.5829696342887729     
          75          76   2.5781830858919550     
          77          78   2.5784676276154386     
          79          80   2.5782751973213398     
          41          82   1.1675898647425385     
          81          82   2.5827101580881577     
          84          85   1.6443843136970544     
          85          86   1.1811862689226593     
          74          87   1.1685224327842323     
          86          87   1.2611271031373750     
          87          88   1.2606379672120718     
          88          89   1.1812823480839960     
          89          90   1.6442732086444649     
          90          91   1.1714413056612871     
          83          92  0.65215572424432944     
          88          92   1.2586307151119791     
          91          92   1.2160981008708249     
          91          93   1.3606831696258022     
          93          94   1.3606439529989836     
          94          95   1.1717125091275824     
          95          96   1.6435874959178851     
          96          97   1.1819632562727331     
          83          98  0.65218215436218563     
          94          98   1.2159004188353193     
          97          98   1.2592357224460711     
          75          99   1.1726311819202160     
          97          99   1.2589378068153725     
          99         100   1.2590392162583171     
         100         101   1.1819354707012042     
         101         102   1.6436481244330359     
         102         103   1.1716926711591311     
          83         104  0.65258480486257608     
         100         104   1.2590572226399344     
         103         104   1.2157965180207235     
         103         105   1.3607033821151122     
          84         106   1.1713454098898242     
         105         106   1.3606055291588168     
          83         107  0.65181316490282204     
          86         107   1.2586118775234634     
         106         107   1.2163560205079214     
          84         108  0.97224174527517271     
          85         109  0.96950106070305508     
          89         110  0.96920661469231562     
          90         111  0.97223520008115782     
          93         112  0.96270011088654095     
          95         113  0.97224171552726091     
          96         114  0.96823792815518261     
         101         115  0.96823898624724580     
         102         116  0.97223591581818436     
         105         117  0.96270672074847174     
         119         120   1.6435295365593154     
         120         121   1.1819879145094512     
          76         122   1.1727570817694892     
         121         122   1.2587302899124972     
         122         123   1.2589112982609274     
         123         124   1.1818414974870795     
         124         125   1.6436818010705971     
         125         126   1.1717147727452726     
         118         127  0.65229356175195752     
         123         127   1.2593170659524202     
         126         127   1.2156834170563700     
         126         128   1.3606747826869907     
         128         129   1.3605949501576406     
         129         130   1.1716842432608821     
         130         131   1.6437643623856903     
         131         132   1.1817341294915205     
         118         133  0.65192685429501929     
         129         133   1.2158505590514712     
         132         133   1.2592827006164082     
          77         134   1.1718176671041249     
         132         134   1.2592631470309965     
         134         135   1.2592204893597363     
         135         136   1.1817833016856902     
         136         137   1.6437353657913243     
         137         138   1.1716717526391938     
         118         139  0.65203138593569809     
         135         139   1.2591828716220899     
         138         139   1.2158560030848473     
         138         140   1.3606236825238445     
         119         141   1.1717676573913252     
         140         141   1.3605811411559214     
         118         142  0.65192415938665382     
         121         142   1.2593845755094264     
         141         142   1.2158110246069820     
         119         143  0.97224277139635973     
         120         144  0.96826985985595648     
         124         145  0.96823483236683183     
         125         146  0.97223865615367977     
         128         147  0.96268301976608706     
         130         148  0.97224230810636658     
         131         149  0.96888971958983894     
         136         150  0.96877407912991198     
         137         151  0.97223994967975280     
         140         152  0.96268565604862333     
         154         155   1.6438681479983446     
         155         156   1.1816503814935799     
          78         157   1.1718047655129322     
         156         157   1.2591171004748720     
         157         158   1.2593991973176617     
         158         159   1.1818392910006785     
         159         160   1.6436707115409610     
         160         161   1.1716898517493815     
         153         162  0.65152224577334328     
         158         162   1.2592123456078150     
         161         162   1.2161605089864786     
         161         163   1.3603942561073301     
         163         164   1.3608318492569702     
         164         165   1.1717366349512963     
         165         166   1.6436662675664415     
         166         167   1.1818475213462105     
         153         168  0.65246508326658836     
         164         168   1.2155055651259878     
         167         168   1.2593544780905108     
          79         169   1.1725642760707942     
         167         169   1.2589298660476369     
         169         170   1.2589056994905441     
         170         171   1.1819471727958628     
         171         172   1.6435836050264809     
         172         173   1.1717214882071603     
         153         174  0.65153824493045920     
         170         174   1.2593448388515069     
         173         174   1.2161180178722288     
         173         175   1.3604071290379582     
         154         176   1.1716364400929835     
         175         176   1.3608607603848590     
         153         177  0.65220079391341801     
         156         177   1.2593309209312364     
         176         177   1.2156356135268687     
         154         178  0.97223386745789231     
         155         179  0.96873899824808163     
         159         180  0.96891325228893177     
         160         181  0.97224524232505549     
         163         182  0.96268544451156890     
         165         183  0.97223495865324128     
         166         184  0.96830808503579247     
         171         185  0.96837584704665969     
         172         186  0.97224367427827352     
         175         187  0.96268808013820506     
         189         190   1.6436222934990146     
         190         191   1.1819493639006480     
          80         192   1.1724644782632745     
         191         192   1.2590824038607547     
         192         193   1.2590204939425607     
         193         194   1.1818154418058511     
         194         195   1.6437606139406957     
         195         196   1.1716275348310325     
         188         197  0.65234488613027719     
         193         197   1.2592314653396632     
         196         197   1.2157735738989006     
         196         198   1.3608188425692591     
         198         199   1.3605101749028388     
         199         200   1.1714000849813335     
         200         201   1.6442733311806854     
         201         202   1.1813073683001249     
         188         203  0.65150039616885436     
         199         203   1.2163907684180686     
         202         203   1.2588046897081440     
          81         204   1.1689901963181963     
         202         204   1.2604924465874414     
         204         205   1.2608485670591352     
         205         206   1.1813419811026185     
         206         207   1.6441926676356551     
         207         208   1.1714863299781579     
         188         209  0.65246051562715224     
         205         209   1.2585331375222710     
         208         209   1.2160545603396622     
         208         210   1.3606286345798657     
         189         211   1.1716918726382630     
         210         211   1.3606459759258827     
         188         212  0.65254334122695956     
         191         212   1.2590784947721365     
         211         212   1.2158052253142368     
         189         213  0.97223975210644642     
         190         214  0.96837871247868745     
         194         215  0.96829571858247765     
         195         216  0.97223673683440648     
         198         217  0.96269946927575734     
         200         218  0.97224197480020424     
         201         219  0.96921914066305459     
         206         220  0.96920448259320091     
         207         221  0.97223873430177887     
         210         222  0.96270093783336941     
