    0.24470695
   -0.05189924
   -0.05051145
    0.07739162
    0.01648960
    0.07746946
   -0.05044602
   -0.05193032
    0.07570485
   -0.17694968
   -0.04968226
    0.07698814
   -0.05096947
   -0.05109727
    0.07746388
   -0.17474372
   -0.05142995
    0.07747259
   -0.05110319
   -0.05097102
    0.07697360
   -0.17474948
   -0.04966622
    0.07568350
   -0.17690623
    0.03381458
    0.03580236
    0.03578887
    0.03379344
    0.04931871
    0.03439580
    0.03430391
    0.04868187
    0.03430574
    0.03439439
    0.04933031
    0.24469698
   -0.05190937
   -0.05049210
    0.07739285
    0.01649258
    0.07743640
   -0.05042885
   -0.05189903
    0.07570533
   -0.17700258
   -0.04969533
    0.07698063
   -0.05096925
   -0.05110273
    0.07747059
   -0.17473707
   -0.05144774
    0.07746974
   -0.05110145
   -0.05097088
    0.07698115
   -0.17475762
   -0.04969592
    0.07570682
   -0.17690315
    0.03380875
    0.03578045
    0.03576866
    0.03377494
    0.04930559
    0.03439088
    0.03430047
    0.04867332
    0.03430112
    0.03439217
    0.04931796
   -0.01894591
   -0.01075168
   -0.00188854
   -0.00263904
   -0.01003851
   -0.01974861
   -0.01917001
   -0.01030206
   -0.00200847
   -0.00216045
   -0.01015551
   -0.01932411
   -0.01932635
   -0.01015837
   -0.00215661
   -0.00200384
   -0.01031154
   -0.01918055
   -0.01971766
   -0.01002970
   -0.00260053
   -0.00183610
   -0.01074660
   -0.01890245
    0.24655320
   -0.05171660
   -0.05046722
    0.07761310
    0.01692611
    0.07765098
   -0.05043730
   -0.05172241
    0.07526600
   -0.17701773
   -0.04749065
    0.07522974
   -0.05167298
   -0.05053149
    0.07773220
   -0.17709672
    0.01659807
    0.07774947
   -0.05051811
   -0.05167461
    0.07521952
   -0.17709965
   -0.04748463
    0.07525663
   -0.17698664
    0.03399082
    0.03594126
    0.03594373
    0.03397701
    0.05008125
    0.03399187
    0.03584330
    0.03584158
    0.03398644
    0.05007916
    0.24658187
   -0.05166412
   -0.05049554
    0.07771162
    0.01675599
    0.07772187
   -0.05048901
   -0.05166450
    0.07524626
   -0.17699932
   -0.04740590
    0.07525054
   -0.05166684
   -0.05048969
    0.07772809
   -0.17700485
    0.01675937
    0.07771099
   -0.05049361
   -0.05166160
    0.07524473
   -0.17700037
   -0.04740962
    0.07524549
   -0.17698368
    0.03405216
    0.03592204
    0.03591641
    0.03404933
    0.05015048
    0.03404589
    0.03591656
    0.03591839
    0.03405101
    0.05014984
    0.24654991
   -0.05167088
   -0.05053742
    0.07772493
    0.01659322
    0.07774652
   -0.05050404
   -0.05167391
    0.07523442
   -0.17709553
   -0.04751093
    0.07528342
   -0.05171676
   -0.05043413
    0.07762767
   -0.17703130
    0.01693853
    0.07763130
   -0.05044984
   -0.05171573
    0.07527806
   -0.17702320
   -0.04750218
    0.07522715
   -0.17707825
    0.03399793
    0.03585045
    0.03584412
    0.03398912
    0.05007318
    0.03398902
    0.03593201
    0.03595407
    0.03399228
    0.05008206
