           2           3   1.6503380086015882     
           3           4   1.1794226211647201     
           4           5   1.2502707461067395     
           5           6   1.2507642338783542     
           6           7   1.1793669961746147     
           7           8   1.6503675241440976     
           8           9   1.1710783343241764     
           1          10  0.48897826706984970     
           6          10   1.2862165171296744     
           9          10   1.2465678932520290     
           9          11   1.3577871055327950     
          11          12   1.3537913231106971     
          12          13   1.1627246480087192     
          13          14   1.6657312520813639     
          14          15   1.1619714575732496     
           1          16  0.49128900609419995     
          12          16   1.2610637565720582     
          15          16   1.2631772824140333     
          15          17   1.3541971043769854     
          17          18   1.3540470645719416     
          18          19   1.1620430274842068     
          19          20   1.6656445173484331     
          20          21   1.1627807894685500     
           1          22  0.49128863181502080     
          18          22   1.2632551024465832     
          21          22   1.2610014573237871     
          21          23   1.3538052129916729     
           2          24   1.1711296831077562     
          23          24   1.3577980071820066     
           1          25  0.48898108814494862     
           4          25   1.2862458660615097     
          24          25   1.2464829746159991     
           2          26  0.97241789297902914     
           3          27  0.97089720822841574     
           7          28  0.97088572086754998     
           8          29  0.97243003706359588     
          11          30  0.96389593950388386     
          13          31  0.97232904180782409     
          14          32  0.97234956228897629     
          17          33  0.96422441146689697     
          19          34  0.97235138156818968     
          20          35  0.97233133317789788     
          23          36  0.96388895214566683     
          38          39   1.6504208483029710     
          39          40   1.1793537689636600     
          40          41   1.2505916113745741     
          41          42   1.2509759876396704     
          42          43   1.1793264494699371     
          43          44   1.6504271753541735     
          44          45   1.1710576940802224     
          37          46  0.48893117074783637     
          42          46   1.2860432569348541     
          45          46   1.2466676048794409     
          45          47   1.3577123379789706     
          47          48   1.3538918068869665     
          48          49   1.1627279159913999     
          49          50   1.6657248237844076     
          50          51   1.1619862135253132     
          37          52  0.49135024048077730     
          48          52   1.2609740152888940     
          51          52   1.2632561733595371     
          51          53   1.3541043086733455     
          53          54   1.3541651505077832     
          54          55   1.1619821300811595     
          55          56   1.6657324106305595     
          56          57   1.1627199485612172     
          37          58  0.49132267214857517     
          54          58   1.2632139557073927     
          57          58   1.2610080125608818     
          57          59   1.3538929260819508     
          38          60   1.1710783855124898     
          59          60   1.3576840874756599     
          37          61  0.48897219551952020     
          40          61   1.2860832542641325     
          60          61   1.2466576265780387     
          38          62  0.97242013418032069     
          39          63  0.97088316401233643     
          43          64  0.97087840128004310     
          44          65  0.97241683097317855     
          47          66  0.96389154650380515     
          49          67  0.97232990731519309     
          50          68  0.97235129335573578     
          53          69  0.96422546668575881     
          55          70  0.97235092070698204     
          56          71  0.97233109781811700     
          59          72  0.96389382869761120     
           5          73   1.1874898923131063     
          73          74   2.4422723209287209     
          74          75   1.3325607301979905     
          73          76  0.19273301841532814     
          75          76   2.3561362089046027     
          76          77   1.3333696014245235     
          75          78  0.19251879457467352     
          77          78   2.4397348132539083     
          79          80   2.4376257162300865     
          80          81   1.3351132421917138     
          79          82  0.19227968514342281     
          81          82   2.3529506872878412     
          82          83   1.3351369251517693     
          81          84  0.19226817913255165     
          83          84   2.4375567988585223     
          85          86   2.4376168867882759     
          86          87   1.3350809724469834     
          85          88  0.19226004153580073     
          87          88   2.3530559192327947     
          88          89   1.3350441830014848     
          87          90  0.19227473822398256     
          89          90   2.4377226070992637     
          91          92   2.4402293536365653     
          92          93   1.3328257461140760     
          91          94  0.19243197690525535     
          93          94   2.3566727766127724     
          94          95   1.3320870513803631     
          41          96   1.1869558915864782     
          93          96  0.19269485357857224     
          95          96   2.4427135195327008     
          98          99   1.6476423165294416     
          99         100   1.1811546693187174     
          78         101   1.1901950142026223     
         100         101   1.2478858489712636     
         101         102   1.2481551741089079     
         102         103   1.1811543015867421     
         103         104   1.6476732766256832     
         104         105   1.1733924178567068     
          97         106  0.48889013237910312     
         102         106   1.2872997792028791     
         105         106   1.2447137467453064     
         105         107   1.3558552972999958     
         107         108   1.3567550334338194     
         108         109   1.1731370825438199     
         109         110   1.6479697936233646     
         110         111   1.1808991304738987     
          97         112  0.48861294848513392     
         108         112   1.2441864182467097     
         111         112   1.2879697219556205     
          79         113   1.1911784424148628     
         111         113   1.2474634739415431     
         113         114   1.2475273660984456     
         114         115   1.1808797150108188     
         115         116   1.6479860789247924     
         116         117   1.1731211742744789     
          97         118  0.48860914062073979     
         114         118   1.2880104362756852     
         117         118   1.2441762241251288     
         117         119   1.3567924634763542     
          98         120   1.1734734797506752     
         119         120   1.3558033773651075     
          97         121  0.48889288129530639     
         100         121   1.2873885243805074     
         120         121   1.2446584554636186     
          98         122  0.97240556753590868     
          99         123  0.97089763823120034     
         103         124  0.97088823380039901     
         104         125  0.97240642369609220     
         107         126  0.96354630671716124     
         109         127  0.97240640822851909     
         110         128  0.97088971515160771     
         115         129  0.97089394245749627     
         116         130  0.97240849049489742     
         119         131  0.96354735127232249     
         133         134   1.6477487999942961     
         134         135   1.1810597379151850     
          84         136   1.1912727650851838     
         135         136   1.2474281201586770     
         136         137   1.2474639562179037     
         137         138   1.1810260634303984     
         138         139   1.6477792777298053     
         139         140   1.1733064241774191     
         132         141  0.48872267643477907     
         137         141   1.2878777235171166     
         140         141   1.2443081357878167     
         140         142   1.3563402775053828     
         142         143   1.3563260409146536     
         143         144   1.1733043957946756     
         144         145   1.6477739980426955     
         145         146   1.1810352349891324     
         132         147  0.48866641454170895     
         143         147   1.2443282764661994     
         146         147   1.2878997584244707     
          85         148   1.1912528113137431     
         146         148   1.2474464180553908     
         148         149   1.2474669382102830     
         149         150   1.1810053515854253     
         150         151   1.6478006666764937     
         151         152   1.1732999497950574     
         132         153  0.48869795160187302     
         149         153   1.2878701831125516     
         152         153   1.2443376001493880     
         152         154   1.3563183837566983     
         133         155   1.1733311474870129     
         154         155   1.3563200464864062     
         132         156  0.48876822865210540     
         135         156   1.2878608007600789     
         155         156   1.2443103504387032     
         133         157  0.97240438804668694     
         134         158  0.97089360891742227     
         138         159  0.97088573877335471     
         139         160  0.97240261683732254     
         142         161  0.96353996125482755     
         144         162  0.97240341229657012     
         145         163  0.97088713475762545     
         150         164  0.97089204221134218     
         151         165  0.97240356105739933     
         154         166  0.96354214432661445     
         168         169   1.6479484675978524     
         169         170   1.1809412073599692     
          90         171   1.1911107824822389     
         170         171   1.2474513334482811     
         171         172   1.2476456361842312     
         172         173   1.1808568722697517     
         173         174   1.6480092449092640     
         174         175   1.1731153791757827     
         167         176  0.48871882287235496     
         172         176   1.2879377087880082     
         175         176   1.2441828455607964     
         175         177   1.3568027511218776     
         177         178   1.3557754387918388     
         178         179   1.1733437764847845     
         179         180   1.6477947760415717     
         180         181   1.1810431983350229     
         167         182  0.48880458973067914     
         178         182   1.2448413077369240     
         181         182   1.2871953119452313     
          91         183   1.1896614512246875     
         181         183   1.2483538870521056     
         183         184   1.2482207959273446     
         184         185   1.1810484050101901     
         185         186   1.6477792464377092     
         186         187   1.1733597721584286     
         167         188  0.48879977631613641     
         184         188   1.2872669120752060     
         187         188   1.2447758332041730     
         187         189   1.3558266809080011     
         168         190   1.1731488285324618     
         189         190   1.3567825329494596     
         167         191  0.48872605101024430     
         170         191   1.2879183725195507     
         190         191   1.2441601117551977     
         168         192  0.97240672393457317     
         169         193  0.97089395380951971     
         173         194  0.97088691461903243     
         174         195  0.97240773326393759     
         177         196  0.96355085902823312     
         179         197  0.97240669412600456     
         180         198  0.97089078836979148     
         185         199  0.97088611187283480     
         186         200  0.97240344366376918     
         189         201  0.96354472168950089     
