    0.19713584
   -0.05065328
   -0.04891387
    0.07816813
    0.01838796
    0.07817030
   -0.04892340
   -0.05064374
    0.07718094
   -0.17095405
   -0.04971162
    0.07838489
   -0.04961084
   -0.04980526
    0.07910590
   -0.16954405
   -0.05146755
    0.07910088
   -0.04980164
   -0.04961407
    0.07838757
   -0.16953043
   -0.04971772
    0.07717606
   -0.17094989
    0.03460727
    0.03548121
    0.03556314
    0.03460038
    0.04995436
    0.03512422
    0.03507056
    0.04923028
    0.03506995
    0.03512596
    0.04995550
    0.19716195
   -0.05065386
   -0.04889953
    0.07817882
    0.01840323
    0.07816273
   -0.04893147
   -0.05065516
    0.07716629
   -0.17093499
   -0.04971415
    0.07837959
   -0.04961278
   -0.04980143
    0.07910717
   -0.16953085
   -0.05146697
    0.07910924
   -0.04979990
   -0.04960906
    0.07838333
   -0.16954243
   -0.04971770
    0.07717388
   -0.17096057
    0.03459848
    0.03551605
    0.03550519
    0.03460990
    0.04996519
    0.03512998
    0.03507606
    0.04923103
    0.03507533
    0.03512817
    0.04996057
   -0.02823883
   -0.02804589
   -0.02809056
   -0.02808757
   -0.02809076
   -0.02806240
   -0.02806698
   -0.02808983
   -0.02803543
   -0.02824680
    0.19871183
   -0.05063604
   -0.04919461
    0.07851316
    0.01827150
    0.07849446
   -0.04923538
   -0.05063843
    0.07659816
   -0.17216803
   -0.04760445
    0.07652381
   -0.05068922
   -0.04924378
    0.07856935
   -0.17201281
    0.01839683
    0.07856380
   -0.04922612
   -0.05069401
    0.07654340
   -0.17204617
   -0.04762689
    0.07661726
   -0.17218445
    0.03418251
    0.03476518
    0.03481385
    0.03418074
    0.05026838
    0.03418100
    0.03491137
    0.03488482
    0.03418426
    0.05026604
    0.19919050
   -0.05067811
   -0.04922837
    0.07858369
    0.01835101
    0.07857098
   -0.04926085
   -0.05066539
    0.07645374
   -0.17203524
   -0.04746071
    0.07645704
   -0.05066490
   -0.04919654
    0.07859933
   -0.17203556
    0.01836256
    0.07856622
   -0.04928741
   -0.05067317
    0.07644803
   -0.17200585
   -0.04745654
    0.07645077
   -0.17203217
    0.03419854
    0.03478608
    0.03487990
    0.03419673
    0.05035384
    0.03419873
    0.03484247
    0.03490943
    0.03421226
    0.05036257
    0.19912659
   -0.05067841
   -0.04927347
    0.07859267
    0.01834973
    0.07858757
   -0.04923764
   -0.05066967
    0.07644437
   -0.17201800
   -0.04746132
    0.07644356
   -0.05068092
   -0.04927323
    0.07855689
   -0.17201746
    0.01836252
    0.07859952
   -0.04921920
   -0.05068692
    0.07644831
   -0.17203127
   -0.04747194
    0.07644732
   -0.17201563
    0.03419139
    0.03490678
    0.03484098
    0.03419325
    0.05035313
    0.03418779
    0.03482732
    0.03478020
    0.03418091
    0.05034946
    0.19870640
   -0.05069738
   -0.04923384
    0.07854991
    0.01841368
    0.07858630
   -0.04922006
   -0.05069968
    0.07652529
   -0.17202881
   -0.04761409
    0.07659555
   -0.05063934
   -0.04923097
    0.07850500
   -0.17217159
    0.01827227
    0.07851941
   -0.04921037
   -0.05064202
    0.07659843
   -0.17217109
   -0.04762317
    0.07652368
   -0.17201501
    0.03418298
    0.03485590
    0.03488788
    0.03417335
    0.05026954
    0.03417674
    0.03479269
    0.03477070
    0.03417439
    0.05027105
