           2           3   1.6510038613007232     
           3           4   1.1739219944792265     
           4           5   1.2560113298869946     
           5           6   1.2560495587346261     
           6           7   1.1739265250719542     
           7           8   1.6510080587068299     
           8           9   1.1665799136023345     
           1          10  0.53336384099220446     
           6          10   1.2863983893308348     
           9          10   1.2502737899814866     
           9          11   1.3540825241281043     
          11          12   1.3525355155026155     
          12          13   1.1580049379534376     
          13          14   1.6659377417034775     
          14          15   1.1575862350988952     
           1          16  0.53527220558226918     
          12          16   1.2626923260430767     
          15          16   1.2652191672095736     
          15          17   1.3515261935728391     
          17          18   1.3515592006876791     
          18          19   1.1575870893748401     
          19          20   1.6659310128892364     
          20          21   1.1580056369349585     
           1          22  0.53521902135233401     
          18          22   1.2651825592272326     
          21          22   1.2627464521529319     
          21          23   1.3524919191703526     
           2          24   1.1665843481286351     
          23          24   1.3541307359493953     
           1          25  0.53343733802613846     
           4          25   1.2864370771874249     
          24          25   1.2502206171619856     
           2          26  0.97228367974184660     
           3          27  0.96847845335504668     
           7          28  0.96858363016271265     
           8          29  0.97228320113826039     
          11          30  0.96381647071285936     
          13          31  0.97219578633546033     
          14          32  0.97221865631727034     
          17          33  0.96420454434049707     
          19          34  0.97221978588400548     
          20          35  0.97219510600538661     
          23          36  0.96381698794251325     
          38          39   1.6509373094699715     
          39          40   1.1739970010179128     
          40          41   1.2560297163231755     
          41          42   1.2558333362720555     
          42          43   1.1739880121660378     
          43          44   1.6509423902088787     
          44          45   1.1666075856976332     
          37          46  0.53350332685764790     
          42          46   1.2864570453320938     
          45          46   1.2502071203093146     
          45          47   1.3541090167584828     
          47          48   1.3525021940681095     
          48          49   1.1580161131372353     
          49          50   1.6659148689844396     
          50          51   1.1575995778758117     
          37          52  0.53542010133301821     
          48          52   1.2627114476101171     
          51          52   1.2651657342983302     
          51          53   1.3515400057632476     
          53          54   1.3515350273374984     
          54          55   1.1575892584584129     
          55          56   1.6659488046845710     
          56          57   1.1579747749872860     
          37          58  0.53533787715489456     
          54          58   1.2651892533524447     
          57          58   1.2627220312881973     
          57          59   1.3525415852371538     
          38          60   1.1665997954288565     
          59          60   1.3540332760834128     
          37          61  0.53354079889728878     
          40          61   1.2863417405669630     
          60          61   1.2502968937831891     
          38          62  0.97228351330709195     
          39          63  0.96850468741673590     
          43          64  0.96843445078791035     
          44          65  0.97228320932160084     
          47          66  0.96381245333877974     
          49          67  0.97219442530355549     
          50          68  0.97221863483371496     
          53          69  0.96420671426567783     
          55          70  0.97221804299520875     
          56          71  0.97219574655276864     
          59          72  0.96381433814686246     
           5          73   1.1692550779111746     
          73          74   2.5765039978210025     
          75          76   2.5702815104293322     
          77          78   2.5697644011946972     
          79          80   2.5702657055647373     
          41          82   1.1694666630767907     
          81          82   2.5763727485393479     
          84          85   1.6501799168317233     
          85          86   1.1743071977051887     
          74          87   1.1709259147077169     
          86          87   1.2537546922058487     
          87          88   1.2535811469405425     
          88          89   1.1743705208955182     
          89          90   1.6500896321992808     
          90          91   1.1674261179218755     
          83          92  0.52933084919184492     
          88          92   1.2889464705717715     
          91          92   1.2491509252736650     
          91          93   1.3536735538908040     
          93          94   1.3538934252420143     
          94          95   1.1677883905846898     
          95          96   1.6493442252431778     
          96          97   1.1750469449453353     
          83          98  0.52935908021431999     
          94          98   1.2485463618234538     
          97          98   1.2899398426868680     
          75          99   1.1759014787362825     
          97          99   1.2513248173832103     
          99         100   1.2515338300289318     
         100         101   1.1750299629194729     
         101         102   1.6493978785274603     
         102         103   1.1677377612393081     
          83         104  0.52946751936014580     
         100         104   1.2897306368968788     
         103         104   1.2486837080136044     
         103         105   1.3538245004804967     
          84         106   1.1673519268391594     
         105         106   1.3537078867977141     
          83         107  0.52912897417513260     
          86         107   1.2889098185445080     
         106         107   1.2492500962302977     
          84         108  0.97231980397149087     
          85         109  0.96859425858989567     
          89         110  0.96869095534543903     
          90         111  0.97231876265302586     
          93         112  0.96351075663250918     
          95         113  0.97232112797661197     
          96         114  0.96767630836541463     
         101         115  0.96752257332549318     
         102         116  0.97231998092847571     
         105         117  0.96351347400716780     
         119         120   1.6489748232785049     
         120         121   1.1752865242218904     
          76         122   1.1760904929900597     
         121         122   1.2511618697758295     
         122         123   1.2511759740059925     
         123         124   1.1753139748958481     
         124         125   1.6489949884759434     
         125         126   1.1680457284742607     
         118         127  0.52984996228434322     
         123         127   1.2897346772430307     
         126         127   1.2482474841826223     
         126         128   1.3538028522307424     
         128         129   1.3537561461893870     
         129         130   1.1680655152240995     
         130         131   1.6489637742385284     
         131         132   1.1753105346900412     
         118         133  0.52975069324057256     
         129         133   1.2482774062029964     
         132         133   1.2897924377903520     
          77         134   1.1762967861383595     
         132         134   1.2512085338411665     
         134         135   1.2509188462362117     
         135         136   1.1753215580517273     
         136         137   1.6489465386496092     
         137         138   1.1680821228227245     
         118         139  0.52979776601549067     
         135         139   1.2898894950181397     
         138         139   1.2481777693859983     
         138         140   1.3538190690656982     
         119         141   1.1680688407189055     
         140         141   1.3537841135066004     
         118         142  0.52972309490816627     
         121         142   1.2898159911432248     
         141         142   1.2482395235898522     
         119         143  0.97232133546064048     
         120         144  0.96753823078212764     
         124         145  0.96769726641639808     
         125         146  0.97232089157708446     
         128         147  0.96347483662700117     
         130         148  0.97232253888653419     
         131         149  0.96778624706607030     
         136         150  0.96762160547249287     
         137         151  0.97231947546663355     
         140         152  0.96347193470501002     
         154         155   1.6490063512106006     
         155         156   1.1752763814365739     
          78         157   1.1762791940441055     
         156         157   1.2510927445172841     
         157         158   1.2510634630065631     
         158         159   1.1752726196073811     
         159         160   1.6490177923770437     
         160         161   1.1680206857126518     
         153         162  0.52962779201695276     
         158         162   1.2899394471386236     
         161         162   1.2482513569103262     
         161         163   1.3538515206578237     
         163         164   1.3537451614165557     
         164         165   1.1680443258984154     
         165         166   1.6489775145514565     
         166         167   1.1753265187747444     
         153         168  0.52966778696045580     
         164         168   1.2483265975117392     
         167         168   1.2898065181818241     
          79         169   1.1761298236596009     
         167         169   1.2510726209142871     
         169         170   1.2512373898426721     
         170         171   1.1752941397312928     
         171         172   1.6489944242361139     
         172         173   1.1680331164062057     
         153         174  0.52966188974988504     
         170         174   1.2898008355497856     
         173         174   1.2483290562652123     
         173         175   1.3537702830225145     
         154         176   1.1680264513839518     
         175         176   1.3538157656878111     
         153         177  0.52971321852290687     
         156         177   1.2898738528168803     
         176         177   1.2482846524260074     
         154         178  0.97232122267335097     
         155         179  0.96761811934630837     
         159         180  0.96778111694693891     
         160         181  0.97232135319113588     
         163         182  0.96347483930351152     
         165         183  0.97232085450837347     
         166         184  0.96756816202221019     
         171         185  0.96750737784104945     
         172         186  0.97232168412814746     
         175         187  0.96347682687898750     
         189         190   1.6493552657138495     
         190         191   1.1750830192847881     
          80         192   1.1759615265345587     
         191         192   1.2513695404504255     
         192         193   1.2514300870308321     
         193         194   1.1750727994483692     
         194         195   1.6493361485178646     
         195         196   1.1677816443368203     
         188         197  0.52928668778169163     
         193         197   1.2898473420803045     
         196         197   1.2486420889817529     
         196         198   1.3538225569383773     
         198         199   1.3537280084057481     
         199         200   1.1673751815463982     
         200         201   1.6501245917072809     
         201         202   1.1743707729902790     
         188         203  0.52912517033873319     
         199         203   1.2491772231443998     
         202         203   1.2889953018756897     
          81         204   1.1711375779145641     
         202         204   1.2535346439094495     
         204         205   1.2536115163252830     
         205         206   1.1743639376083204     
         206         207   1.6501253173352493     
         207         208   1.1673754966534229     
         188         209  0.52908161031967338     
         205         209   1.2889790010885880     
         208         209   1.2492245562957653     
         208         210   1.3537056875955933     
         189         211   1.1677629285988986     
         210         211   1.3538235320632879     
         188         212  0.52934946513088976     
         191         212   1.2898067888827105     
         211         212   1.2486637213558096     
         189         213  0.97232042173823929     
         190         214  0.96750214084319219     
         194         215  0.96754358314993616     
         195         216  0.97232164798068388     
         198         217  0.96350785831668118     
         200         218  0.97231904172313643     
         201         219  0.96860770615608793     
         206         220  0.96854709476424949     
         207         221  0.97232002077386659     
         210         222  0.96351066858413059     
