    0.24462699
   -0.05197840
   -0.05038156
    0.07728522
    0.01697993
    0.07731235
   -0.05034241
   -0.05198217
    0.07563774
   -0.17680532
   -0.04973430
    0.07691632
   -0.05101267
   -0.05114898
    0.07742464
   -0.17473900
   -0.05149167
    0.07742652
   -0.05115054
   -0.05101330
    0.07691350
   -0.17475563
   -0.04972292
    0.07562465
   -0.17675190
    0.03371841
    0.03542401
    0.03545169
    0.03370138
    0.04924334
    0.03430920
    0.03423316
    0.04861074
    0.03423086
    0.03430699
    0.04925101
    0.24461602
   -0.05197943
   -0.05039565
    0.07725721
    0.01697512
    0.07730444
   -0.05033566
   -0.05197599
    0.07566583
   -0.17685055
   -0.04977419
    0.07692151
   -0.05101384
   -0.05114636
    0.07742222
   -0.17473987
   -0.05150829
    0.07742648
   -0.05115081
   -0.05101574
    0.07691827
   -0.17477518
   -0.04975343
    0.07564712
   -0.17676187
    0.03372503
    0.03547030
    0.03547756
    0.03370103
    0.04922533
    0.03430570
    0.03422875
    0.04860044
    0.03422377
    0.03430086
    0.04923930
   -0.02033344
   -0.01001656
   -0.00926974
   -0.02115030
   -0.02047822
   -0.00961606
   -0.00935253
   -0.02074767
   -0.02052636
   -0.00946913
   -0.00938297
   -0.02061822
   -0.02056292
   -0.00941299
   -0.00941297
   -0.02056200
   -0.02061774
   -0.00938016
   -0.00947299
   -0.02052690
   -0.02075518
   -0.00935333
   -0.00962332
   -0.02048689
   -0.02111356
   -0.00923587
   -0.00999304
   -0.02028291
    0.24635572
   -0.05181342
   -0.05036799
    0.07745658
    0.01743676
    0.07749058
   -0.05032809
   -0.05181642
    0.07516531
   -0.17685346
   -0.04759982
    0.07510621
   -0.05177290
   -0.05044015
    0.07756540
   -0.17686828
    0.01702643
    0.07758349
   -0.05043671
   -0.05177333
    0.07510992
   -0.17690979
   -0.04759507
    0.07515730
   -0.17681016
    0.03385598
    0.03557076
    0.03559681
    0.03383713
    0.04995922
    0.03384683
    0.03543161
    0.03543646
    0.03384096
    0.04996403
    0.24639387
   -0.05176877
   -0.05037360
    0.07755725
    0.01730883
    0.07754271
   -0.05039266
   -0.05176660
    0.07513017
   -0.17676766
   -0.04748942
    0.07512295
   -0.05175253
   -0.05041553
    0.07758082
   -0.17681631
    0.01716969
    0.07758428
   -0.05040008
   -0.05175262
    0.07512703
   -0.17680878
   -0.04749839
    0.07513959
   -0.17680396
    0.03391159
    0.03554730
    0.03555193
    0.03392028
    0.05006204
    0.03391505
    0.03549823
    0.03549317
    0.03391286
    0.05005635
    0.24639810
   -0.05175299
   -0.05038627
    0.07757440
    0.01727170
    0.07757139
   -0.05038234
   -0.05175230
    0.07513969
   -0.17678204
   -0.04748159
    0.07513738
   -0.05174830
   -0.05038427
    0.07758567
   -0.17678227
    0.01723387
    0.07757507
   -0.05039704
   -0.05174966
    0.07513612
   -0.17678904
   -0.04747904
    0.07513859
   -0.17677498
    0.03394044
    0.03554349
    0.03553944
    0.03393893
    0.05008611
    0.03393691
    0.03552217
    0.03552943
    0.03393995
    0.05008826
    0.24639650
   -0.05174746
   -0.05039091
    0.07758067
    0.01723232
    0.07757946
   -0.05039124
   -0.05175068
    0.07513735
   -0.17679054
   -0.04747942
    0.07513896
   -0.05175422
   -0.05038224
    0.07757496
   -0.17677951
    0.01726980
    0.07757079
   -0.05038595
   -0.05175041
    0.07513870
   -0.17677668
   -0.04748077
    0.07513525
   -0.17677689
    0.03393804
    0.03552706
    0.03552406
    0.03393768
    0.05008675
    0.03393849
    0.03553990
    0.03554256
    0.03393916
    0.05008682
    0.24639444
   -0.05175274
   -0.05042015
    0.07757010
    0.01716596
    0.07759303
   -0.05039515
   -0.05175280
    0.07512777
   -0.17681347
   -0.04750165
    0.07513961
   -0.05176790
   -0.05037249
    0.07755379
   -0.17680310
    0.01731084
    0.07754404
   -0.05039276
   -0.05176876
    0.07513194
   -0.17677282
   -0.04749045
    0.07512256
   -0.17681161
    0.03391557
    0.03550053
    0.03549033
    0.03391051
    0.05005257
    0.03391077
    0.03555283
    0.03554604
    0.03391892
    0.05006153
    0.24634912
   -0.05177209
   -0.05043674
    0.07757300
    0.01701826
    0.07758134
   -0.05042928
   -0.05177127
    0.07511939
   -0.17691089
   -0.04762416
    0.07518586
   -0.05180787
   -0.05037993
    0.07742829
   -0.17681680
    0.01744143
    0.07749059
   -0.05031632
   -0.05181281
    0.07520124
   -0.17689628
   -0.04763506
    0.07511978
   -0.17688134
    0.03384920
    0.03543410
    0.03544302
    0.03384354
    0.04995959
    0.03386882
    0.03562687
    0.03563556
    0.03384523
    0.04994909
