           2           3   1.6504603028029681     
           3           4   1.1792897170535788     
           4           5   1.2516024186300898     
           5           6   1.2519534737264082     
           6           7   1.1792686917609059     
           7           8   1.6504788286340908     
           8           9   1.1710240876141707     
           1          10  0.48893244019383542     
           6          10   1.2861012506687279     
           9          10   1.2468042072423480     
           9          11   1.3576815735529912     
          11          12   1.3538270261607181     
          12          13   1.1628077161327119     
          13          14   1.6655946684105971     
          14          15   1.1620709275762147     
           1          16  0.49140485377523047     
          12          16   1.2609728107283991     
          15          16   1.2631890302638205     
          15          17   1.3540949603536632     
          17          18   1.3540639355614852     
          18          19   1.1620690620308489     
          19          20   1.6655869282136946     
          20          21   1.1628148845455377     
           1          22  0.49133531466461428     
          18          22   1.2632220049012077     
          21          22   1.2609807063999625     
          21          23   1.3538139578835608     
           2          24   1.1710615819944317     
          23          24   1.3577248126264572     
           1          25  0.48896269921537910     
           4          25   1.2862072795745640     
          24          25   1.2466969076714305     
           2          26  0.97242314943718866     
           3          27  0.97097405048308094     
           7          28  0.97097703769910326     
           8          29  0.97242615044514680     
          11          30  0.96390742240248051     
          13          31  0.97233670123971006     
          14          32  0.97235611740566086     
          17          33  0.96423635492109516     
          19          34  0.97235685078392531     
          20          35  0.97233668435704901     
          23          36  0.96390350268308189     
          38          39   1.6506127825930172     
          39          40   1.1791563615525980     
          40          41   1.2519966031804488     
          41          42   1.2525545314194462     
          42          43   1.1791343508663532     
          43          44   1.6506338265730189     
          44          45   1.1709411993828287     
          37          46  0.48891499770539393     
          42          46   1.2857853863601356     
          45          46   1.2470118434137349     
          45          47   1.3575879029047195     
          47          48   1.3539210211723838     
          48          49   1.1627740171326040     
          49          50   1.6656405614492142     
          50          51   1.1620524590000976     
          37          52  0.49148731907139626     
          48          52   1.2609520358695723     
          51          52   1.2631660550232078     
          51          53   1.3541346347637844     
          53          54   1.3540835402217235     
          54          55   1.1620462281806292     
          55          56   1.6656310625902995     
          56          57   1.1627825372657463     
          37          58  0.49132694615786743     
          54          58   1.2632255990206596     
          57          58   1.2609835276004104     
          57          59   1.3538826528727725     
          38          60   1.1709948369404377     
          59          60   1.3576691821086500     
          37          61  0.48899196084709357     
          40          61   1.2859902778117620     
          60          61   1.2468291278073713     
          38          62  0.97242202575209691     
          39          63  0.97095643285918454     
          43          64  0.97097350697778895     
          44          65  0.97242522203804038     
          47          66  0.96390909327950147     
          49          67  0.97233680033828784     
          50          68  0.97235574029079896     
          53          69  0.96423621072854593     
          55          70  0.97235717275604505     
          56          71  0.97233703221452517     
          59          72  0.96390546738505467     
           5          73   1.1845134949610074     
          73          74   2.4702047532106381     
          74          75   1.3050530750058107     
          73          76  0.20283771929376210     
          75          76   2.4686103210695340     
          77          78   2.4658857785841048     
          78          79   1.3073328644786444     
          77          80  0.20243095234638891     
          79          80   2.4658021891175768     
          81          82   2.4657050653214343     
          82          83   1.3074132054906120     
          81          84  0.20239955479599131     
          83          84   2.4656904316779742     
          85          86   2.4657255647624496     
          86          87   1.3073839719047839     
          85          88  0.20238753008582613     
          87          88   2.4657309462791299     
          89          90   2.4657437637502992     
          90          91   1.3073802815777769     
          89          92  0.20238896460964095     
          91          92   2.4657393402570080     
          93          94   2.4658223156260659     
          94          95   1.3073233082299440     
          93          96  0.20245704052093266     
          95          96   2.4659350562152271     
          97          98   2.4694623886863010     
          98          99   1.3041052299701701     
          41         100   1.1834679479611967     
          97         100  0.20264644570906626     
          99         100   2.4710693357432825     
         102         103   1.6478783446730048     
         103         104   1.1809718961293039     
          76         105   1.1867824315057403     
         104         105   1.2493205120797046     
         105         106   1.2496517660227511     
         106         107   1.1809560741276783     
         107         108   1.6478834551681030     
         108         109   1.1732632733824186     
         101         110  0.48877689590714141     
         106         110   1.2871322098575155     
         109         110   1.2451032982882022     
         109         111   1.3556730447309300     
         111         112   1.3567664884872572     
         112         113   1.1730836005211018     
         113         114   1.6480564427912836     
         114         115   1.1808438615878596     
         101         116  0.48881739246661837     
         112         116   1.2443425402348214     
         115         116   1.2878645740981820     
          77         117   1.1881259201333112     
         115         117   1.2486715988377262     
         117         118   1.2487858016917641     
         118         119   1.1808433176177351     
         119         120   1.6480416243358946     
         120         121   1.1730843695656978     
         101         122  0.48873412112679343     
         118         122   1.2878356140794831     
         121         122   1.2443774621647323     
         121         123   1.3567474434854647     
         102         124   1.1732826771293339     
         123         124   1.3557231419457085     
         101         125  0.48879849767970779     
         104         125   1.2872161185214388     
         124         125   1.2450137415468627     
         102         126  0.97241190982887260     
         103         127  0.97097634483892536     
         107         128  0.97098153371945972     
         108         129  0.97241504272924340     
         111         130  0.96356933114921905     
         113         131  0.97241229888353076     
         114         132  0.97098959752625758     
         119         133  0.97098923077570420     
         120         134  0.97241283655841615     
         123         135  0.96356533908959130     
         137         138   1.6477440424739433     
         138         139   1.1810806984158724     
          80         140   1.1882827469277704     
         139         140   1.2487391601670297     
         140         141   1.2485918655318997     
         141         142   1.1810722304792058     
         142         143   1.6477399355129148     
         143         144   1.1733333475284167     
         136         145  0.48876069456171811     
         141         145   1.2877124669490665     
         144         145   1.2446249622155592     
         144         146   1.3560615313355513     
         146         147   1.3564191458111092     
         147         148   1.1732027926336344     
         148         149   1.6478928180243080     
         149         150   1.1809558086312197     
         136         151  0.48868622006945939     
         147         151   1.2444670723385607     
         150         151   1.2878612202735784     
          81         152   1.1882909857958004     
         150         152   1.2485597293268555     
         152         153   1.2486772320391937     
         153         154   1.1809740308611709     
         154         155   1.6478758844576804     
         155         156   1.1732113838570399     
         136         157  0.48877561464436259     
         153         157   1.2877844401286467     
         156         157   1.2444771095366232     
         156         158   1.3564132598623480     
         137         159   1.1733051710679434     
         158         159   1.3560363124301575     
         136         160  0.48871513989883109     
         139         160   1.2876408824009884     
         159         160   1.2447026493940636     
         137         161  0.97241127870019506     
         138         162  0.97098448648082059     
         142         163  0.97098237895742723     
         143         164  0.97240876468980164     
         146         165  0.96355151806063688     
         148         166  0.97240905018355517     
         149         167  0.97098604990376181     
         154         168  0.97098705500998173     
         155         169  0.97240894309347503     
         158         170  0.96355388991267565     
         172         173   1.6478063200480486     
         173         174   1.1810265193488672     
          84         175   1.1883205832743493     
         174         175   1.2486133462237943     
         175         176   1.2486423120740768     
         176         177   1.1810388977773971     
         177         178   1.6478019458937538     
         178         179   1.1732638527675219     
         171         180  0.48872865921205327     
         176         180   1.2877274713811597     
         179         180   1.2446089086105847     
         179         181   1.3561809225367163     
         181         182   1.3562716509751149     
         182         183   1.1732353358939602     
         183         184   1.6478411094194252     
         184         185   1.1810068065812014     
         171         186  0.48873869486520083     
         182         186   1.2445620714047629     
         185         186   1.2877596634659296     
          85         187   1.1882938390171980     
         185         187   1.2486550200129518     
         187         188   1.2485996967379218     
         188         189   1.1809949722623811     
         189         190   1.6478503026908737     
         190         191   1.1732334009909622     
         171         192  0.48871422246296731     
         188         192   1.2877895190643491     
         191         192   1.2445438120882080     
         191         193   1.3562851103568314     
         172         194   1.1732680984281001     
         193         194   1.3561871970038037     
         171         195  0.48872887608267773     
         174         195   1.2877545591591693     
         194         195   1.2445893680996141     
         172         196  0.97240782244955548     
         173         197  0.97098136525935419     
         177         198  0.97098697420618163     
         178         199  0.97240847161137345     
         181         200  0.96354906277349683     
         183         201  0.97240789342507672     
         184         202  0.97098710883972561     
         189         203  0.97098299059832394     
         190         204  0.97240757822282275     
         193         205  0.96354790985206007     
         207         208   1.6478410641601089     
         208         209   1.1810097852017611     
          88         210   1.1882873735750592     
         209         210   1.2486306046947266     
         210         211   1.2486280452495571     
         211         212   1.1809823842110461     
         212         213   1.6478574352572075     
         213         214   1.1732321805583932     
         206         215  0.48871051633907070     
         211         215   1.2877969847733317     
         214         215   1.2445471986680570     
         214         216   1.3562816242896825     
         216         217   1.3561938472502375     
         217         218   1.1732613372561200     
         218         219   1.6478184466340329     
         219         220   1.1810129739728439     
         206         221  0.48872715971692038     
         217         221   1.2445870088199920     
         220         221   1.2877665408944783     
          89         222   1.1882971912643492     
         220         222   1.2486386302417025     
         222         223   1.2486332675898471     
         223         224   1.1810331153693454     
         224         225   1.6478098953017519     
         225         226   1.1732617556841944     
         206         227  0.48871597858938071     
         223         227   1.2877319192256864     
         226         227   1.2446146501100255     
         226         228   1.3561754767211482     
         207         229   1.1732366951801012     
         228         229   1.3562778166570713     
         206         230  0.48874964379730362     
         209         230   1.2877587693618633     
         229         230   1.2445543116552229     
         207         231  0.97240774414383102     
         208         232  0.97098942381238706     
         212         233  0.97098103719073214     
         213         234  0.97240773629534139     
         216         235  0.96354859357362554     
         218         236  0.97240796665019136     
         219         237  0.97097700984334034     
         224         238  0.97099135641383905     
         225         239  0.97240829992217659     
         228         240  0.96354809044878864     
         242         243   1.6478811971758700     
         243         244   1.1809648222580005     
          92         245   1.1882751118451751     
         244         245   1.2485539171955726     
         245         246   1.2486965399250509     
         246         247   1.1809597277729920     
         247         248   1.6478932338522947     
         248         249   1.1731977468531998     
         241         250  0.48876005155306246     
         246         250   1.2877944054033605     
         249         250   1.2444837030338249     
         249         251   1.3564210245794657     
         251         252   1.3560364171278425     
         252         253   1.1733078673407624     
         253         254   1.6477548460011238     
         254         255   1.1810644399816470     
         241         256  0.48873621380035881     
         252         256   1.2446982923040000     
         255         256   1.2876292304319670     
          93         257   1.1882704200475471     
         255         257   1.2487845347747566     
         257         258   1.2485643576743781     
         258         259   1.1810688068551298     
         259         260   1.6477510021558075     
         260         261   1.1733243269344733     
         241         262  0.48872695528986732     
         258         262   1.2877232944001074     
         261         262   1.2446431225688288     
         261         263   1.3560598782897646     
         242         264   1.1732218102455056     
         263         264   1.3564225660770073     
         241         265  0.48872339336471549     
         244         265   1.2878468238575642     
         264         265   1.2444517421461074     
         242         266  0.97240836256394392     
         243         267  0.97098789964844245     
         247         268  0.97098477993575838     
         248         269  0.97240946641398718     
         251         270  0.96355426209951989     
         253         271  0.97241066892350958     
         254         272  0.97098511897815298     
         259         273  0.97098188068420288     
         260         274  0.97240957056955502     
         263         275  0.96355143407334509     
         277         278   1.6481021770899860     
         278         279   1.1808120437251417     
          96         280   1.1880673531053954     
         279         280   1.2487594750990245     
         280         281   1.2488103215799173     
         281         282   1.1808030892515118     
         282         283   1.6481045774566767     
         283         284   1.1730405799226673     
         276         285  0.48877038350780999     
         281         285   1.2878314664702224     
         284         285   1.2443757911654210     
         284         286   1.3568220664325168     
         286         287   1.3556342513432382     
         287         288   1.1732233329413559     
         288         289   1.6480083689339842     
         289         290   1.1808643898347155     
         276         291  0.48882598737705946     
         287         291   1.2451760299225560     
         290         291   1.2869419082040203     
          97         292   1.1857505841354019     
         290         292   1.2497467316543287     
         292         293   1.2502092371450724     
         293         294   1.1808002952670822     
         294         295   1.6480463682012396     
         295         296   1.1731732219762061     
         276         297  0.48876288977292548     
         293         297   1.2868654377871604     
         296         297   1.2452760988615563     
         296         298   1.3556048929446076     
         277         299   1.1730461810355428     
         298         299   1.3568446399332212     
         276         300  0.48885611834763559     
         279         300   1.2878300572141184     
         299         300   1.2443313256262425     
         277         301  0.97241189182515775     
         278         302  0.97098565086662614     
         282         303  0.97099178287934274     
         283         304  0.97241252047860316     
         286         305  0.96356717202986741     
         288         306  0.97241048226711824     
         289         307  0.97097546881406127     
         294         308  0.97096041094435814     
         295         309  0.97241377735905699     
         298         310  0.96357036624600689     
