   -0.05463175
   -0.05308050
    0.08726440
    0.01134362
    0.06422331
   -0.04994402
   -0.05171610
    0.06433566
   -0.08113330
   -0.05486132
    0.08687984
   -0.05369092
   -0.05371389
    0.08654953
   -0.32076378
   -0.05654214
    0.06510567
   -0.05096351
   -0.05080064
    0.06575158
   -0.08080758
   -0.05487442
    0.08565868
   -0.32490057
    0.01877946
    0.02124729
    0.04337803
    0.04153411
    0.21412126
    0.04713373
    0.01963437
    0.01966507
    0.04636426
    0.04210235
    0.04206349
    0.21440354
    0.04720676
   -0.05462986
   -0.05305723
    0.08726502
    0.01134970
    0.06418068
   -0.04997046
   -0.05172075
    0.06434586
   -0.08111760
   -0.05483732
    0.08687270
   -0.05368759
   -0.05371778
    0.08654541
   -0.32073799
   -0.05654613
    0.06509046
   -0.05095988
   -0.05079602
    0.06576830
   -0.08082898
   -0.05487359
    0.08566334
   -0.32489181
    0.01876561
    0.02123575
    0.04338784
    0.04153678
    0.21414429
    0.04715043
    0.01963515
    0.01967199
    0.04636596
    0.04210587
    0.04206054
    0.21441595
    0.04720853
   -0.02013488
   -0.01196077
   -0.00293418
   -0.00375129
   -0.01096245
   -0.02098789
   -0.02029770
   -0.01124907
   -0.00294962
   -0.00318217
   -0.01100336
   -0.02052272
   -0.02037771
   -0.01106425
   -0.00302722
   -0.00302587
   -0.01107574
   -0.02036834
   -0.02052057
   -0.01100457
   -0.00317812
   -0.00294788
   -0.01123248
   -0.02030845
   -0.02101095
   -0.01095026
   -0.00375660
   -0.00294379
   -0.01197283
   -0.02015192
   -0.05439418
   -0.05293176
    0.08714102
    0.01196822
    0.06372850
   -0.05015924
   -0.05171805
    0.06412804
   -0.08114171
   -0.05261920
    0.08537446
   -0.05435760
   -0.05300726
    0.08724121
   -0.32411416
    0.01150031
    0.06378247
   -0.05023799
   -0.05166224
    0.06410617
   -0.08125918
   -0.05254065
    0.08538684
   -0.32396254
    0.01900939
    0.02137883
    0.04328148
    0.04149419
    0.21440258
    0.04799385
    0.01903632
    0.02130312
    0.04316328
    0.04148447
    0.21440197
    0.04800819
   -0.05434844
   -0.05299828
    0.08722876
    0.01178902
    0.06379507
   -0.05017275
   -0.05166411
    0.06412413
   -0.08110990
   -0.05248135
    0.08538742
   -0.05433862
   -0.05299792
    0.08725038
   -0.32395157
    0.01171145
    0.06384837
   -0.05019334
   -0.05165466
    0.06409172
   -0.08110162
   -0.05246640
    0.08537701
   -0.32394533
    0.01912494
    0.02140946
    0.04327754
    0.04156753
    0.21439703
    0.04810193
    0.01912240
    0.02137597
    0.04325304
    0.04157392
    0.21439687
    0.04811094
   -0.05434212
   -0.05298134
    0.08725359
    0.01170663
    0.06381214
   -0.05020633
   -0.05165276
    0.06410543
   -0.08112286
   -0.05246448
    0.08538225
   -0.05434818
   -0.05298003
    0.08722845
   -0.32393079
    0.01179357
    0.06379281
   -0.05018413
   -0.05166165
    0.06411648
   -0.08111093
   -0.05248524
    0.08538961
   -0.32396128
    0.01911738
    0.02137144
    0.04325207
    0.04157204
    0.21441695
    0.04811200
    0.01911620
    0.02140087
    0.04327833
    0.04157234
    0.21441346
    0.04810596
   -0.05435719
   -0.05300022
    0.08722162
    0.01151886
    0.06380828
   -0.05024551
   -0.05166237
    0.06408150
   -0.08126485
   -0.05253920
    0.08537324
   -0.05439543
   -0.05294614
    0.08710538
   -0.32395066
    0.01195822
    0.06371319
   -0.05015093
   -0.05172646
    0.06415401
   -0.08119347
   -0.05260202
    0.08538234
   -0.32406045
    0.01903159
    0.02129144
    0.04316006
    0.04148272
    0.21441277
    0.04802072
    0.01900721
    0.02138004
    0.04326208
    0.04147517
    0.21441885
    0.04799692
