           1           2   1.7165955934954757     
           2           3   1.1215209275430826     
           3           4   1.2422152638128219     
           4           5   1.2471851968782526     
           5           6   1.2372913887098291     
           6           7   1.5923973954637023     
           7           8   1.2240531794992577     
           5           9   1.2259968000784296     
           8           9   1.2017908118554146     
           8          10   1.3446140845530266     
          10          11   1.3569894809183056     
          11          12   1.1067631447547883     
          12          13   1.7310099755836308     
          13          14   1.1088212616371040     
          11          15   1.3242187727681665     
          14          15   1.3250978263843822     
          14          16   1.3538769304364879     
          16          17   1.3465694766203882     
          17          18   1.2156404242988150     
          18          19   1.6081457616981862     
          19          20   1.2152227677904974     
          17          21   1.2097897592158264     
          20          21   1.2113653292502209     
          20          22   1.3416811598208587     
           1          23   1.1148607334905132     
          22          23   1.3669747125403648     
           3          24   1.3621573443962771     
          23          24   1.2984975346955401     
           1          25  0.97278136930800974     
           2          26  0.97141822770835340     
           6          27  0.97182200123313955     
           7          28  0.97291360150970541     
           9          29  0.89999468778669489     
          10          30  0.96368303927909127     
          12          31  0.97273851872467232     
          13          32  0.97278702760816749     
          16          33  0.96470066367534824     
          18          34  0.97287947574282629     
          19          35  0.97281333725683350     
          21          36  0.90035311451653188     
          22          37  0.96351884960912693     
          38          39   1.7165621075297293     
          39          40   1.1215709264578551     
          40          41   1.2422871686304746     
          41          42   1.2468338714226284     
          42          43   1.2374297419934959     
          43          44   1.5922847063449106     
          44          45   1.2241022899664351     
          42          46   1.2260771822940981     
          45          46   1.2018032224640356     
          45          47   1.3445365853561024     
          47          48   1.3570628456051663     
          48          49   1.1067764448935618     
          49          50   1.7309870953642725     
          50          51   1.1088428268788160     
          48          52   1.3241175870439434     
          51          52   1.3251780490790959     
          51          53   1.3537936443402538     
          53          54   1.3466061043895481     
          54          55   1.2156326772153085     
          55          56   1.6081827806900411     
          56          57   1.2151664653033103     
          54          58   1.2097721880084880     
          57          58   1.2113996399706741     
          57          59   1.3416853291383610     
          38          60   1.1148498045222957     
          59          60   1.3669419964119789     
          40          61   1.3621290265979125     
          60          61   1.2985331441667771     
          38          62  0.97278120103175525     
          39          63  0.97142494469708385     
          43          64  0.97182383899520153     
          44          65  0.97291236972566908     
          46          66  0.89991702321977451     
          47          67  0.96367179208471276     
          49          68  0.97273735892824353     
          50          69  0.97278821777315838     
          53          70  0.96471146995044454     
          55          71  0.97287888200085726     
          56          72  0.97281233192142325     
          58          73  0.90029150210924880     
          59          74  0.96351161256647133     
           4          75   1.1939067386819984     
          75          76   2.4346934541359713     
          76          77   1.3368953173280027     
          75          78  0.19170054964456068     
          77          78   2.3492060098439160     
          78          79   1.3380360891624912     
          77          80  0.19137998453768190     
          79          80   2.4309911653493215     
          81          82   2.4280912822343783     
          82          83   1.3405505844155470     
          81          84  0.19105692685893749     
          83          84   2.3446989025966549     
          84          85   1.3406019048023319     
          83          86  0.19104173388461346     
          85          86   2.4279502194391558     
          87          88   2.4278861705777595     
          88          89   1.3406794122977741     
          87          90  0.19103696995470332     
          89          90   2.3445370989105085     
          90          91   1.3406564552631957     
          89          92  0.19101638529009757     
          91          92   2.4278975061383585     
          93          94   2.4280462372368148     
          94          95   1.3405115571181985     
          93          96  0.19100944910287249     
          95          96   2.3447924480635995     
          96          97   1.3404976585427153     
          95          98  0.19103553153423120     
          97          98   2.4281217321981226     
          99         100   2.4307353565817875     
         100         101   1.3382623467285966     
          99         102  0.19137538983416891     
         101         102   2.3489738991068059     
         102         103   1.3371352305364725     
          41         104   1.1942258442192815     
         101         104  0.19171474117561910     
         103         104   2.4344445303267923     
         105         106   1.7156090375462518     
         106         107   1.1234030812682698     
          80         108   1.1984370534323014     
         107         108   1.2401766458158741     
         108         109   1.2424769987221866     
         109         110   1.2416222706480045     
         110         111   1.5869540198759025     
         111         112   1.2283935750553538     
         109         113   1.2265201448132645     
         112         113   1.2032923208143822     
         112         114   1.3349879933117359     
         114         115   1.3724771369881124     
         115         116   1.1149084123387074     
         116         117   1.7157616626923213     
         117         118   1.1232062998473418     
         115         119   1.2937879610018319     
         118         119   1.3639939288503931     
          81         120   1.1999330502913474     
         118         120   1.2389318988652482     
         120         121   1.2420980032811690     
         121         122   1.2415239191819225     
         122         123   1.5871472043904302     
         123         124   1.2280890460566263     
         121         125   1.2269041174055575     
         124         125   1.2027874895966535     
         124         126   1.3360261947017258     
         105         127   1.1149855606712897     
         126         127   1.3711976998414110     
         107         128   1.3627877972137545     
         127         128   1.2949979689887940     
         105         129  0.97276295065865515     
         106         130  0.97152517300102614     
         110         131  0.97198376519615159     
         111         132  0.97290688035503481     
         113         133  0.89793624055626153     
         114         134  0.96298338561019459     
         116         135  0.97275784080685013     
         117         136  0.97150838360308289     
         122         137  0.97200789169429669     
         123         138  0.97290627563636312     
         125         139  0.89784123327715426     
         126         140  0.96298488039406582     
         141         142   1.7156209597478154     
         142         143   1.1233185290217065     
          86         144   1.2000961269701855     
         143         144   1.2388926523541262     
         144         145   1.2420107844689900     
         145         146   1.2417758327824995     
         146         147   1.5867532190370421     
         147         148   1.2284834962963265     
         145         149   1.2268052119832584     
         148         149   1.2030792539212358     
         148         150   1.3351451399170386     
         150         151   1.3722878153929785     
         151         152   1.1149214788396291     
         152         153   1.7157408378330545     
         153         154   1.1232367973031978     
         151         155   1.2939317267479287     
         154         155   1.3639546327694716     
          87         156   1.2000939541752145     
         154         156   1.2388701699445157     
         156         157   1.2419523818402136     
         157         158   1.2416593223156580     
         158         159   1.5868611642559869     
         159         160   1.2284180111832756     
         157         161   1.2269393981066370     
         160         161   1.2029165647367601     
         160         162   1.3354011990776904     
         141         163   1.1150263142339911     
         162         163   1.3720521405486099     
         143         164   1.3638146464107193     
         163         164   1.2940190438902681     
         141         165  0.97275758894703512     
         142         166  0.97150979881393651     
         146         167  0.97199406192072391     
         147         168  0.97290267433889710     
         149         169  0.89797415196860020     
         150         170  0.96297993110170355     
         152         171  0.97275728233667447     
         153         172  0.97152256091457068     
         158         173  0.97198749708426313     
         159         174  0.97290167780899739     
         161         175  0.89800440069840848     
         162         176  0.96297765473451535     
         177         178   1.7157177646090216     
         178         179   1.1232642436509821     
          92         180   1.2001193978765736     
         179         180   1.2389691266532799     
         180         181   1.2418531889395541     
         181         182   1.2417077757789070     
         182         183   1.5868474313645815     
         183         184   1.2283949888505603     
         181         185   1.2269299943524610     
         184         185   1.2029502750226768     
         184         186   1.3353926746642972     
         186         187   1.3720310771122786     
         187         188   1.1149983183119072     
         188         189   1.7156281725124320     
         189         190   1.1233316723369879     
         187         191   1.2940835480331643     
         190         191   1.3637638354283044     
          93         192   1.2000699790666105     
         190         192   1.2390170980479724     
         192         193   1.2419018223807747     
         193         194   1.2417722624784475     
         194         195   1.5867789187978516     
         195         196   1.2284555337569387     
         193         197   1.2268463136148402     
         196         197   1.2030630030142369     
         196         198   1.3351848525715631     
         177         199   1.1149216880669666     
         198         199   1.3722454466944081     
         179         200   1.3638833535373758     
         199         200   1.2939694679835931     
         177         201  0.97275741890347189     
         178         202  0.97151400668775156     
         182         203  0.97199539997861195     
         183         204  0.97290172764466132     
         185         205  0.89792079004360115     
         186         206  0.96297254545585753     
         188         207  0.97275805123256942     
         189         208  0.97151603557296951     
         194         209  0.97199131627961710     
         195         210  0.97290205246366135     
         197         211  0.89792924314262546     
         198         212  0.96297422099255214     
         213         214   1.7157737782607614     
         214         215   1.1232521312779309     
          98         216   1.1999685806454479     
         215         216   1.2389644066117200     
         216         217   1.2420013927152533     
         217         218   1.2415279995700641     
         218         219   1.5871297866106899     
         219         220   1.2281102862637221     
         217         221   1.2269870977227226     
         220         221   1.2027462379453930     
         220         222   1.3360208183277140     
         222         223   1.3712291406976078     
         223         224   1.1150323145594125     
         224         225   1.7154972420554704     
         225         226   1.1235418844188503     
         223         227   1.2949009154929008     
         226         227   1.3628124380528563     
          99         228   1.1987839396642865     
         226         228   1.2399065949490464     
         228         229   1.2424092646334128     
         229         230   1.2417201324780685     
         230         231   1.5868990906609577     
         231         232   1.2283682375775471     
         229         233   1.2265362745579569     
         232         233   1.2033503564186034     
         232         234   1.3349663365912454     
         213         235   1.1148477469624081     
         234         235   1.3724542524177283     
         215         236   1.3639267677685813     
         235         236   1.2938926375872108     
         213         237  0.97275913823304316     
         214         238  0.97152767181848643     
         218         239  0.97200290535733336     
         219         240  0.97290646868269037     
         221         241  0.89778848755609875     
         222         242  0.96297032073875011     
         224         243  0.97276177515233009     
         225         244  0.97153728814647311     
         230         245  0.97199222875449975     
         231         246  0.97290752254516732     
         233         247  0.89777862825292620     
         234         248  0.96297168467982397     
