    0.09949219
   -0.05314880
   -0.05158769
    0.07267105
    0.01682371
    0.07265937
   -0.05165977
   -0.05313941
    0.07172071
   -0.13109056
   -0.04997122
    0.07285078
   -0.05227694
   -0.05235510
    0.07311500
   -0.12937298
   -0.05168631
    0.07312137
   -0.05235485
   -0.05226948
    0.07283021
   -0.12934752
   -0.04997314
    0.07173595
   -0.13107316
    0.03385734
    0.03614930
    0.03616596
    0.03387052
    0.04948270
    0.03434909
    0.03425154
    0.04885963
    0.03425114
    0.03435096
    0.04947524
   -0.01983447
   -0.01060373
   -0.00231778
   -0.00266256
   -0.01011659
   -0.02027662
    0.09978781
   -0.05314572
   -0.05155730
    0.07243354
    0.01735247
    0.07246508
   -0.05158426
   -0.05311488
    0.07150637
   -0.13062584
   -0.04950225
    0.07264122
   -0.05227255
   -0.05232912
    0.07291390
   -0.12886437
   -0.05122504
    0.07291516
   -0.05235660
   -0.05224656
    0.07261980
   -0.12883066
   -0.04949776
    0.07149045
   -0.13052250
    0.03401450
    0.03626006
    0.03622265
    0.03402177
    0.04960399
    0.03450219
    0.03441678
    0.04900259
    0.03440654
    0.03452140
    0.04961204
