           2           3   1.6418164185801589     
           3           4   1.1831458892396167     
           4           5   1.2564020787120493     
           5           6   1.2559485850124839     
           6           7   1.1831015887719574     
           7           8   1.6418868917996883     
           8           9   1.1740377356293044     
           1          10  0.72141474011369000     
           6          10   1.2618462475086663     
           9          10   1.2275607534933144     
           9          11   1.3596061828063373     
          11          12   1.3582989166698067     
          12          13   1.1655874826050168     
          13          14   1.6575278670993532     
          14          15   1.1649850514592519     
           1          16  0.72328625941012148     
          12          16   1.2392367787031888     
          15          16   1.2419715211668323     
          15          17   1.3577228073038481     
          17          18   1.3575768054368902     
          18          19   1.1650532481683007     
          19          20   1.6574697328912302     
          20          21   1.1656121791671348     
           1          22  0.72346062420698831     
          18          22   1.2420500906229317     
          21          22   1.2390490574612516     
          21          23   1.3584166042722969     
           2          24   1.1740748850165950     
          23          24   1.3594643452546202     
           1          25  0.72168082430329306     
           4          25   1.2615676938380487     
          24          25   1.2276745966739813     
           2          26  0.97201488855010509     
           3          27  0.97014508386147003     
           7          28  0.97012891442080318     
           8          29  0.97201374590542844     
          11          30  0.96330300155582815     
          13          31  0.97191116233955488     
          14          32  0.97194075130961821     
          17          33  0.96360293261363872     
          19          34  0.97193747414119047     
          20          35  0.97191231728851102     
          23          36  0.96330424031083040     
           5          37   1.1811520586090134     
          37          38   2.4495369419688555     
          38          39   1.3282746845674165     
          37          40  0.19379059950613334     
          39          40   2.3631566535041815     
          40          41   1.3286685491574242     
          39          42  0.19364964885353617     
          41          42   2.4481508729376555     
          44          45   1.6410317153589440     
          45          46   1.1832867264466074     
          42          47   1.1832435861613173     
          46          47   1.2545427667169726     
          47          48   1.2537750784338837     
          48          49   1.1836655155867621     
          49          50   1.6409071064256695     
          50          51   1.1743249203118313     
          43          52  0.72264178160501502     
          48          52   1.2620427698748349     
          51          52   1.2264988108367418     
          51          53   1.3588265713525562     
          53          54   1.3566890394722613     
          54          55   1.1659006354612895     
          55          56   1.6567932748762579     
          56          57   1.1651348310958751     
          43          58  0.72501238804891766     
          54          58   1.2390073631496530     
          57          58   1.2410244653646907     
          57          59   1.3568530844555033     
          59          60   1.3559456225908462     
          60          61   1.1653894719243274     
          61          62   1.6566759616967663     
          62          63   1.1657889880475736     
          43          64  0.72519613727022469     
          60          64   1.2417831765699936     
          63          64   1.2381351127238509     
          63          65   1.3574990735536225     
          44          66   1.1744765252278053     
          65          66   1.3579992813395494     
          43          67  0.72300348613533516     
          46          67   1.2612028402299287     
          66          67   1.2271998758188649     
          44          68  0.97201218833888237     
          45          69  0.97023891796852058     
          49          70  0.97028032909836404     
          50          71  0.97201637640562388     
          53          72  0.96344884965250732     
          55          73  0.97191256513774549     
          56          74  0.97193700985077536     
          59          75  0.96373624423775184     
          61          76  0.97193793872539391     
          62          77  0.97190618134698126     
          65          78  0.96344531280125478     
