    0.19866954
   -0.05055296
   -0.04901394
    0.07876492
    0.01677731
    0.07879614
   -0.04895662
   -0.05055600
    0.07721089
   -0.17159148
   -0.04948532
    0.07852689
   -0.04952151
   -0.04969151
    0.07922774
   -0.16980290
   -0.05123299
    0.07922576
   -0.04969399
   -0.04952350
    0.07852238
   -0.16978940
   -0.04947401
    0.07719786
   -0.17156703
    0.03470992
    0.03675323
    0.03673702
    0.03468721
    0.05019496
    0.03535963
    0.03528358
    0.04946121
    0.03528580
    0.03536206
    0.05020396
    0.19865209
   -0.05054633
   -0.04900976
    0.07875143
    0.01678500
    0.07879304
   -0.04893825
   -0.05055565
    0.07722314
   -0.17160379
   -0.04950885
    0.07853305
   -0.04952504
   -0.04969072
    0.07923032
   -0.16979912
   -0.05123718
    0.07923252
   -0.04969004
   -0.04952187
    0.07852755
   -0.16979441
   -0.04949575
    0.07721982
   -0.17156603
    0.03471599
    0.03674499
    0.03673850
    0.03469405
    0.05019182
    0.03536569
    0.03529146
    0.04946015
    0.03528628
    0.03536239
    0.05020344
   -0.01920273
   -0.00963850
   -0.00188669
   -0.00167888
   -0.00974646
   -0.01888301
   -0.01899252
   -0.00962032
   -0.00177183
   -0.00170848
   -0.00968812
   -0.01891611
   -0.01894874
   -0.00967163
   -0.00174459
   -0.00174347
   -0.00967122
   -0.01894763
   -0.01891868
   -0.00968990
   -0.00171385
   -0.00177650
   -0.00962241
   -0.01899958
   -0.01883987
   -0.00972687
   -0.00164283
   -0.00185428
   -0.00961454
   -0.01916420
    0.20075546
   -0.05056037
   -0.04933561
    0.07916303
    0.01666662
    0.07916377
   -0.04932552
   -0.05055910
    0.07664842
   -0.17318251
   -0.04724532
    0.07663585
   -0.05055221
   -0.04932083
    0.07916918
   -0.17313905
    0.01678213
    0.07918511
   -0.04930088
   -0.05055427
    0.07664220
   -0.17315154
   -0.04724786
    0.07664910
   -0.17318980
    0.03414536
    0.03596903
    0.03597643
    0.03414828
    0.05037430
    0.03418284
    0.03608312
    0.03607655
    0.03417112
    0.05036973
    0.20099675
   -0.05053580
   -0.04933146
    0.07916256
    0.01666973
    0.07916172
   -0.04932941
   -0.05053551
    0.07663107
   -0.17310113
   -0.04717659
    0.07662992
   -0.05052924
   -0.04932767
    0.07916817
   -0.17310582
    0.01669675
    0.07916904
   -0.04932616
   -0.05053064
    0.07663235
   -0.17310849
   -0.04717680
    0.07663066
   -0.17310298
    0.03419879
    0.03606346
    0.03605827
    0.03419658
    0.05040071
    0.03420565
    0.03608522
    0.03608311
    0.03420414
    0.05040102
    0.20099755
   -0.05052952
   -0.04933005
    0.07916215
    0.01669624
    0.07917668
   -0.04932497
   -0.05053126
    0.07663260
   -0.17310901
   -0.04717488
    0.07663106
   -0.05053558
   -0.04933899
    0.07915187
   -0.17310609
    0.01667012
    0.07917275
   -0.04932262
   -0.05053677
    0.07663380
   -0.17310698
   -0.04717715
    0.07663188
   -0.17311431
    0.03420569
    0.03608694
    0.03608069
    0.03420355
    0.05040129
    0.03419928
    0.03606934
    0.03605384
    0.03419584
    0.05039834
    0.20073800
   -0.05055033
   -0.04932643
    0.07916678
    0.01678049
    0.07919144
   -0.04928620
   -0.05055574
    0.07664923
   -0.17317492
   -0.04727359
    0.07666600
   -0.05055710
   -0.04932229
    0.07914894
   -0.17319515
    0.01667264
    0.07915592
   -0.04931900
   -0.05055614
    0.07666445
   -0.17319864
   -0.04726569
    0.07664039
   -0.17312733
    0.03418618
    0.03608580
    0.03608119
    0.03417211
    0.05036324
    0.03415260
    0.03596014
    0.03597315
    0.03415294
    0.05037250
