           2           3   1.6498722409539699     
           3           4   1.1753164907595455     
           4           5   1.2482176952532944     
           5           6   1.2485468074236965     
           6           7   1.1753574916375100     
           7           8   1.6498074857879086     
           8           9   1.1671788223019728     
           1          10  0.53350325009982291     
           6          10   1.2880407994678504     
           9          10   1.2486547239332766     
           9          11   1.3548253128389458     
          11          12   1.3519592266486167     
          12          13   1.1580465928165558     
          13          14   1.6658595691468916     
          14          15   1.1576614902826097     
           1          16  0.53476211375717830     
          12          16   1.2629837368339447     
          15          16   1.2650136923098911     
          15          17   1.3515802796402827     
          17          18   1.3515209852694690     
          18          19   1.1576601425891155     
          19          20   1.6658496206271476     
          20          21   1.1580564069592061     
           1          22  0.53465706807265190     
          18          22   1.2650675183228146     
          21          22   1.2629925648150504     
          21          23   1.3519337963092239     
           2          24   1.1671492514611694     
          23          24   1.3549082486299373     
           1          25  0.53355874093148781     
           4          25   1.2881465991081342     
          24          25   1.2485509588251245     
           2          26  0.97228770680007370     
           3          27  0.97066726748803844     
           7          28  0.97067747179651342     
           8          29  0.97228982437375044     
          11          30  0.96376792487773277     
          13          31  0.97218133162671694     
          14          32  0.97220047042812519     
          17          33  0.96417320844001630     
          19          34  0.97220366599889996     
          20          35  0.97218198265823197     
          23          36  0.96376394120071029     
          38          39   1.6499349514234254     
          39          40   1.1752485059588476     
          40          41   1.2484573765096778     
          41          42   1.2489168864927549     
          42          43   1.1752769365819697     
          43          44   1.6499322601721338     
          44          45   1.1670698078408865     
          37          46  0.53373665901548029     
          42          46   1.2878176185604786     
          45          46   1.2487874797115632     
          45          47   1.3547983311001257     
          47          48   1.3520077767706038     
          48          49   1.1580020166167260     
          49          50   1.6658955771332016     
          50          51   1.1576457408355747     
          37          52  0.53492883543694969     
          48          52   1.2629916863765076     
          51          52   1.2650120757864234     
          51          53   1.3515836043760383     
          53          54   1.3515530212051643     
          54          55   1.1576568762088268     
          55          56   1.6658578173395038     
          56          57   1.1580407309546961     
          37          58  0.53486890551751587     
          54          58   1.2650353793979907     
          57          58   1.2629904231947897     
          57          59   1.3519699730591463     
          38          60   1.1671339369653624     
          59          60   1.3548500081665185     
          37          61  0.53371807590838627     
          40          61   1.2879865402177053     
          60          61   1.2486475438135067     
          38          62  0.97228405759518577     
          39          63  0.97066347835274680     
          43          64  0.97067250179159470     
          44          65  0.97228856467790725     
          47          66  0.96376580519201749     
          49          67  0.97218320282293091     
          50          68  0.97220238586779517     
          53          69  0.96417369673967801     
          55          70  0.97220075824200369     
          56          71  0.97218109421049348     
          59          72  0.96376304982886385     
           5          73   1.1881974940738957     
          73          74   2.4416455197436111     
          74          75   1.3328296374343447     
          73          76  0.19257493430748304     
          75          76   2.3556717219916905     
          76          77   1.3337665388397690     
          75          78  0.19238164001824265     
          77          78   2.4386718480688803     
          79          80   2.4364229424454344     
          80          81   1.3356683398711464     
          79          82  0.19207728656160539     
          81          82   2.3520735660789853     
          82          83   1.3357306563299949     
          81          84  0.19209065033719397     
          83          84   2.4363039579747379     
          85          86   2.4359775115307407     
          86          87   1.3360106495410957     
          85          88  0.19210623324966253     
          87          88   2.3516469473658885     
          88          89   1.3360054463175586     
          87          90  0.19210405448493537     
          89          90   2.4359814233396797     
          91          92   2.4363672098097404     
          92          93   1.3356657014930253     
          91          94  0.19208317483017975     
          93          94   2.3521464237585992     
          94          95   1.3356285106843342     
          93          96  0.19209030013152251     
          95          96   2.4364872928103298     
          97          98   2.4392928201787707     
          98          99   1.3331520807384647     
          97         100  0.19231280626329900     
          99         100   2.3563285089883763     
         100         101   1.3322029605902779     
          41         102   1.1875816044433911     
          99         102  0.19250135799251958     
         101         102   2.4422944591206925     
         104         105   1.6488896768908079     
         105         106   1.1758125636756656     
          78         107   1.1912500164867847     
         106         107   1.2453761191419810     
         107         108   1.2454293910274608     
         108         109   1.1758165768500164     
         109         110   1.6488708050100638     
         110         111   1.1680510437138769     
         103         112  0.52815231358466785     
         108         112   1.2911276818635296     
         111         112   1.2477759227113359     
         111         113   1.3540224856057059     
         113         114   1.3540066205683681     
         114         115   1.1681007867513955     
         115         116   1.6487632926480218     
         116         117   1.1759013137531680     
         103         118  0.52820846007525135     
         114         118   1.2476858992407596     
         117         118   1.2913680002452674     
          79         119   1.1923847918408972     
         117         119   1.2448675883698934     
         119         120   1.2450126778734953     
         120         121   1.1759286800226041     
         121         122   1.6487332564805857     
         122         123   1.1681041617667449     
         103         124  0.52814901009656146     
         120         124   1.2913063076022728     
         123         124   1.2477508255334515     
         123         125   1.3539552487339293     
         104         126   1.1680319458591890     
         125         126   1.3540776379791850     
         103         127  0.52820694156558246     
         106         127   1.2911408496555592     
         126         127   1.2477354201845765     
         104         128  0.97233087628046844     
         105         129  0.97076693122747515     
         109         130  0.97077591480710590     
         110         131  0.97233234093134668     
         113         132  0.96349135079437243     
         115         133  0.97233056263756923     
         116         134  0.97076035595665611     
         121         135  0.97076176627653510     
         122         136  0.97233238261609711     
         125         137  0.96349077185633947     
         139         140   1.6486392854138954     
         140         141   1.1759209624043891     
          84         142   1.1924581121938116     
         141         142   1.2448250947084680     
         142         143   1.2448110400641001     
         143         144   1.1759335934554200     
         144         145   1.6486284723390461     
         145         146   1.1682462320078746     
         138         147  0.52846554960671943     
         143         147   1.2914301231890202     
         146         147   1.2474092169648923     
         146         148   1.3540621344522101     
         148         149   1.3540667139241149     
         149         150   1.1682196902060611     
         150         151   1.6486644407460032     
         151         152   1.1758884255090689     
         138         153  0.52844504990211372     
         149         153   1.2474121324613061     
         152         153   1.2914887992870294     
          85         154   1.1926324327521676     
         152         154   1.2447693185854163     
         154         155   1.2447665864374753     
         155         156   1.1759111959968696     
         156         157   1.6486411922110578     
         157         158   1.1682329585055859     
         138         159  0.52843783398226141     
         155         159   1.2914845189070763     
         158         159   1.2474187505462866     
         158         160   1.3540529275502702     
         139         161   1.1682397119209813     
         160         161   1.3540759745725770     
         138         162  0.52847050840930088     
         141         162   1.2914298464809264     
         161         162   1.2474022363378738     
         139         163  0.97232599459577285     
         140         164  0.97075689806250798     
         144         165  0.97075784375276408     
         145         166  0.97232563398767891     
         148         167  0.96349861077104881     
         150         168  0.97232724301220286     
         151         169  0.97075235013711836     
         156         170  0.97075251260167583     
         157         171  0.97232777661180159     
         160         172  0.96349830708616824     
         174         175   1.6486717391599974     
         175         176   1.1758736404962231     
          90         177   1.1926284878425026     
         176         177   1.2447850947832984     
         177         178   1.2447522060757936     
         178         179   1.1759203275970755     
         179         180   1.6486272124414643     
         180         181   1.1682405470496067     
         173         182  0.52850204140970103     
         178         182   1.2914968918614376     
         181         182   1.2474062630581662     
         181         183   1.3540596750232412     
         183         184   1.3540683230358013     
         184         185   1.1682442721616966     
         185         186   1.6486336720211687     
         186         187   1.1759254871634255     
         173         188  0.52853205398547820     
         184         188   1.2474033941796236     
         187         188   1.2914235609982181     
          91         189   1.1924308186000643     
         187         189   1.2448066647037048     
         189         190   1.2448543883337526     
         190         191   1.1759226158695570     
         191         192   1.6486298600965805     
         192         193   1.1682460875559366     
         173         194  0.52853039818191550     
         190         194   1.2914338832718468     
         193         194   1.2474048391073915     
         193         195   1.3540675990999556     
         174         196   1.1682167664445293     
         195         196   1.3540675883023918     
         173         197  0.52850197418321088     
         176         197   1.2914862026930083     
         196         197   1.2474133422737033     
         174         198  0.97232717133190716     
         175         199  0.97075261192018913     
         179         200  0.97075228697272231     
         180         201  0.97232812228568866     
         183         202  0.96349867807756417     
         185         203  0.97232577601066850     
         186         204  0.97075974275644716     
         191         205  0.97075552502583140     
         192         206  0.97232618027687767     
         195         207  0.96349875914742245     
         209         210   1.6487621674399942     
         210         211   1.1759183078990909     
          96         212   1.1923501135702892     
         211         212   1.2448187051950395     
         212         213   1.2451248004795219     
         213         214   1.1758850192336334     
         214         215   1.6487777428226513     
         215         216   1.1680685924563188     
         208         217  0.52826474124749589     
         213         217   1.2912841575723779     
         216         217   1.2477536539870242     
         216         218   1.3540091150310520     
         218         219   1.3539910136466833     
         219         220   1.1679979919551913     
         220         221   1.6489594914957428     
         221         222   1.1757554708310738     
         208         223  0.52829491911644977     
         219         223   1.2478691976278122     
         222         223   1.2909440863672217     
          97         224   1.1906556904736534     
         222         224   1.2456714810918164     
         224         225   1.2457028553252461     
         225         226   1.1757348879252716     
         226         227   1.6489633552831275     
         227         228   1.1679984077473977     
         208         229  0.52824374850629352     
         225         229   1.2909715332896718     
         228         229   1.2478699940875719     
         228         230   1.3539925846537313     
         209         231   1.1680976070154514     
         230         231   1.3540179310564495     
         208         232  0.52829307424247041     
         211         232   1.2913445098954066     
         231         232   1.2476917529114748     
         209         233  0.97233098678126817     
         210         234  0.97076694173306655     
         214         235  0.97075574603455272     
         215         236  0.97233389191064890     
         218         237  0.96349310980726566     
         220         238  0.97233089635116399     
         221         239  0.97076766827678329     
         226         240  0.97076738965452625     
         227         241  0.97233025740881152     
         230         242  0.96349085565633508     
