    0.24453525
   -0.05208981
   -0.05032296
    0.07720977
    0.01708688
    0.07715684
   -0.05040675
   -0.05208676
    0.07556899
   -0.17684551
   -0.04987679
    0.07681856
   -0.05108563
   -0.05124649
    0.07733812
   -0.17492486
   -0.05172232
    0.07734207
   -0.05125227
   -0.05107292
    0.07679961
   -0.17489845
   -0.04988522
    0.07558807
   -0.17692728
    0.03348290
    0.03541298
    0.03539659
    0.03350810
    0.04900154
    0.03407318
    0.03398576
    0.04833051
    0.03399335
    0.03407247
    0.04898475
   -0.02103114
   -0.00998232
   -0.00997059
   -0.02105488
    0.24459119
   -0.05206779
   -0.05036781
    0.07715679
    0.01709345
    0.07717902
   -0.05037562
   -0.05208997
    0.07557261
   -0.17692738
   -0.04986853
    0.07678136
   -0.05108035
   -0.05123689
    0.07734631
   -0.17489850
   -0.05173498
    0.07733553
   -0.05124840
   -0.05107577
    0.07681235
   -0.17493495
   -0.04988822
    0.07557739
   -0.17690271
    0.03350502
    0.03537979
    0.03541480
    0.03348865
    0.04898782
    0.03408225
    0.03399483
    0.04832540
    0.03399575
    0.03407550
    0.04899869
