           2           3   1.6504030755185286     
           3           4   1.1793118231793389     
           4           5   1.2526111717519970     
           5           6   1.2520019572035948     
           6           7   1.1793135493292488     
           7           8   1.6504025441873966     
           8           9   1.1711771961669371     
           1          10  0.48898508527035922     
           6          10   1.2859261313170633     
           9          10   1.2469295694346845     
           9          11   1.3573413997681671     
          11          12   1.3542064659006030     
          12          13   1.1627260597591251     
          13          14   1.6656968163766375     
          14          15   1.1619880928456650     
           1          16  0.49133837618897491     
          12          16   1.2608203631814932     
          15          16   1.2632749012550808     
          15          17   1.3541355557794037     
          17          18   1.3540171160683587     
          18          19   1.1620645529700990     
          19          20   1.6656007612106767     
          20          21   1.1628171385545172     
           1          22  0.49153857662075418     
          18          22   1.2633175442544173     
          21          22   1.2606521694483022     
          21          23   1.3542541024610921     
           2          24   1.1711439514699722     
          23          24   1.3572499129433384     
           1          25  0.48898440553526284     
           4          25   1.2857104377480131     
          24          25   1.2471128360005317     
           2          26  0.97244259961203228     
           3          27  0.97099017839053825     
           7          28  0.97097535341328789     
           8          29  0.97243618990733072     
          11          30  0.96392956864073864     
          13          31  0.97234834860138486     
          14          32  0.97237019974786809     
          17          33  0.96426460762396848     
          19          34  0.97237034819110524     
          20          35  0.97234778201865990     
          23          36  0.96393337254478906     
           5          37   1.1836230002492218     
          37          38   2.4724317918426162     
          38          39   1.3033363634846209     
          37          40  0.20337976460892418     
          39          40   2.4723140162537258     
          42          43   1.6504045778949119     
          43          44   1.1792753126525366     
          40          45   1.1837369929253043     
          44          45   1.2522285365251802     
          45          46   1.2521857134564158     
          46          47   1.1794543048309010     
          47          48   1.6501736798735047     
          48          49   1.1713227175389316     
          41          50  0.48897399124579716     
          46          50   1.2858521892787940     
          49          50   1.2469916825900924     
          49          51   1.3571038955581343     
          51          52   1.3544316739726310     
          52          53   1.1626411944686539     
          53          54   1.6657733191398467     
          54          55   1.1619663990412379     
          41          56  0.49147231442311778     
          52          56   1.2606457007745302     
          55          56   1.2633995972319867     
          55          57   1.3540011067789608     
          57          58   1.3541318359334082     
          58          59   1.1620226252474455     
          59          60   1.6656489956355323     
          60          61   1.1627647771692975     
          41          62  0.49144969411291317     
          58          62   1.2632397742540609     
          61          62   1.2607588223735204     
          61          63   1.3542182397204465     
          42          64   1.1711664522503387     
          63          64   1.3572642849442662     
          41          65  0.48893791350674254     
          44          65   1.2858497158716402     
          64          65   1.2470198976385249     
          42          66  0.97243372443577214     
          43          67  0.97098414758690599     
          47          68  0.97098872349295429     
          48          69  0.97244116572651895     
          51          70  0.96393357579457706     
          53          71  0.97234899124536200     
          54          72  0.97236711518909824     
          57          73  0.96426669580242508     
          59          74  0.97236985107250806     
          60          75  0.97234841696207353     
          63          76  0.96393891640104679     
