    0.19808119
   -0.05062724
   -0.04887397
    0.07865249
    0.01723199
    0.07866797
   -0.04884958
   -0.05062821
    0.07711636
   -0.17143650
   -0.04954278
    0.07842706
   -0.04959020
   -0.04976943
    0.07916027
   -0.16979688
   -0.05131076
    0.07915923
   -0.04977024
   -0.04958999
    0.07842325
   -0.16979114
   -0.04953582
    0.07711169
   -0.17141713
    0.03450580
    0.03623363
    0.03627389
    0.03449444
    0.05002453
    0.03517296
    0.03511024
    0.04928499
    0.03511015
    0.03517209
    0.05003015
    0.19804808
   -0.05062059
   -0.04888785
    0.07862966
    0.01723065
    0.07865920
   -0.04883900
   -0.05061888
    0.07714759
   -0.17146676
   -0.04958107
    0.07843684
   -0.04958957
   -0.04976609
    0.07916048
   -0.16980256
   -0.05132046
    0.07916015
   -0.04976563
   -0.04958873
    0.07843317
   -0.16979284
   -0.04956665
    0.07714073
   -0.17143525
    0.03452332
    0.03629774
    0.03631126
    0.03450165
    0.05001356
    0.03517598
    0.03511314
    0.04928034
    0.03511030
    0.03517354
    0.05002295
   -0.02050290
   -0.00896754
   -0.00913267
   -0.02017020
   -0.02027042
   -0.00894714
   -0.00900071
   -0.02021417
   -0.02021930
   -0.00900242
   -0.00895832
   -0.02027725
   -0.02011790
   -0.00910423
   -0.00893264
   -0.02044276
    0.20003565
   -0.05063071
   -0.04923769
    0.07901691
    0.01709982
    0.07904589
   -0.04919546
   -0.05063548
    0.07651930
   -0.17295929
   -0.04734244
    0.07649429
   -0.05064046
   -0.04920418
    0.07902797
   -0.17286396
    0.01723633
    0.07904107
   -0.04918250
   -0.05064325
    0.07649371
   -0.17286746
   -0.04733455
    0.07650924
   -0.17293098
    0.03395206
    0.03544987
    0.03548480
    0.03394066
    0.05021072
    0.03397781
    0.03558995
    0.03558479
    0.03397047
    0.05021402
    0.20024083
   -0.05062533
   -0.04921949
    0.07904281
    0.01716054
    0.07905101
   -0.04920298
   -0.05062570
    0.07646191
   -0.17285511
   -0.04727802
    0.07646594
   -0.05062751
   -0.04920164
    0.07905411
   -0.17286081
    0.01716320
    0.07903808
   -0.04922041
   -0.05062434
    0.07645986
   -0.17284955
   -0.04727253
    0.07646127
   -0.17285243
    0.03397400
    0.03555942
    0.03554670
    0.03397203
    0.05024580
    0.03397036
    0.03555391
    0.03555213
    0.03397529
    0.05025058
    0.20001087
   -0.05063687
   -0.04919969
    0.07902403
    0.01722909
    0.07904811
   -0.04917045
   -0.05063994
    0.07651085
   -0.17287960
   -0.04737579
    0.07654629
   -0.05062321
   -0.04922622
    0.07900268
   -0.17296240
    0.01710570
    0.07902638
   -0.04920721
   -0.05062894
    0.07655014
   -0.17297095
   -0.04737691
    0.07650683
   -0.17286027
    0.03398095
    0.03559314
    0.03559074
    0.03397244
    0.05020280
    0.03396237
    0.03550233
    0.03553552
    0.03395742
    0.05020657
