           2           3   1.6500391613129435     
           3           4   1.1751446608963008     
           4           5   1.2494394755484977     
           5           6   1.2496751081772934     
           6           7   1.1751436196602500     
           7           8   1.6500323690695302     
           8           9   1.1670313010432496     
           1          10  0.53339130159088233     
           6          10   1.2880925712001723     
           9          10   1.2488815794939481     
           9          11   1.3547912655343461     
          11          12   1.3519370674882598     
          12          13   1.1580725295931822     
          13          14   1.6658029153355915     
          14          15   1.1576994116499146     
           1          16  0.53469537869777717     
          12          16   1.2630240328342215     
          15          16   1.2650995385710853     
          15          17   1.3514945283279689     
          17          18   1.3514724777428491     
          18          19   1.1577051897089308     
          19          20   1.6657854905571476     
          20          21   1.1580871806385842     
           1          22  0.53463614354366751     
          18          22   1.2651151593376224     
          21          22   1.2630375438798052     
          21          23   1.3519068692339118     
           2          24   1.1670439334704523     
          23          24   1.3548340620367940     
           1          25  0.53341740842830387     
           4          25   1.2881764095168857     
          24          25   1.2488111954316012     
           2          26  0.97229517880072802     
           3          27  0.97076736702019828     
           7          28  0.97077164755764511     
           8          29  0.97229627114685324     
          11          30  0.96378962061849438     
          13          31  0.97219445878450916     
          14          32  0.97221366721760172     
          17          33  0.96420255958937551     
          19          34  0.97221440412278526     
          20          35  0.97219459125498231     
          23          36  0.96378826275061369     
          38          39   1.6502124262350533     
          39          40   1.1749949343178145     
          40          41   1.2499236568718506     
          41          42   1.2503202894665955     
          42          43   1.1749966423626521     
          43          44   1.6502079490329749     
          44          45   1.1669350052854046     
          37          46  0.53345780646846863     
          42          46   1.2877518656690374     
          45          46   1.2491086729032732     
          45          47   1.3546878345467477     
          47          48   1.3520143330971259     
          48          49   1.1580272232494164     
          49          50   1.6658560590473894     
          50          51   1.1576722974858771     
          37          52  0.53482237219320916     
          48          52   1.2630248963253226     
          51          52   1.2650866918497035     
          51          53   1.3515356808404420     
          53          54   1.3514899907546731     
          54          55   1.1576825294448325     
          55          56   1.6658273891686286     
          56          57   1.1580489272536147     
          37          58  0.53471043842293642     
          54          58   1.2651214859060131     
          57          58   1.2630304241158883     
          57          59   1.3519868389804253     
          38          60   1.1669536317245155     
          59          60   1.3547628687691973     
          37          61  0.53349472724170643     
          40          61   1.2878929742983809     
          60          61   1.2489819219760439     
          38          62  0.97229318668419995     
          39          63  0.97075215735806430     
          43          64  0.97076375218723765     
          44          65  0.97229509394148372     
          47          66  0.96379336207616995     
          49          67  0.97219549467475441     
          50          68  0.97221437787258558     
          53          69  0.96420324982391781     
          55          70  0.97221422735623786     
          56          71  0.97219412906092806     
          59          72  0.96378852072142573     
           5          73   1.1853439302669830     
          73          74   2.4693353308663184     
          74          75   1.3055474837319243     
          73          76  0.20263113070719135     
          75          76   2.4674730390682260     
          77          78   2.4643612488854965     
          78          79   1.3081171398472342     
          77          80  0.20216300255318775     
          79          80   2.4642916117708653     
          81          82   2.4643180941283553     
          82          83   1.3081031685125444     
          81          84  0.20218435868971052     
          83          84   2.4644180051273579     
          85          86   2.4684773052861466     
          86          87   1.3044264306096911     
          41          88   1.1841489188457661     
          85          88  0.20239081195554576     
          87          88   2.4703862139901474     
          90          91   1.6491022521054282     
          91          92   1.1756309604354138     
          76          93   1.1878898699255538     
          92          93   1.2466232192369120     
          93          94   1.2469771627908108     
          94          95   1.1756206603396475     
          95          96   1.6490979879639129     
          96          97   1.1678653950456610     
          89          98  0.52827623224012965     
          94          98   1.2909497222219222     
          97          98   1.2480906610957201     
          97          99   1.3540138009681684     
          99         100   1.3538643171456415     
         100         101   1.1680720980891675     
         101         102   1.6487568178851340     
         102         103   1.1759297002219420     
          89         104  0.52838475699668552     
         100         104   1.2479512088375446     
         103         104   1.2912306042026436     
          77         105   1.1895319303090848     
         103         105   1.2459996629929113     
         105         106   1.2461121049606092     
         106         107   1.1759365584631194     
         107         108   1.6487317561704637     
         108         109   1.1680865044876061     
          89         110  0.52833173865290617     
         106         110   1.2912097070462059     
         109         110   1.2479932277764312     
         109         111   1.3538202377502251     
          90         112   1.1678810508082482     
         111         112   1.3540764172305890     
          89         113  0.52831097961753071     
          92         113   1.2910644848480886     
         112         113   1.2479837884434670     
          90         114  0.97234043560084438     
          91         115  0.97087109867612842     
          95         116  0.97087507337079404     
          96         117  0.97234308808465764     
          99         118  0.96350884791622793     
         101         119  0.97234116718816188     
         102         120  0.97086652914973082     
         107         121  0.97087018093780364     
         108         122  0.97234211640528034     
         111         123  0.96350693172502533     
         125         126   1.6486321915798097     
         126         127   1.1759958430060649     
          80         128   1.1896032476611818     
         127         128   1.2459094826263635     
         128         129   1.2459822897643662     
         129         130   1.1759860199891019     
         130         131   1.6486416019377570     
         131         132   1.1681536489382560     
         124         133  0.52850592885354974     
         129         133   1.2912668539090273     
         132         133   1.2477555954800752     
         132         134   1.3539542093839187     
         134         135   1.3539557274570826     
         135         136   1.1681527908988456     
         136         137   1.6486463315702582     
         137         138   1.1759748250244098     
         124         139  0.52851906396717707     
         135         139   1.2477590612278722     
         138         139   1.2912570739275766     
          81         140   1.1895860567495922     
         138         140   1.2460240659761539     
         140         141   1.2458939684534327     
         141         142   1.1760002936216125     
         142         143   1.6486339307686189     
         143         144   1.1681624358843923     
         124         145  0.52849479462753768     
         141         145   1.2912712618193245     
         144         145   1.2477500178593783     
         144         146   1.3539510032078854     
         125         147   1.1681635439554789     
         146         147   1.3539653325519960     
         124         148  0.52851069719271238     
         127         148   1.2912849007520235     
         147         148   1.2477354238363831     
         125         149  0.97233916600990733     
         126         150  0.97086798097928895     
         130         151  0.97086654074083023     
         131         152  0.97233967876670480     
         134         153  0.96349903064542164     
         136         154  0.97233970796372227     
         137         155  0.97086379694507063     
         142         156  0.97087133865156394     
         143         157  0.97233932026629377     
         146         158  0.96349661847500478     
         160         161   1.6488041970792047     
         161         162   1.1759038014352663     
          84         163   1.1894647198252584     
         162         163   1.2460322426275359     
         163         164   1.2462140556338017     
         164         165   1.1758894104194788     
         165         166   1.6488069903306304     
         166         167   1.1680273533583883     
         159         168  0.52830623093455853     
         164         168   1.2911729894440738     
         167         168   1.2479949216026633     
         167         169   1.3539141915464949     
         169         170   1.3539522709026213     
         170         171   1.1677981968398508     
         171         172   1.6492535949208178     
         172         173   1.1755074420038476     
         159         174  0.52822891720712373     
         170         174   1.2482226477549325     
         173         174   1.2906858265861596     
          85         175   1.1867274784809705     
         173         175   1.2472752435211643     
         175         176   1.2474282986948599     
         176         177   1.1754757507340143     
         177         178   1.6492666190322007     
         178         179   1.1677885224808868     
         159         180  0.52822421306588363     
         176         180   1.2906749214643756     
         179         180   1.2482466955890481     
         179         181   1.3539420617489801     
         160         182   1.1680396142838638     
         181         182   1.3539248898662350     
         159         183  0.52830750346148103     
         162         183   1.2912030917554407     
         182         183   1.2479583569256238     
         160         184  0.97233966436624675     
         161         185  0.97086869992313607     
         165         186  0.97086473601045498     
         166         187  0.97234163752413783     
         169         188  0.96350956212809646     
         171         189  0.97233944972083663     
         172         190  0.97086434254036269     
         177         191  0.97085687020260192     
         178         192  0.97234064903602702     
         181         193  0.96351000784848728     
