    0.56211249
   -0.05458307
   -0.05440321
    0.06951903
    0.01162239
    0.06958038
   -0.05421676
   -0.05456874
    0.06407918
   -0.21399956
   -0.06069956
    0.06524572
   -0.05356597
   -0.05528555
    0.07022603
   -0.21282622
   -0.05935254
    0.07023517
   -0.05529073
   -0.05356831
    0.06523757
   -0.21285452
   -0.06069030
    0.06405275
   -0.21388071
    0.03037601
    0.03204415
    0.03180927
    0.03034080
    0.04920213
    0.03051266
    0.03080906
    0.04712391
    0.03080519
    0.03051249
    0.04922009
    0.56202974
   -0.05455051
   -0.05437824
    0.06952319
    0.01157220
    0.06955133
   -0.05432631
   -0.05454296
    0.06415286
   -0.21407312
   -0.06071711
    0.06526169
   -0.05357097
   -0.05529047
    0.07022213
   -0.21280250
   -0.05937118
    0.07022671
   -0.05529477
   -0.05357289
    0.06525605
   -0.21284284
   -0.06072046
    0.06410910
   -0.21392315
    0.03036981
    0.03213957
    0.03204296
    0.03033403
    0.04917404
    0.03050594
    0.03080960
    0.04712426
    0.03080189
    0.03049908
    0.04918484
   -0.03066688
   -0.03080679
   -0.03073724
   -0.03071362
   -0.03077377
   -0.03063320
    0.56702702
   -0.05453393
   -0.05443807
    0.06983004
    0.01144619
    0.06984094
   -0.05429728
   -0.05451957
    0.06372435
   -0.21521437
   -0.05926573
    0.06368198
   -0.05453541
   -0.05445843
    0.06984988
   -0.21516838
    0.01140151
    0.06986026
   -0.05438948
   -0.05454140
    0.06369270
   -0.21518408
   -0.05925775
    0.06372819
   -0.21521801
    0.03035173
    0.03183366
    0.03164995
    0.03035140
    0.04985514
    0.03036665
    0.03185845
    0.03172336
    0.03036132
    0.04985696
    0.56689559
   -0.05454233
   -0.05439957
    0.06985126
    0.01138293
    0.06984284
   -0.05445432
   -0.05454335
    0.06370699
   -0.21512527
   -0.05928509
    0.06381326
   -0.05451014
   -0.05442775
    0.06981619
   -0.21532482
    0.01140866
    0.06981943
   -0.05439052
   -0.05449622
    0.06378357
   -0.21522887
   -0.05930191
    0.06370776
   -0.21517066
    0.03035280
    0.03176120
    0.03183080
    0.03036153
    0.04982719
    0.03033710
    0.03186762
    0.03192393
    0.03035162
    0.04982597
