           2           3   1.6447491467895574     
           3           4   1.1813928156178304     
           4           5   1.2620829339025867     
           5           6   1.2625218694838130     
           6           7   1.1814071283001055     
           7           8   1.6447163323251419     
           8           9   1.1707382879139208     
           1          10  0.65636188087918090     
           6          10   1.2561624606992272     
           9          10   1.2176818356962262     
           9          11   1.3606083850614461     
          11          12   1.3612990655021941     
          12          13   1.1627075553948103     
          13          14   1.6598337734579052     
          14          15   1.1639276233656211     
           1          16  0.65981599863136298     
          12          16   1.2265161524683614     
          15          16   1.2386803581052530     
          15          17   1.3579930590249059     
          17          18   1.3579416115029175     
          18          19   1.1639460972370099     
          19          20   1.6597630661404887     
          20          21   1.1627860940157475     
           1          22  0.65968486326261366     
          18          22   1.2387329307602055     
          21          22   1.2265251244436968     
          21          23   1.3612172248335148     
           2          24   1.1707275036247813     
          23          24   1.3607404933083056     
           1          25  0.65675404697173279     
           4          25   1.2561987454774930     
          24          25   1.2174418566416196     
           2          26  0.97224180266707438     
           3          27  0.96858784524535668     
           7          28  0.96883531350239149     
           8          29  0.97224554364885729     
          11          30  0.96297156702278197     
          13          31  0.97215941962913965     
          14          32  0.97242937462533596     
          17          33  0.96495405087418895     
          19          34  0.97243146800028413     
          20          35  0.97216002637593957     
          23          36  0.96296633295202905     
          38          39   1.6451540639382611     
          39          40   1.1809826698325001     
          40          41   1.2630946313491527     
          41          42   1.2632043536513162     
          42          43   1.1810593172374939     
          43          44   1.6450557710363891     
          44          45   1.1705950453563256     
          37          46  0.65587526261639106     
          42          46   1.2560542286011049     
          45          46   1.2179359352250916     
          45          47   1.3606398861349012     
          47          48   1.3613876595597760     
          48          49   1.1627067260633481     
          49          50   1.6598751286061015     
          50          51   1.1638938738807807     
          37          52  0.65988753129410216     
          48          52   1.2265053412535161     
          51          52   1.2386737889865242     
          51          53   1.3580480019655599     
          53          54   1.3579501909800877     
          54          55   1.1639641674828587     
          55          56   1.6597530074722973     
          56          57   1.1627989177284226     
          37          58  0.65973352093547044     
          54          58   1.2387083735703455     
          57          58   1.2265574764402911     
          57          59   1.3612369148872048     
          38          60   1.1705636275533577     
          59          60   1.3608317458785435     
          37          61  0.65679442690120815     
          40          61   1.2558938820848371     
          60          61   1.2175913976925647     
          38          62  0.97224175954772496     
          39          63  0.96927544793288212     
          43          64  0.96951335092449453     
          44          65  0.97224679745091569     
          47          66  0.96298086335100685     
          49          67  0.97215948790718654     
          50          68  0.97242958687894776     
          53          69  0.96495072248835634     
          55          70  0.97243181501038545     
          56          71  0.97216077910646170     
          59          72  0.96297794252481939     
           5          73   1.1686247087450978     
          73          74   2.5822023262088734     
          75          76   2.5788996994225339     
          41          78   1.1668156435339392     
          77          78   2.5831977646819402     
          80          81   1.6440429049367915     
          81          82   1.1815353637056289     
          74          83   1.1700100146757566     
          82          83   1.2599869007826481     
          83          84   1.2604000254606644     
          84          85   1.1815054110822847     
          85          86   1.6440714735548521     
          86          87   1.1715091285624135     
          79          88  0.65235722602004054     
          84          88   1.2586683981427156     
          87          88   1.2160768322302915     
          87          89   1.3605601625198891     
          89          90   1.3606778825297394     
          90          91   1.1716330810247808     
          91          92   1.6437756301693811     
          92          93   1.1817922714631415     
          79          94  0.65237988934151947     
          90          94   1.2158154498800160     
          93          94   1.2590673759726596     
          75          95   1.1717756053432546     
          93          95   1.2592996688694711     
          95          96   1.2594151764034200     
          96          97   1.1817718065707403     
          97          98   1.6437725568659780     
          98          99   1.1716343110877316     
          79         100  0.65222933492175117     
          96         100   1.2590571429712418     
          99         100   1.2159402112926143     
          99         101   1.3606195410880684     
          80         102   1.1715185532783721     
         101         102   1.3606335972098598     
          79         103  0.65209764133877401     
          82         103   1.2589006609168347     
         102         103   1.2160261726482953     
          80         104  0.97224191839725516     
          81         105  0.96864580270563272     
          85         106  0.96887917715492533     
          86         107  0.97224228793691725     
          89         108  0.96270352223043265     
          91         109  0.97224294647338327     
          92         110  0.96864635526597320     
          97         111  0.96863921592102165     
          98         112  0.97224398863306294     
         101         113  0.96270451579488237     
         115         116   1.6437689833093621     
         116         117   1.1817956967007146     
          76         118   1.1717145247043306     
         117         118   1.2594766667334845     
         118         119   1.2593585536690095     
         119         120   1.1817215309944082     
         120         121   1.6438628978256831     
         121         122   1.1715711002095623     
         114         123  0.65235791470632765     
         119         123   1.2590814868288107     
         122         123   1.2158759561678512     
         122         124   1.3607956664941148     
         124         125   1.3605408074690266     
         125         126   1.1713711766093762     
         126         127   1.6443585574477702     
         127         128   1.1812064273910088     
         114         129  0.65150753592992916     
         125         129   1.2164575881478779     
         128         129   1.2586847453350114     
          77         130   1.1681975558897912     
         128         130   1.2608890707346565     
         130         131   1.2612018971470711     
         131         132   1.1811270840273242     
         132         133   1.6444676082723457     
         133         134   1.1713181535786465     
         114         135  0.65236169371834674     
         131         135   1.2584222485250147     
         134         135   1.2162008919246858     
         134         136   1.3606972259624963     
         115         137   1.1716403701897682     
         136         137   1.3606229967434456     
         114         138  0.65237304207946867     
         117         138   1.2589583365859953     
         137         138   1.2159704897824433     
         115         139  0.97224317101374225     
         116         140  0.96863241658998733     
         120         141  0.96864247006151516     
         121         142  0.97223996396019541     
         124         143  0.96271783992493443     
         126         144  0.97224422655644527     
         127         145  0.96934948194517756     
         132         146  0.96953850384676665     
         133         147  0.97223963984262673     
         136         148  0.96271851689707422     
