   -0.29311290
   -0.05221103
   -0.05076934
    0.07305177
    0.02653211
    0.07313682
   -0.05052571
   -0.05224665
    0.07316969
   -0.04721669
   -0.04157258
    0.07424301
   -0.05125891
   -0.05132218
    0.07452681
   -0.04657826
   -0.04318932
    0.07452754
   -0.05131837
   -0.05128179
    0.07422075
   -0.04650617
   -0.04155884
    0.07315213
   -0.04724244
    0.03542621
    0.03689013
    0.03660097
    0.03539678
    0.04909350
    0.03579360
    0.03570899
    0.04848162
    0.03571210
    0.03578191
    0.04910171
   -0.29293859
   -0.05223986
   -0.05071691
    0.07309960
    0.02654219
    0.07310562
   -0.05060282
   -0.05225856
    0.07317534
   -0.04724858
   -0.04157352
    0.07424839
   -0.05126695
   -0.05132128
    0.07454496
   -0.04667276
   -0.04319707
    0.07453870
   -0.05132178
   -0.05127587
    0.07422314
   -0.04655432
   -0.04155588
    0.07315358
   -0.04720261
    0.03541606
    0.03682030
    0.03667682
    0.03540308
    0.04910648
    0.03578662
    0.03570865
    0.04848661
    0.03571201
    0.03578543
    0.04911368
   -0.02855256
   -0.02931833
   -0.02889232
   -0.02891479
   -0.02934251
   -0.02853869
   -0.28856055
   -0.05206767
   -0.05056441
    0.07339129
    0.02684494
    0.07341240
   -0.05038051
   -0.05208168
    0.07304813
   -0.04888291
   -0.03971271
    0.07297976
   -0.05208133
   -0.05060508
    0.07343796
   -0.04861476
    0.02657719
    0.07344383
   -0.05056107
   -0.05208466
    0.07297527
   -0.04863212
   -0.03970221
    0.07304650
   -0.04882035
    0.03551190
    0.03697124
    0.03658871
    0.03549524
    0.04973651
    0.03549259
    0.03670740
    0.03663833
    0.03548520
    0.04974080
   -0.28875159
   -0.05206683
   -0.05055162
    0.07344263
    0.02658407
    0.07343175
   -0.05057319
   -0.05207345
    0.07297264
   -0.04861343
   -0.03968480
    0.07304162
   -0.05206770
   -0.05051181
    0.07339207
   -0.04883700
    0.02686749
    0.07340834
   -0.05040051
   -0.05208336
    0.07304240
   -0.04880997
   -0.03968995
    0.07297120
   -0.04859116
    0.03549532
    0.03661991
    0.03667330
    0.03548964
    0.04974071
    0.03550495
    0.03682031
    0.03661774
    0.03549844
    0.04974099
