           2           3   1.6464001678640243     
           3           4   1.1774452000893760     
           4           5   1.2581499698320511     
           5           6   1.2592804015958863     
           6           7   1.1772782367492085     
           7           8   1.6464416963642787     
           8           9   1.1692284608218724     
           1          10  0.75300468158526734     
           6          10   1.2596636419560991     
           9          10   1.2282286599328920     
           9          11   1.3545436150893984     
          11          12   1.3538098283338937     
          12          13   1.1610561223155842     
          13          14   1.6611216222186760     
          14          15   1.1606196241293005     
           1          16  0.75158639611067668     
          12          16   1.2390377942212658     
          15          16   1.2422231749146948     
          15          17   1.3527874779652262     
          17          18   1.3532023828497108     
          18          19   1.1605286804228292     
          19          20   1.6610966184470695     
          20          21   1.1612099280866823     
           1          22  0.75170881122534527     
          18          22   1.2417836815931746     
          21          22   1.2394203986049837     
          21          23   1.3532930153518066     
           2          24   1.1691695049305517     
          23          24   1.3551715635660553     
           1          25  0.75269440154792855     
           4          25   1.2605200037356936     
          24          25   1.2276375603409504     
           2          26  0.97178179048271895     
           3          27  0.96771985333929844     
           7          28  0.96749188507180317     
           8          29  0.97178460758252094     
          11          30  0.96378167125909542     
          13          31  0.97169518973254054     
          14          32  0.97171883551368143     
          17          33  0.96409785122716207     
          19          34  0.97171896963652471     
          20          35  0.97169521613187648     
          23          36  0.96378035095139492     
          38          39   1.6463176937453479     
          39          40   1.1774854211127643     
          40          41   1.2583123533809610     
          41          42   1.2588801919595081     
          42          43   1.1774145385682548     
          43          44   1.6463888685835775     
          44          45   1.1691859042708015     
          37          46  0.75286985856120892     
          42          46   1.2599024651327178     
          45          46   1.2282311974371811     
          45          47   1.3546699915814950     
          47          48   1.3537575383784701     
          48          49   1.1610480541546033     
          49          50   1.6611751372035590     
          50          51   1.1605507010664975     
          37          52  0.75134996812555221     
          48          52   1.2392426329087418     
          51          52   1.2422468422941075     
          51          53   1.3529502821624932     
          53          54   1.3531060282632037     
          54          55   1.1605486358833110     
          55          56   1.6610984380890750     
          56          57   1.1611940405084187     
          37          58  0.75162873427420429     
          54          58   1.2419800389747664     
          57          58   1.2393485672983979     
          57          59   1.3534513989956818     
          38          60   1.1692563899690567     
          59          60   1.3550774712208271     
          37          61  0.75289996776648693     
          40          61   1.2604318696205521     
          60          61   1.2277116680011848     
          38          62  0.97178152700868770     
          39          63  0.96746652538452682     
          43          64  0.96730376749883307     
          44          65  0.97178278951213415     
          47          66  0.96377768765260763     
          49          67  0.97169484304818954     
          50          68  0.97171824658416295     
          53          69  0.96409501022149002     
          55          70  0.97171738726024470     
          56          71  0.97169297819211775     
          59          72  0.96377480968420859     
           5          73   1.1647120145188188     
          73          74   2.5839674687942371     
          75          76   2.5798189221630974     
          41          78   1.1650592668787747     
          77          78   2.5837599314300004     
          80          81   1.6451126028499345     
          81          82   1.1779986575086612     
          74          83   1.1663278784611677     
          82          83   1.2564593516716285     
          83          84   1.2568880127122639     
          84          85   1.1779974264339641     
          85          86   1.6450802572353918     
          86          87   1.1704535338279682     
          79          88  0.74918833904031701     
          84          88   1.2618734947510699     
          87          88   1.2264413892529749     
          87          89   1.3537589068663356     
          89          90   1.3545595930105101     
          90          91   1.1704737160095622     
          91          92   1.6448107825919220     
          92          93   1.1783535217895160     
          79          94  0.74988507873275612     
          90          94   1.2255635286657431     
          93          94   1.2625205636811616     
          75          95   1.1693126827271942     
          93          95   1.2551586405461923     
          95          96   1.2553358790261513     
          96          97   1.1783591242705060     
          97          98   1.6447582863846735     
          98          99   1.1705484919825988     
          79         100  0.74989253742082118     
          96         100   1.2623745027487752     
          99         100   1.2256974750160554     
          99         101   1.3543729806838798     
          80         102   1.1704169691980557     
         101         102   1.3539607760886414     
          79         103  0.74925682576247377     
          82         103   1.2620604818975831     
         102         103   1.2262021128024887     
          80         104  0.97178073964463962     
          81         105  0.96779357652508458     
          85         106  0.96758281042636940     
          86         107  0.97178461684778794     
          89         108  0.96344673548200344     
          91         109  0.97178071771794139     
          92         110  0.96713051997095301     
          97         111  0.96710238128774473     
          98         112  0.97178143113483550     
         101         113  0.96344465624395526     
         115         116   1.6448019891908059     
         116         117   1.1783548379795858     
          76         118   1.1693882403293170     
         117         118   1.2551698570505421     
         118         119   1.2551772579338853     
         119         120   1.1783915036821921     
         120         121   1.6447570019811000     
         121         122   1.1705435264714221     
         114         123  0.74993048367602611     
         119         123   1.2622928826707622     
         122         123   1.2255546905037353     
         122         124   1.3543819845378513     
         124         125   1.3538790090624986     
         125         126   1.1704952958681094     
         126         127   1.6450302033777873     
         127         128   1.1780757782635620     
         114         129  0.74924533949697947     
         125         129   1.2261167720561243     
         128         129   1.2619654076454920     
          77         130   1.1668119420396965     
         128         130   1.2563237185151759     
         130         131   1.2565191549512846     
         131         132   1.1781303100169445     
         132         133   1.6449664456823618     
         133         134   1.1705229211870256     
         114         135  0.74935081228429001     
         131         135   1.2617936433969998     
         134         135   1.2262530459843890     
         134         136   1.3537014606779985     
         115         137   1.1705168958007328     
         136         137   1.3545461168812236     
         114         138  0.74997587593879178     
         117         138   1.2624072610164676     
         137         138   1.2254123463716733     
         115         139  0.97178352601516627     
         116         140  0.96711560580971645     
         120         141  0.96715291574724527     
         121         142  0.97178374927515954     
         124         143  0.96343564740978527     
         126         144  0.97178557264015730     
         127         145  0.96758689222036620     
         132         146  0.96741775428684551     
         133         147  0.97178831197909843     
         136         148  0.96343696089037067     
