   -0.29231279
   -0.05219524
   -0.05053019
    0.07360425
    0.02522827
    0.07357824
   -0.05059139
   -0.05219733
    0.07310128
   -0.04789749
   -0.04146074
    0.07424664
   -0.05126238
   -0.05134809
    0.07456596
   -0.04692666
   -0.04324462
    0.07457162
   -0.05134500
   -0.05126733
    0.07424891
   -0.04690152
   -0.04146593
    0.07310686
   -0.04789438
    0.03521164
    0.03742250
    0.03742446
    0.03523300
    0.04903761
    0.03571075
    0.03561955
    0.04838063
    0.03562030
    0.03571234
    0.04903126
   -0.02026459
   -0.00949450
   -0.00206936
   -0.00205981
   -0.00943085
   -0.02031778
   -0.29342621
   -0.05218972
   -0.05054700
    0.07356106
    0.02531061
    0.07356302
   -0.05055327
   -0.05217242
    0.07304347
   -0.04760022
   -0.04133392
    0.07419002
   -0.05127526
   -0.05133969
    0.07451038
   -0.04656229
   -0.04310864
    0.07449781
   -0.05134600
   -0.05125944
    0.07420675
   -0.04656190
   -0.04132727
    0.07302939
   -0.04757015
    0.03522339
    0.03736411
    0.03735820
    0.03523408
    0.04896824
    0.03570146
    0.03562470
    0.04832033
    0.03561523
    0.03571700
    0.04895603
