           2           3   1.6452228941589366     
           3           4   1.1787398981194177     
           4           5   1.2517776142276755     
           5           6   1.2514102344666758     
           6           7   1.1787066431965827     
           7           8   1.6452933682593038     
           8           9   1.1698565671814725     
           1          10  0.75276967948230700     
           6          10   1.2617547069683406     
           9          10   1.2267308119064684     
           9          11   1.3552530245660404     
          11          12   1.3534367726929148     
          12          13   1.1612050984836513     
          13          14   1.6610786410147682     
          14          15   1.1605182937313328     
           1          16  0.75107518648587812     
          12          16   1.2393543505149347     
          15          16   1.2422837754470164     
          15          17   1.3529904905391232     
          17          18   1.3529758904431677     
          18          19   1.1605361393717724     
          19          20   1.6611108861413131     
          20          21   1.1611426534829801     
           1          22  0.75113810380012513     
          18          22   1.2422846831786856     
          21          22   1.2393211486781905     
          21          23   1.3535150103215792     
           2          24   1.1699053652732201     
          23          24   1.3551533963016560     
           1          25  0.75294349061198040     
           4          25   1.2615605235984868     
          24          25   1.2267831722997267     
           2          26  0.97179693466005501     
           3          27  0.96994406654379284     
           7          28  0.96993831210993608     
           8          29  0.97179771046431973     
          11          30  0.96377492891157324     
          13          31  0.97169404687676031     
          14          32  0.97172131969114206     
          17          33  0.96410183377849401     
          19          34  0.97172086023231530     
          20          35  0.97169626278183541     
          23          36  0.96377542649921455     
           5          37   1.1824293833086197     
          37          38   2.4488400858085284     
          38          39   1.3285335243942418     
          37          40  0.19374140041176804     
          39          40   2.3629618133142660     
          40          41   1.3286613594895598     
          39          42  0.19367298597846780     
          41          42   2.4483205892677420     
          44          45   1.6447807894649347     
          45          46   1.1788241589179220     
          42          47   1.1833365063435139     
          46          47   1.2509748870487507     
          47          48   1.2504451871734821     
          48          49   1.1790044711081589     
          49          50   1.6448140375231590     
          50          51   1.1699097555737465     
          43          52  0.75280641021354788     
          48          52   1.2620009277196482     
          51          52   1.2262373618743490     
          51          53   1.3551252697170642     
          53          54   1.3525836177345250     
          54          55   1.1614344580141065     
          55          56   1.6606898686386136     
          56          57   1.1606170477022142     
          43          58  0.75131427746528856     
          54          58   1.2394348418943868     
          57          58   1.2418394858284141     
          57          59   1.3527360172951650     
          59          60   1.3522582194808312     
          60          61   1.1607758200128175     
          61          62   1.6606699859066394     
          62          63   1.1612796854063443     
          43          64  0.75136666589168077     
          60          64   1.2422471493784746     
          63          64   1.2389759404140692     
          63          65   1.3531384936099193     
          44          66   1.1701390573420238     
          65          66   1.3545427103387482     
          43          67  0.75298836336087072     
          46          67   1.2614196137279117     
          66          67   1.2266499958066857     
          44          68  0.97180133928342471     
          45          69  0.97000512226391800     
          49          70  0.97001952724642060     
          50          71  0.97180302401978436     
          53          72  0.96386890660498492     
          55          73  0.97170180080303403     
          56          74  0.97172602207596392     
          59          75  0.96418767213537837     
          61          76  0.97172440036768559     
          62          77  0.97169890646043267     
          65          78  0.96386637924472096     
