    0.19632771
   -0.05078596
   -0.04885985
    0.07820247
    0.01840679
    0.07811996
   -0.04911751
   -0.05078909
    0.07705669
   -0.17113805
   -0.04974245
    0.07828424
   -0.04972288
   -0.04988491
    0.07903340
   -0.16974837
   -0.05146309
    0.07902908
   -0.04989776
   -0.04973476
    0.07829712
   -0.16980074
   -0.04976632
    0.07707727
   -0.17115146
    0.03433249
    0.03507700
    0.03541524
    0.03433689
    0.04971503
    0.03484379
    0.03478589
    0.04895123
    0.03478386
    0.03485079
    0.04970267
    0.19624694
   -0.05077882
   -0.04894679
    0.07816084
    0.01839678
    0.07813902
   -0.04904586
   -0.05078747
    0.07708361
   -0.17116814
   -0.04976470
    0.07830272
   -0.04974264
   -0.04990752
    0.07902366
   -0.16973748
   -0.05146863
    0.07904976
   -0.04991311
   -0.04973463
    0.07828579
   -0.16977665
   -0.04975996
    0.07709941
   -0.17120619
    0.03431506
    0.03517184
    0.03533095
    0.03431018
    0.04969016
    0.03482480
    0.03476679
    0.04893754
    0.03477024
    0.03481987
    0.04969057
   -0.02832916
   -0.02814644
   -0.02815610
   -0.02829915
    0.19756558
   -0.05078836
   -0.04914073
    0.07848276
    0.01834613
    0.07844678
   -0.04940796
   -0.05078365
    0.07658344
   -0.17233676
   -0.04777556
    0.07659600
   -0.05078705
   -0.04916967
    0.07847405
   -0.17239263
    0.01834033
    0.07847945
   -0.04936981
   -0.05074361
    0.07656641
   -0.17236990
   -0.04774740
    0.07657806
   -0.17236152
    0.03389451
    0.03433478
    0.03481661
    0.03391151
    0.04997389
    0.03390685
    0.03443867
    0.03479151
    0.03390722
    0.04996657
