           2           3   1.6511061419405488     
           3           4   1.1739613384123608     
           4           5   1.2557088144594473     
           5           6   1.2548265102586504     
           6           7   1.1742924263543697     
           7           8   1.6506974864899961     
           8           9   1.1666940821335370     
           1          10  0.53266058731922616     
           6          10   1.2870007684461284     
           9          10   1.2502016567835226     
           9          11   1.3541702706449790     
          11          12   1.3522951041691673     
          12          13   1.1578836012757829     
          13          14   1.6660699579967144     
          14          15   1.1575812896982371     
           1          16  0.53428716084444050     
          12          16   1.2631884698235478     
          15          16   1.2653853375600268     
          15          17   1.3514411164044513     
          17          18   1.3514443504818159     
          18          19   1.1577263614481608     
          19          20   1.6658277987441323     
          20          21   1.1580147221490436     
           1          22  0.53447223834825863     
          18          22   1.2652701229058922     
          21          22   1.2631585719379224     
          21          23   1.3521748682300279     
           2          24   1.1663803654533469     
          23          24   1.3542338503067024     
           1          25  0.53260240258458291     
           4          25   1.2867826452900291     
          24          25   1.2504693669227804     
           2          26  0.97230451039658017     
           3          27  0.96785290187821049     
           7          28  0.96801956518823795     
           8          29  0.97230310261289354     
          11          30  0.96383770100825716     
          13          31  0.97222106536173869     
          14          32  0.97223281778589321     
          17          33  0.96426275742654444     
          19          34  0.97223962722933077     
          20          35  0.97221922015776829     
          23          36  0.96383595296805769     
          38          39   1.6510592621639533     
          39          40   1.1739825904926966     
          40          41   1.2556325678372242     
          41          42   1.2554739914825710     
          42          43   1.1740178545908615     
          43          44   1.6509964570060878     
          44          45   1.1664895916456062     
          37          46  0.53237432050729239     
          42          46   1.2868574489859783     
          45          46   1.2505387630624167     
          45          47   1.3540619426317877     
          47          48   1.3523297221656783     
          48          49   1.1578309019672488     
          49          50   1.6660971674960621     
          50          51   1.1575340876953399     
          37          52  0.53434447335913959     
          48          52   1.2632489973606416     
          51          52   1.2653307405450245     
          51          53   1.3515575622984268     
          53          54   1.3513864769112596     
          54          55   1.1575601823782287     
          55          56   1.6660442517142149     
          56          57   1.1578877411916002     
          37          58  0.53431588434356625     
          54          58   1.2655032170964264     
          57          58   1.2630778527627391     
          57          59   1.3524094061929697     
          38          60   1.1664673519624729     
          59          60   1.3540359881400983     
          37          61  0.53229905032246294     
          40          61   1.2867783963960853     
          60          61   1.2505921763982042     
          38          62  0.97230645984994279     
          39          63  0.96804320788559950     
          43          64  0.96832113445961587     
          44          65  0.97230702135807845     
          47          66  0.96384683969491525     
          49          67  0.97222310704027215     
          50          68  0.97224504574714110     
          53          69  0.96425652894469649     
          55          70  0.97224319345362065     
          56          71  0.97222222333860875     
          59          72  0.96383942281818147     
           5          73   1.1708079653146464     
          73          74   2.5758813526370585     
          41          76   1.1702075930084053     
          75          76   2.5761717005548368     
          78          79   1.6503373919589377     
          79          80   1.1743321902689601     
          74          81   1.1722343125129573     
          80          81   1.2534710230578718     
          81          82   1.2529156860575432     
          82          83   1.1743114912294259     
          83          84   1.6503652461707918     
          84          85   1.1671571695491281     
          77          86  0.52807338560371742     
          82          86   1.2894782207632058     
          85          86   1.2495470257232109     
          85          87   1.3538030406171548     
          87          88   1.3535645726180845     
          88          89   1.1669966000627994     
          89          90   1.6505608300019887     
          90          91   1.1741307464743789     
          77          92  0.52782314834166677     
          88          92   1.2499643731125811     
          91          92   1.2892118778093957     
          75          93   1.1717032161171128     
          91          93   1.2537360097499435     
          93          94   1.2531026099785239     
          94          95   1.1741553076239315     
          95          96   1.6504757462400119     
          96          97   1.1671617260459779     
          77          98  0.52792032063457284     
          94          98   1.2896414707502235     
          97          98   1.2494275978617186     
          97          99   1.3538636809281959     
          78         100   1.1671531893637750     
          99         100   1.3535455532980871     
          77         101  0.52800888766006526     
          80         101   1.2892918200385934     
         100         101   1.2498175518987216     
          78         102  0.97234435953106213     
          79         103  0.96796745188911504     
          83         104  0.96809979190296991     
          84         105  0.97233853760180744     
          87         106  0.96356170310177169     
          89         107  0.97234396496124131     
          90         108  0.96814415276435861     
          95         109  0.96840885290291012     
          96         110  0.97233879451522909     
          99         111  0.96355460248284719     
