    0.55995034
   -0.05592696
   -0.05277644
    0.06609803
    0.00793099
    0.06608360
   -0.05281548
   -0.05592555
    0.06891959
   -0.21469565
   -0.05747155
    0.07000083
   -0.05501354
   -0.05353038
    0.06591773
   -0.21273210
   -0.06180240
    0.06593523
   -0.05353819
   -0.05502759
    0.06998300
   -0.21272026
   -0.05749172
    0.06895146
   -0.21477014
    0.03062924
    0.03352368
    0.03354327
    0.03065389
    0.04791979
    0.03098986
    0.03045645
    0.04842818
    0.03047977
    0.03099882
    0.04791025
   -0.02039394
   -0.01384071
   -0.00488537
   -0.00489835
   -0.01381707
   -0.02043568
    0.56008082
   -0.05591719
   -0.05278634
    0.06607921
    0.00795516
    0.06611905
   -0.05278762
   -0.05591680
    0.06893673
   -0.21476694
   -0.05744897
    0.06994558
   -0.05502621
   -0.05353355
    0.06590181
   -0.21267077
   -0.06180966
    0.06590003
   -0.05353800
   -0.05502179
    0.06999439
   -0.21273512
   -0.05748318
    0.06893712
   -0.21475697
    0.03063496
    0.03353727
    0.03347160
    0.03064039
    0.04792456
    0.03099572
    0.03049734
    0.04843130
    0.03050108
    0.03100927
    0.04791081
