           2           3   1.6453818920291736     
           3           4   1.1796087760910512     
           4           5   1.2606469586280737     
           5           6   1.2602393671771850     
           6           7   1.1795592606267613     
           7           8   1.6455499085782861     
           8           9   1.1722138796623285     
           1          10  0.65337732067283594     
           6          10   1.2481656418268783     
           9          10   1.2260871633188453     
           9          11   1.3595345773818770     
          11          12   1.3591251407331852     
          12          13   1.1645649710533896     
          13          14   1.6597862136810662     
          14          15   1.1621909093694167     
           1          16  0.66001344710412013     
          12          16   1.2351993884407595     
          15          16   1.2293992485168714     
          15          17   1.3604038926102959     
          17          18   1.3601702841074621     
          18          19   1.1623725396763602     
          19          20   1.6596477841150432     
          20          21   1.1646201954015190     
           1          22  0.66023140976666950     
          18          22   1.2294582537480347     
          21          22   1.2350318402991096     
          21          23   1.3592828430897739     
           2          24   1.1724031530239587     
          23          24   1.3591738241905293     
           1          25  0.65324593081072635     
           4          25   1.2479629131353007     
          24          25   1.2263662555232553     
           2          26  0.97248632105471300     
           3          27  0.97001416548308761     
           7          28  0.97000107990631290     
           8          29  0.97247775945840720     
          11          30  0.96458217863311380     
          13          31  0.97239082430789725     
          14          32  0.97217897042992119     
          17          33  0.96326538276356466     
          19          34  0.97218854466818549     
          20          35  0.97239816448690175     
          23          36  0.96459997425304933     
           5          37   1.1763116489246175     
          37          38   2.4546307602347626     
          38          39   1.3252349560718613     
          37          40  0.19448911156602006     
          39          40   2.3679756137117121     
          40          41   1.3252697274749849     
          39          42  0.19448203499389816     
          41          42   2.4544592139053494     
          44          45   1.6454612916700282     
          45          46   1.1795495494594364     
          42          47   1.1764391090812232     
          46          47   1.2607110743289724     
          47          48   1.2599433203746586     
          48          49   1.1797630720383478     
          49          50   1.6450904894850256     
          50          51   1.1726125884871170     
          43          52  0.65337399761316961     
          48          52   1.2483848362841958     
          51          52   1.2258131281789408     
          51          53   1.3594424020575375     
          53          54   1.3591545047830511     
          54          55   1.1645524872857120     
          55          56   1.6597358731727643     
          56          57   1.1622772143339399     
          43          58  0.66054263286616910     
          54          58   1.2350799109026167     
          57          58   1.2292550998180258     
          57          59   1.3603312062299069     
          59          60   1.3601962600105895     
          60          61   1.1623591440598668     
          61          62   1.6596372958664460     
          62          63   1.1646272610251036     
          43          64  0.66045324954996310     
          60          64   1.2293776314441369     
          63          64   1.2349608085491943     
          63          65   1.3593045491851932     
          44          66   1.1722998132838436     
          65          66   1.3592038921924814     
          43          67  0.65338451376542539     
          46          67   1.2478196953245315     
          66          67   1.2263721571757493     
          44          68  0.97247733012044291     
          45          69  0.97000922252861044     
          49          70  0.97001593984016243     
          50          71  0.97247452777315746     
          53          72  0.96458008863295996     
          55          73  0.97239324081879164     
          56          74  0.97218681114092731     
          59          75  0.96326520901493717     
          61          76  0.97219456752239430     
          62          77  0.97239491119277388     
          65          78  0.96458906767346020     
