   -0.05456592
   -0.05309447
    0.08703004
    0.01130711
    0.06405829
   -0.04980327
   -0.05179861
    0.06454777
   -0.08160236
   -0.05530797
    0.08690652
   -0.05374541
   -0.05374236
    0.08647673
   -0.32102858
   -0.05677417
    0.06502992
   -0.05097375
   -0.05080259
    0.06582176
   -0.08105121
   -0.05512755
    0.08583100
   -0.32494724
    0.01888340
    0.02135607
    0.04303486
    0.04130534
    0.21412575
    0.04682816
    0.01945186
    0.01950940
    0.04614557
    0.04197642
    0.04195890
    0.21444442
    0.04710412
   -0.05466196
   -0.05297420
    0.08716846
    0.01138256
    0.06401976
   -0.04997125
   -0.05173376
    0.06443319
   -0.08125322
   -0.05503065
    0.08686826
   -0.05372038
   -0.05375244
    0.08648962
   -0.32090821
   -0.05671744
    0.06502328
   -0.05099612
   -0.05082726
    0.06578573
   -0.08098584
   -0.05504082
    0.08572112
   -0.32506991
    0.01867868
    0.02120166
    0.04330399
    0.04147294
    0.21415756
    0.04699607
    0.01950887
    0.01954584
    0.04618563
    0.04196807
    0.04193533
    0.21438204
    0.04704672
   -0.01992740
   -0.01181026
   -0.00277446
   -0.00344923
   -0.01101835
   -0.02068821
   -0.02099774
   -0.01108626
   -0.00364208
   -0.00302960
   -0.01190905
   -0.02017177
   -0.05434711
   -0.05262930
    0.08704057
    0.01178913
    0.06351246
   -0.05024215
   -0.05170406
    0.06432511
   -0.08153623
   -0.05303135
    0.08546670
   -0.05442174
   -0.05305726
    0.08691898
   -0.32423451
    0.01163957
    0.06376880
   -0.04995261
   -0.05169009
    0.06435095
   -0.08179199
   -0.05310879
    0.08565343
   -0.32446479
    0.01896192
    0.02132668
    0.04301552
    0.04139962
    0.21462341
    0.04774670
    0.01896457
    0.02132326
    0.04308152
    0.04132557
    0.21440421
    0.04767783
