           1           2   1.7172920380493386     
           2           3   1.1211933298112045     
           3           4   1.2456491188988692     
           4           5   1.2515541447509144     
           5           6   1.2360151411580638     
           6           7   1.5937830310661412     
           7           8   1.2231410709342725     
           5           9   1.2242106863875488     
           8           9   1.2026850902744122     
           8          10   1.3448309999014854     
          10          11   1.3569256295235452     
          11          12   1.1066144258242476     
          12          13   1.7311217228677622     
          13          14   1.1087918655150268     
          11          15   1.3244912721732118     
          14          15   1.3250821119271550     
          14          16   1.3539378023367870     
          16          17   1.3470185315558543     
          17          18   1.2153083362895147     
          18          19   1.6088965331536040     
          19          20   1.2144762859321294     
          17          21   1.2097407820681072     
          20          21   1.2112263842332089     
          20          22   1.3431177687725302     
           1          23   1.1145001418088181     
          22          23   1.3651124787501163     
           3          24   1.3588383669673507     
          23          24   1.3009817706134699     
           1          25  0.97276915413154597     
           2          26  0.97133719806919605     
           6          27  0.97184255935665409     
           7          28  0.97292519975604508     
           9          29  0.89986010643700354     
          10          30  0.96370738729205851     
          12          31  0.97274161456714792     
          13          32  0.97278931620176678     
          16          33  0.96473636150174435     
          18          34  0.97288696356399962     
          19          35  0.97281593403157252     
          21          36  0.90015709751920814     
          22          37  0.96352232863224507     
          38          39   1.7167329511736658     
          39          40   1.1215033739703197     
          40          41   1.2448143355390706     
          41          42   1.2480899786318471     
          42          43   1.2369341090407497     
          43          44   1.5929101150046936     
          44          45   1.2237404146792044     
          42          46   1.2253580597305178     
          45          46   1.2021051811846637     
          45          47   1.3445983879161478     
          47          48   1.3571192953284499     
          48          49   1.1067255865710923     
          49          50   1.7310107837790216     
          50          51   1.1088454067312514     
          48          52   1.3241712088434272     
          51          52   1.3252309247753691     
          51          53   1.3537411687853533     
          53          54   1.3468961487750888     
          54          55   1.2154795559910043     
          55          56   1.6085741336698580     
          56          57   1.2147561545942531     
          54          58   1.2096915972719511     
          57          58   1.2112548199663580     
          57          59   1.3425508040802749     
          38          60   1.1147167850073225     
          59          60   1.3657491268867963     
          40          61   1.3602279681267837     
          60          61   1.3000870009191832     
          38          62  0.97278994602987201     
          39          63  0.97139844289923605     
          43          64  0.97181481954842630     
          44          65  0.97290971847203356     
          46          66  0.89986555905479537     
          47          67  0.96367942940637730     
          49          68  0.97274173568523925     
          50          69  0.97279214375648959     
          53          70  0.96473208689688883     
          55          71  0.97288684147946602     
          56          72  0.97281852307427841     
          58          73  0.90021591335384932     
          59          74  0.96353321065243458     
           4          75   1.1859331172481247     
          75          76   2.4428093978654513     
          76          77   1.3288135391350455     
          75          78  0.19105199109297921     
          77          78   2.3578746757223223     
          78          79   1.3298706502508870     
          77          80  0.19075568335517878     
          79          80   2.4392956899134357     
          81          82   2.4346763695615450     
          82          83   1.3343990789900591     
          81          84  0.19124441667934891     
          83          84   2.3531534870764923     
          84          85   1.3332649775993091     
          41          86   1.1903517808029445     
          83          86  0.19145934951772681     
          85          86   2.4385053204997234     
          87          88   1.7161783650388960     
          88          89   1.1230909029594569     
          80          90   1.1902682482300713     
          89          90   1.2456051101907786     
          90          91   1.2447454595216028     
          91          92   1.2401195350706038     
          92          93   1.5887756398464932     
          93          94   1.2269635121795848     
          91          95   1.2256163269272686     
          94          95   1.2034264147447578     
          94          96   1.3365850587535399     
          96          97   1.3704509953246542     
          97          98   1.1148844112900387     
          98          99   1.7156994085961865     
          99         100   1.1232859718294674     
          97         101   1.2958137881795542     
         100         101   1.3617031753246198     
          81         102   1.1948019243712602     
         100         102   1.2406855591398551     
         102         103   1.2456133551359583     
         103         104   1.2402806419477281     
         104         105   1.5887762344520868     
         105         106   1.2266523168362302     
         103         107   1.2255977961477729     
         106         107   1.2034052659530661     
         106         108   1.3373373342194592     
          87         109   1.1143497190203422     
         108         109   1.3688711648605631     
          89         110   1.3587171466609762     
         109         110   1.2982986235969822     
          87         111  0.97276771527909323     
          88         112  0.97150972911870759     
          92         113  0.97197553786832158     
          93         114  0.97289913087138435     
          95         115  0.89738445103148079     
          96         116  0.96302967386173588     
          98         117  0.97275334844760430     
          99         118  0.97150268020106989     
         104         119  0.97202898400005899     
         105         120  0.97291449728819779     
         107         121  0.89747446029569644     
         108         122  0.96307260512668691     
