    0.10360540
   -0.05299782
   -0.05143186
    0.07273038
    0.01696566
    0.07271073
   -0.05146778
   -0.05298662
    0.07185554
   -0.13140045
   -0.04994043
    0.07297771
   -0.05209533
   -0.05218317
    0.07327081
   -0.12970754
   -0.05168716
    0.07327471
   -0.05218451
   -0.05209605
    0.07297406
   -0.12970559
   -0.04994564
    0.07185643
   -0.13133584
    0.03429255
    0.03653588
    0.03655419
    0.03428915
    0.04991001
    0.03479444
    0.03468619
    0.04927166
    0.03468785
    0.03479299
    0.04991234
    0.10349994
   -0.05298669
   -0.05143051
    0.07271790
    0.01697472
    0.07270796
   -0.05145643
   -0.05299076
    0.07187085
   -0.13134346
   -0.04995088
    0.07298348
   -0.05209140
   -0.05217841
    0.07327486
   -0.12969518
   -0.05168409
    0.07327980
   -0.05217915
   -0.05209190
    0.07297952
   -0.12969700
   -0.04994479
    0.07186494
   -0.13135076
    0.03429830
    0.03652976
    0.03656154
    0.03430334
    0.04991455
    0.03479888
    0.03469019
    0.04927329
    0.03469035
    0.03479676
    0.04991290
   -0.01985244
   -0.01029458
   -0.00221699
   -0.00243477
   -0.01005604
   -0.02005502
   -0.01986803
   -0.01008555
   -0.00223609
   -0.00223720
   -0.01008651
   -0.01987229
   -0.02000221
   -0.01004304
   -0.00239353
   -0.00218019
   -0.01026961
   -0.01981330
    0.10280079
   -0.05289950
   -0.05153189
    0.07301596
    0.01704329
    0.07302852
   -0.05150790
   -0.05291210
    0.07171882
   -0.13207881
   -0.04787234
    0.07169683
   -0.05288697
   -0.05152183
    0.07307921
   -0.13214157
    0.01696648
    0.07307467
   -0.05155519
   -0.05288877
    0.07169495
   -0.13213965
   -0.04786051
    0.07170476
   -0.13206513
    0.03413868
    0.03625082
    0.03626046
    0.03413953
    0.05030587
    0.03414947
    0.03625006
    0.03626314
    0.03415587
    0.05031257
    0.10275493
   -0.05288530
   -0.05153647
    0.07306544
    0.01697042
    0.07307516
   -0.05153374
   -0.05289171
    0.07169555
   -0.13210758
   -0.04787044
    0.07171373
   -0.05289843
   -0.05154366
    0.07300787
   -0.13207201
    0.01703994
    0.07303314
   -0.05148713
   -0.05290875
    0.07172669
   -0.13210205
   -0.04788476
    0.07170467
   -0.13212914
    0.03415458
    0.03626154
    0.03625943
    0.03415881
    0.05031186
    0.03415058
    0.03625887
    0.03624153
    0.03413719
    0.05030269
