           2           3   1.6414309109255880     
           3           4   1.1834824891242299     
           4           5   1.2562434726065612     
           5           6   1.2561458766736500     
           6           7   1.1835358877666360     
           7           8   1.6413903026191172     
           8           9   1.1743714788308401     
           1          10  0.72197159343702411     
           6          10   1.2612641401250753     
           9          10   1.2274500445264958     
           9          11   1.3593020583741173     
          11          12   1.3586341118629475     
          12          13   1.1656760782687916     
          13          14   1.6573907256576383     
          14          15   1.1651327110017693     
           1          16  0.72373232355534933     
          12          16   1.2387442983507249     
          15          16   1.2417891624644595     
          15          17   1.3577125051422643     
          17          18   1.3576728007473737     
          18          19   1.1651362101385176     
          19          20   1.6573746206132487     
          20          21   1.1656946252184293     
           1          22  0.72368885581431930     
          18          22   1.2418347568260040     
          21          22   1.2387443865081742     
          21          23   1.3586361505484139     
           2          24   1.1743478214035454     
          23          24   1.3592936244812457     
           1          25  0.72221197851085406     
           4          25   1.2612340293090920     
          24          25   1.2274352323326254     
           2          26  0.97198231887985520     
           3          27  0.97008649715336170     
           7          28  0.97012693680902373     
           8          29  0.97198068644107727     
          11          30  0.96324170958924549     
          13          31  0.97188184806229916     
          14          32  0.97190877098190953     
          17          33  0.96355276846407290     
          19          34  0.97191042888428392     
          20          35  0.97188191194921358     
          23          36  0.96324691582198985     
          38          39   1.6414435865082631     
          39          40   1.1834791517421124     
          40          41   1.2564106851695669     
          41          42   1.2564496900363951     
          42          43   1.1833965041988308     
          43          44   1.6415376861402886     
          44          45   1.1742882767067961     
          37          46  0.72210827637223074     
          42          46   1.2611011310012461     
          45          46   1.2275295426581567     
          45          47   1.3592815939689959     
          47          48   1.3586608943679290     
          48          49   1.1656520313776555     
          49          50   1.6574251857318318     
          50          51   1.1651096166972394     
          37          52  0.72368835392660391     
          48          52   1.2387561759258654     
          51          52   1.2418117299545459     
          51          53   1.3577170367019105     
          53          54   1.3576830703660139     
          54          55   1.1651270455465097     
          55          56   1.6573928867794165     
          56          57   1.1656831350590795     
          37          58  0.72368679488738985     
          54          58   1.2418250829344584     
          57          58   1.2387434825994537     
          57          59   1.3586631597561065     
          38          60   1.1743488896192120     
          59          60   1.3592546969037678     
          37          61  0.72215031097832472     
          40          61   1.2611455137916496     
          60          61   1.2274822375565888     
          38          62  0.97198044785724347     
          39          63  0.97009773561431856     
          43          64  0.97010686535529689     
          44          65  0.97198047731823112     
          47          66  0.96324379971254082     
          49          67  0.97188103918739310     
          50          68  0.97190847162708116     
          53          69  0.96355281106247737     
          55          70  0.97190944154495229     
          56          71  0.97188118593440231     
          59          72  0.96324617564348081     
           5          73   1.1811982958266862     
          73          74   2.4492946778195899     
          74          75   1.3284553382690794     
          73          76  0.19359502570807957     
          75          76   2.3623888731465370     
          76          77   1.3292807868212362     
          75          78  0.19346136205538458     
          77          78   2.4467907318761029     
          79          80   2.4453548733683599     
          80          81   1.3304559866353702     
          79          82  0.19316620368343901     
          81          82   2.3599518634025767     
          82          83   1.3304468366053304     
          81          84  0.19316694272650242     
          83          84   2.4453809976855947     
          85          86   2.4472681704371748     
          86          87   1.3287939796016650     
          85          88  0.19338070600161508     
          87          88   2.3628620157555487     
          88          89   1.3280408242396833     
          41          90   1.1807239259198699     
          87          90  0.19356677126488431     
          89          90   2.4497209833177740     
          92          93   1.6405808184950552     
          93          94   1.1837675362763702     
          78          95   1.1836950635701389     
          94          95   1.2536217158276732     
          95          96   1.2538905887718028     
          96          97   1.1837638162435331     
          97          98   1.6405930676886544     
          98          99   1.1751264386792473     
          91         100  0.71834236660303807     
          96         100   1.2640827083863879     
          99         100   1.2261285979833099     
          99         101   1.3589650720125370     
         101         102   1.3591699004376008     
         102         103   1.1751106517951009     
         103         104   1.6405976646404090     
         104         105   1.1837497107132973     
          91         106  0.71800566141082234     
         102         106   1.2259800844858049     
         105         106   1.2644677238360269     
          79         107   1.1843825038354547     
         105         107   1.2534601704124693     
         107         108   1.2532985438924418     
         108         109   1.1838389840757060     
         109         110   1.6405275840991038     
         110         111   1.1751381805890213     
          91         112  0.71797427633028665     
         108         112   1.2644502813925718     
         111         112   1.2259762872335527     
         111         113   1.3591491801331390     
          92         114   1.1751627087048928     
         113         114   1.3590059530538308     
          91         115  0.71826294094348075     
          94         115   1.2642280415184945     
         114         115   1.2260379006299529     
          92         116  0.97197841640620541     
          93         117  0.97014442158033665     
          97         118  0.97014142183894536     
          98         119  0.97198600039346594     
         101         120  0.96299068568158130     
         103         121  0.97198435755944979     
         104         122  0.97014664018943819     
         109         123  0.97014180088908752     
         110         124  0.97198564520229025     
         113         125  0.96298706898510644     
         127         128   1.6405940321698806     
         128         129   1.1837855663488965     
          84         130   1.1843554737061714     
         129         130   1.2534790407799346     
         130         131   1.2533398701334886     
         131         132   1.1838133323277742     
         132         133   1.6405403833472028     
         133         134   1.1751394755105793     
         126         135  0.71808187509332622     
         131         135   1.2644437651997522     
         134         135   1.2259609097646731     
         134         136   1.3591474046017284     
         136         137   1.3590215440590596     
         137         138   1.1751067534624551     
         138         139   1.6406666075083389     
         139         140   1.1837091761499960     
         126         141  0.71826718504549525     
         137         141   1.2260782036140949     
         140         141   1.2641074371203282     
          85         142   1.1832171976364276     
         140         142   1.2538079496087180     
         142         143   1.2541546582210934     
         143         144   1.1836756053682176     
         144         145   1.6406799218728063     
         145         146   1.1750888299959030     
         126         147  0.71831266941921879     
         143         147   1.2640010467304603     
         146         147   1.2261710885969119     
         146         148   1.3589628921422565     
         127         149   1.1750899431022028     
         148         149   1.3591739196088870     
         126         150  0.71807162963806048     
         129         150   1.2643568484669627     
         149         150   1.2260011949608631     
         127         151  0.97198463641335131     
         128         152  0.97014935591178708     
         132         153  0.97013889966331845     
         133         154  0.97198522711614022     
         136         155  0.96298688186364367     
         138         156  0.97198005328286075     
         139         157  0.97013944912639849     
         144         158  0.97013957991396238     
         145         159  0.97198449290020950     
         148         160  0.96299010157120568     
