    0.56162680
   -0.05459277
   -0.05428425
    0.06950911
    0.01163397
    0.06954144
   -0.05430583
   -0.05461355
    0.06399191
   -0.21380759
   -0.06067589
    0.06520628
   -0.05356690
   -0.05531792
    0.07028356
   -0.21289358
   -0.05939240
    0.07027301
   -0.05531599
   -0.05356726
    0.06522138
   -0.21286868
   -0.06067816
    0.06402859
   -0.21387174
    0.03029183
    0.03176540
    0.03183412
    0.03029100
    0.04915905
    0.03042959
    0.03074405
    0.04704854
    0.03074786
    0.03043908
    0.04915697
    0.56154993
   -0.05458427
   -0.05428904
    0.06956314
    0.01158495
    0.06952814
   -0.05438328
   -0.05457955
    0.06406361
   -0.21389104
   -0.06069762
    0.06523816
   -0.05358530
   -0.05531873
    0.07023185
   -0.21282733
   -0.05938277
    0.07023889
   -0.05531931
   -0.05358343
    0.06523893
   -0.21283467
   -0.06069436
    0.06406697
   -0.21392386
    0.03027924
    0.03185338
    0.03199571
    0.03028836
    0.04914059
    0.03043385
    0.03074355
    0.04705527
    0.03074159
    0.03043094
    0.04913463
   -0.03069655
   -0.03082909
   -0.03082998
   -0.03067895
    0.56614795
   -0.05454130
   -0.05425957
    0.06984077
    0.01145929
    0.06977297
   -0.05441991
   -0.05454597
    0.06369655
   -0.21503986
   -0.05928877
    0.06373343
   -0.05452207
   -0.05434048
    0.06985213
   -0.21516195
    0.01142899
    0.06984022
   -0.05441073
   -0.05451994
    0.06375046
   -0.21519600
   -0.05930634
    0.06369580
   -0.21506318
    0.03028365
    0.03157203
    0.03171694
    0.03030404
    0.04978090
    0.03028851
    0.03165963
    0.03180454
    0.03027918
    0.04976451
