           2           3   1.6444888372516369     
           3           4   1.1816316194112140     
           4           5   1.2619691475920514     
           5           6   1.2619407556574849     
           6           7   1.1816778383155007     
           7           8   1.6444415837271043     
           8           9   1.1709188942637461     
           1          10  0.65723588054776716     
           6          10   1.2561302355240611     
           9          10   1.2172741293717069     
           9          11   1.3605311246997529     
          11          12   1.3613699240224797     
          12          13   1.1627993967319699     
          13          14   1.6598260966804874     
          14          15   1.1638417383162158     
           1          16  0.65940347036136082     
          12          16   1.2263595912447105     
          15          16   1.2390587137982589     
          15          17   1.3578138584772548     
          17          18   1.3579306509701723     
          18          19   1.1637661130645838     
          19          20   1.6599495559981592     
          20          21   1.1626845436572026     
           1          22  0.65943917848609201     
          18          22   1.2390304210984184     
          21          22   1.2263490294846808     
          21          23   1.3615020867584371     
           2          24   1.1708864338701483     
          23          24   1.3603913215357115     
           1          25  0.65672794598171480     
           4          25   1.2561359520611322     
          24          25   1.2175416038914093     
           2          26  0.97224860447351302     
           3          27  0.96841012915239588     
           7          28  0.96835068397178881     
           8          29  0.97224894276390683     
          11          30  0.96296525513246967     
          13          31  0.97217131308629812     
          14          32  0.97243902873332910     
          17          33  0.96496909968833189     
          19          34  0.97243869823441331     
          20          35  0.97216820997020847     
          23          36  0.96296453458889275     
          38          39   1.6447932280342283     
          39          40   1.1813145162231584     
          40          41   1.2625252134007352     
          41          42   1.2623943018508119     
          42          43   1.1812782232246444     
          43          44   1.6448504615894761     
          44          45   1.1706937174709273     
          37          46  0.65650924888387208     
          42          46   1.2562297015329285     
          45          46   1.2175448830507536     
          45          47   1.3607191599634607     
          47          48   1.3612548679111600     
          48          49   1.1627728871572360     
          49          50   1.6598025440649145     
          50          51   1.1639088438575034     
          37          52  0.65960853542884035     
          48          52   1.2265394686964062     
          51          52   1.2387977201778673     
          51          53   1.3579663959927950     
          53          54   1.3579076361330868     
          54          55   1.1638862049541756     
          55          56   1.6598216774261632     
          56          57   1.1627610894243978     
          37          58  0.65949207047245728     
          54          58   1.2388946031973758     
          57          58   1.2265261338760629     
          57          59   1.3613000453928950     
          38          60   1.1707395112936285     
          59          60   1.3606795669512419     
          37          61  0.65650852457531483     
          40          61   1.2561993137776937     
          60          61   1.2175659658848126     
          38          62  0.97224888613882965     
          39          63  0.96882893097921052     
          43          64  0.96891463347373008     
          44          65  0.97224808966124188     
          47          66  0.96297924127633916     
          49          67  0.97216872344317506     
          50          68  0.97243540076389900     
          53          69  0.96496148044105357     
          55          70  0.97243635258785910     
          56          71  0.97216845086722248     
          59          72  0.96297924618763175     
           5          73   1.1692703595130591     
          73          74   2.5820645309326098     
          41          76   1.1682294622555618     
          75          76   2.5825058759439208     
          78          79   1.6439445141323215     
          79          80   1.1816661475892933     
          74          81   1.1705677752420223     
          80          81   1.2603199471345716     
          81          82   1.2596477762659792     
          82          83   1.1817617469014450     
          83          84   1.6438732093686301     
          84          85   1.1715835617154811     
          77          86  0.65267996665804473     
          82          86   1.2587583568840308     
          85          86   1.2158881543695190     
          85          87   1.3605530190457449     
          87          88   1.3606840066383932     
          88          89   1.1714547423844790     
          89          90   1.6442107553091350     
          90          91   1.1813441901859831     
          77          92  0.65229127385434804     
          88          92   1.2160218827691665     
          91          92   1.2587702945549577     
          75          93   1.1695974326655176     
          91          93   1.2604758117441699     
          93          94   1.2603438498152937     
          94          95   1.1814265203635688     
          95          96   1.6441805030887044     
          96          97   1.1714244167846595     
          77          98  0.65205165295856871     
          94          98   1.2587929393643451     
          97          98   1.2161255479310009     
          97          99   1.3606292008794374     
          78         100   1.1715448113070837     
          99         100   1.3605345505384152     
          77         101  0.65304603864589539     
          80         101   1.2584873633871076     
         100         101   1.2159459681910925     
          78         102  0.97224283832910030     
          79         103  0.96845299186565181     
          83         104  0.96839425330470064     
          84         105  0.97224317090177903     
          87         106  0.96270548280347656     
          89         107  0.97224699627226252     
          90         108  0.96888362314355037     
          95         109  0.96897164433157590     
          96         110  0.97224997428510707     
          99         111  0.96271292096022520     
