   -0.05476531
   -0.05306180
    0.08709296
    0.01178250
    0.06412221
   -0.04982647
   -0.05177015
    0.06429106
   -0.08101158
   -0.05488890
    0.08681124
   -0.05372470
   -0.05376738
    0.08649037
   -0.32082976
   -0.05665067
    0.06501149
   -0.05104104
   -0.05086692
    0.06570078
   -0.08087526
   -0.05490114
    0.08552153
   -0.32472400
    0.01857712
    0.02066408
    0.04324807
    0.04148443
    0.21411787
    0.04706363
    0.01953878
    0.01956654
    0.04624930
    0.04198813
    0.04192508
    0.21440086
    0.04706829
   -0.05477017
   -0.05305647
    0.08708700
    0.01178005
    0.06410077
   -0.04983031
   -0.05177192
    0.06430491
   -0.08100915
   -0.05487190
    0.08681392
   -0.05372287
   -0.05377247
    0.08649853
   -0.32080792
   -0.05665284
    0.06502750
   -0.05103901
   -0.05085912
    0.06568958
   -0.08087648
   -0.05491501
    0.08552215
   -0.32474360
    0.01856927
    0.02066879
    0.04323747
    0.04148376
    0.21412813
    0.04706601
    0.01953930
    0.01956841
    0.04625122
    0.04198989
    0.04192815
    0.21439847
    0.04706538
   -0.02165756
   -0.01138761
   -0.01044341
   -0.02254818
   -0.02177768
   -0.01074140
   -0.01045478
   -0.02203707
   -0.02177628
   -0.01060955
   -0.01047577
   -0.02191523
   -0.02181727
   -0.01053257
   -0.01049033
   -0.02184417
   -0.02185303
   -0.01048842
   -0.01053571
   -0.02180693
   -0.02191432
   -0.01048139
   -0.01061344
   -0.02177955
   -0.02202786
   -0.01047374
   -0.01075060
   -0.02178171
   -0.02255514
   -0.01044463
   -0.01138604
   -0.02166444
   -0.05455449
   -0.05293675
    0.08689096
    0.01233918
    0.06355481
   -0.05007675
   -0.05182127
    0.06405610
   -0.08111686
   -0.05266775
    0.08518675
   -0.05451049
   -0.05302732
    0.08701929
   -0.32395570
    0.01183737
    0.06368537
   -0.05017594
   -0.05175276
    0.06397476
   -0.08119362
   -0.05261316
    0.08520731
   -0.32385113
    0.01874961
    0.02073733
    0.04306379
    0.04133658
    0.21440795
    0.04781770
    0.01877286
    0.02065362
    0.04295096
    0.04134105
    0.21438514
    0.04783931
   -0.05451017
   -0.05299659
    0.08700137
    0.01220337
    0.06368441
   -0.05011855
   -0.05177635
    0.06397480
   -0.08101419
   -0.05252802
    0.08518010
   -0.05449283
   -0.05299701
    0.08705232
   -0.32386714
    0.01200400
    0.06369040
   -0.05016721
   -0.05174751
    0.06396777
   -0.08104594
   -0.05248715
    0.08518079
   -0.32377789
    0.01885671
    0.02077339
    0.04306646
    0.04141836
    0.21438253
    0.04793245
    0.01884813
    0.02071753
    0.04301067
    0.04142363
    0.21439774
    0.04795248
   -0.05449057
   -0.05299564
    0.08703581
    0.01214829
    0.06371583
   -0.05012461
   -0.05174768
    0.06396732
   -0.08101326
   -0.05250641
    0.08519181
   -0.05448853
   -0.05299591
    0.08702065
   -0.32380182
    0.01207793
    0.06370705
   -0.05014563
   -0.05174935
    0.06397771
   -0.08104311
   -0.05246875
    0.08518343
   -0.32375453
    0.01888758
    0.02076146
    0.04307461
    0.04145198
    0.21440482
    0.04797833
    0.01888256
    0.02073760
    0.04304116
    0.04144373
    0.21441442
    0.04798465
   -0.05448474
   -0.05297543
    0.08702389
    0.01211443
    0.06368607
   -0.05013993
   -0.05174080
    0.06399050
   -0.08104832
   -0.05248000
    0.08519748
   -0.05448669
   -0.05299485
    0.08700892
   -0.32374983
    0.01211147
    0.06368627
   -0.05012599
   -0.05174500
    0.06400436
   -0.08107390
   -0.05248043
    0.08520344
   -0.32375519
    0.01888733
    0.02075944
    0.04305532
    0.04145947
    0.21444148
    0.04799791
    0.01889601
    0.02076278
    0.04304804
    0.04144732
    0.21443530
    0.04798820
   -0.05448646
   -0.05299736
    0.08703909
    0.01206951
    0.06369299
   -0.05014396
   -0.05174612
    0.06398842
   -0.08103215
   -0.05246916
    0.08519002
   -0.05448900
   -0.05298888
    0.08703309
   -0.32377317
    0.01214757
    0.06368128
   -0.05012868
   -0.05175094
    0.06399465
   -0.08101290
   -0.05249519
    0.08519394
   -0.32379836
    0.01888578
    0.02075312
    0.04304027
    0.04144840
    0.21440975
    0.04798106
    0.01888693
    0.02077140
    0.04307136
    0.04145494
    0.21441330
    0.04797879
   -0.05449186
   -0.05301579
    0.08705544
    0.01199592
    0.06368738
   -0.05015649
   -0.05174754
    0.06398956
   -0.08105200
   -0.05249095
    0.08518428
   -0.05451128
   -0.05297965
    0.08702639
   -0.32379319
    0.01220174
    0.06367416
   -0.05013590
   -0.05177507
    0.06397022
   -0.08097752
   -0.05252219
    0.08517231
   -0.32386973
    0.01885642
    0.02071816
    0.04301879
    0.04142224
    0.21438825
    0.04794262
    0.01885188
    0.02077232
    0.04307719
    0.04143111
    0.21438135
    0.04793693
   -0.05451433
   -0.05302866
    0.08702918
    0.01183892
    0.06369560
   -0.05018401
   -0.05175387
    0.06395949
   -0.08116582
   -0.05260508
    0.08519803
   -0.05455585
   -0.05295856
    0.08690359
   -0.32383692
    0.01234132
    0.06361205
   -0.05006180
   -0.05181799
    0.06401647
   -0.08108941
   -0.05268118
    0.08518090
   -0.32398661
    0.01876983
    0.02064587
    0.04295698
    0.04134517
    0.21437810
    0.04784091
    0.01875587
    0.02073103
    0.04306932
    0.04133664
    0.21437666
    0.04781032
