           1           2   1.7164883562730200     
           2           3   1.1215153420833095     
           3           4   1.2429801656375523     
           4           5   1.2477733393529058     
           5           6   1.2373630829085860     
           6           7   1.5922905098824223     
           7           8   1.2240914843401209     
           5           9   1.2260939366712540     
           8           9   1.2019446857404272     
           8          10   1.3443571189617542     
          10          11   1.3571562488107261     
          11          12   1.1068543814030627     
          12          13   1.7308983001446503     
          13          14   1.1088886551888322     
          11          15   1.3239840304213089     
          14          15   1.3251910591863512     
          14          16   1.3537661451931620     
          16          17   1.3464848846222015     
          17          18   1.2157809944985960     
          18          19   1.6079444289044895     
          19          20   1.2153428200298446     
          17          21   1.2097479809574065     
          20          21   1.2113528148367172     
          20          22   1.3415362812773832     
           1          23   1.1149845550318067     
          22          23   1.3670868987411644     
           3          24   1.3625556118512183     
          23          24   1.2983750762267650     
           1          25  0.97278549169525530     
           2          26  0.97151758987262082     
           6          27  0.97187002250476962     
           7          28  0.97291893891247105     
           9          29  0.89999014318397497     
          10          30  0.96369473401288563     
          12          31  0.97274051118659899     
          13          32  0.97279127896170292     
          16          33  0.96471764772471125     
          18          34  0.97289143792274424     
          19          35  0.97282230920365620     
          21          36  0.90030662982401788     
          22          37  0.96353505808377216     
          38          39   1.7164455644855032     
          39          40   1.1215646091176268     
          40          41   1.2430578309213096     
          41          42   1.2476357663497657     
          42          43   1.2374338458314695     
          43          44   1.5922297805906842     
          44          45   1.2241206120814672     
          42          46   1.2261148838216966     
          45          46   1.2019610899465778     
          45          47   1.3443044450923520     
          47          48   1.3572181902470142     
          48          49   1.1068450426476142     
          49          50   1.7309128407972145     
          50          51   1.1088677600330499     
          48          52   1.3239359490843396     
          51          52   1.3252754928513029     
          51          53   1.3537087831334877     
          53          54   1.3465292014985140     
          54          55   1.2157177244701964     
          55          56   1.6079993235337735     
          56          57   1.2153157052081056     
          54          58   1.2097799205661983     
          57          58   1.2112990765132206     
          57          59   1.3416105858847214     
          38          60   1.1149974916064678     
          59          60   1.3670036438969086     
          40          61   1.3624469531712151     
          60          61   1.2984445635682338     
          38          62  0.97278586923814780     
          39          63  0.97151963781016304     
          43          64  0.97187250118371449     
          44          65  0.97291766816702496     
          46          66  0.89995912796923161     
          47          67  0.96369214489190946     
          49          68  0.97274094418028068     
          50          69  0.97279181576090523     
          53          70  0.96471687384822402     
          55          71  0.97289017821754908     
          56          72  0.97282173955270801     
          58          73  0.90032700847329694     
          59          74  0.96353593867643128     
           4          75   1.1921741322810713     
          75          76   2.4605698394233313     
          76          77   1.3111946096813167     
          75          78  0.20165668995205926     
          77          78   2.4581697270257949     
          79          80   2.4540862277394382     
          80          81   1.3146426229482624     
          79          82  0.20107709269214499     
          81          82   2.4539526945672678     
          83          84   2.4536931854793469     
          84          85   1.3148854967204433     
          83          86  0.20104137155523344     
          85          86   2.4536383223055962     
          87          88   2.4536981150718638     
          88          89   1.3148394530495626     
          87          90  0.20102030951011313     
          89          90   2.4537403970151610     
          91          92   2.4536493360919556     
          92          93   1.3148781164106973     
          91          94  0.20102813127790475     
          93          94   2.4536769979266895     
          95          96   2.4535912623503782     
          96          97   1.3149455735924906     
          95          98  0.20106831625749189     
          97          98   2.4536259455466225     
          99         100   2.4539436325634210     
         100         101   1.3146929982671187     
          99         102  0.20110266022490586     
         101         102   2.4540405840288844     
         103         104   2.4580828626896558     
         104         105   1.3112840496796025     
          41         106   1.1922510908122526     
         103         106  0.20168006634613911     
         105         106   2.4605193260809273     
         107         108   1.7154111037266071     
         108         109   1.1235410889498023     
          78         110   1.1960931085181170     
         109         110   1.2412671916778941     
         110         111   1.2432158380167730     
         111         112   1.2417474977611382     
         112         113   1.5867875545194101     
         113         114   1.2284675962610969     
         111         115   1.2265266869501370     
         114         115   1.2035015057659164     
         114         116   1.3346286719131240     
         116         117   1.3727875705479256     
         117         118   1.1150224298180942     
         118         119   1.7156164831780347     
         119         120   1.1232798523087815     
         117         121   1.2935666006820825     
         120         121   1.3644594963198728     
          79         122   1.1981280048030607     
         120         122   1.2395947112030168     
         122         123   1.2426887325781362     
         123         124   1.2415401844015035     
         124         125   1.5870663641835026     
         125         126   1.2281304431072775     
         123         127   1.2271043167729121     
         126         127   1.2027628270168538     
         126         128   1.3359668540054046     
         107         129   1.1151442260312039     
         128         129   1.3711464175556436     
         109         130   1.3627577348638704     
         129         130   1.2950845112474556     
         107         131  0.97276984161685964     
         108         132  0.97163099681500498     
         112         133  0.97203592416658335     
         113         134  0.97291884207826473     
         115         135  0.89779769122893838     
         116         136  0.96300315873536313     
         118         137  0.97276538208575025     
         119         138  0.97162814569948297     
         124         139  0.97204651120693975     
         125         140  0.97291753615705745     
         127         141  0.89781213580794206     
         128         142  0.96300825848689553     
         143         144   1.7153631760988923     
         144         145   1.1234864591950646     
          82         146   1.1983367106658678     
         145         146   1.2397218321159751     
         146         147   1.2423665113586004     
         147         148   1.2419772590806695     
         148         149   1.5864545405897641     
         149         150   1.2286952472645483     
         147         151   1.2270006072871764     
         150         151   1.2031447471211443     
         150         152   1.3347475957154278     
         152         153   1.3726571059906174     
         153         154   1.1151207350908521     
         154         155   1.7154943332709469     
         155         156   1.1233659943740530     
         153         157   1.2935616332399418     
         156         157   1.3644293663851244     
          83         158   1.1984545117601257     
         156         158   1.2395739905617837     
         158         159   1.2422870905572903     
         159         160   1.2418071021803512     
         160         161   1.5866726041281458     
         161         162   1.2284974389971484     
         159         163   1.2271610678871585     
         162         163   1.2029230520654508     
         162         164   1.3352400590413629     
         143         165   1.1151992284589707     
         164         165   1.3721318776887699     
         145         166   1.3640652156001671     
         165         166   1.2939641072493147     
         143         167  0.97276567164978711     
         144         168  0.97163155124581280     
         148         169  0.97203635268845912     
         149         170  0.97291590464516109     
         151         171  0.89791705308603109     
         152         172  0.96299323317490504     
         154         173  0.97276397026141892     
         155         174  0.97162793998226404     
         160         175  0.97204261877091858     
         161         176  0.97291193979368329     
         163         177  0.89786018599235773     
         164         178  0.96298995938749399     
         179         180   1.7154546566542601     
         180         181   1.1234179710004417     
          86         182   1.1985434314444181     
         181         182   1.2394830436300832     
         182         183   1.2423519464223620     
         183         184   1.2418625890604864     
         184         185   1.5865735477219181     
         185         186   1.2286003631282185     
         183         187   1.2271154483146833     
         186         187   1.2030569868991612     
         186         188   1.3349501183741022     
         188         189   1.3724303333744257     
         189         190   1.1151138680486252     
         190         191   1.7154577631997787     
         191         192   1.1234394916542287     
         189         193   1.2937643305534479     
         192         193   1.3642228158365763     
          87         194   1.1984846660397714     
         192         194   1.2395909841729265     
         194         195   1.2422621486998822     
         195         196   1.2419385688234805     
         196         197   1.5865031570907642     
         197         198   1.2286323145931330     
         195         199   1.2271214672516408     
         198         199   1.2030286443607991     
         198         200   1.3349720337964983     
         179         201   1.1151336420515370     
         200         201   1.3724396097107392     
         181         202   1.3643641067912351     
         201         202   1.2937095104680898     
         179         203  0.97276326181334438     
         180         204  0.97162690838080235     
         184         205  0.97204053958816217     
         185         206  0.97291256449294528     
         187         207  0.89788369693908565     
         188         208  0.96298648536784026     
         190         209  0.97276212420977071     
         191         210  0.97162777192338590     
         196         211  0.97204450491171113     
         197         212  0.97291274378760240     
         199         213  0.89782840238025829     
         200         214  0.96298285394398664     
         215         216   1.7154622336922518     
         216         217   1.1234577362057596     
          90         218   1.1984813301395569     
         217         218   1.2396825811803946     
         218         219   1.2421980897801028     
         219         220   1.2419164801754492     
         220         221   1.5865659971418347     
         221         222   1.2285639645371729     
         219         223   1.2271339902308349     
         222         223   1.2030619488240393     
         222         224   1.3349879317826558     
         224         225   1.3723953282794530     
         225         226   1.1151037811130404     
         226         227   1.7154431117339390     
         227         228   1.1234728369302336     
         225         229   1.2937902205535756     
         228         229   1.3642042076511953     
          91         230   1.1985365150894551     
         228         230   1.2395409594468967     
         230         231   1.2423057927735672     
         231         232   1.2419454812865107     
         232         233   1.5865382576672413     
         233         234   1.2285689212528463     
         231         235   1.2270799362958265     
         234         235   1.2031115029727903     
         234         236   1.3349456022063175     
         215         237   1.1150802204860417     
         236         237   1.3724119161504440     
         217         238   1.3641986114706026     
         237         238   1.2938215307139360     
         215         239  0.97276320191837562     
         216         240  0.97163016064023067     
         220         241  0.97204122076959443     
         221         242  0.97291104144406471     
         223         243  0.89776033899681407     
         224         244  0.96297718192332671     
         226         245  0.97276239111874896     
         227         246  0.97162467814279174     
         232         247  0.97204815450565896     
         233         248  0.97291278364635858     
         235         249  0.89774641941469357     
         236         250  0.96297866527415721     
         251         252   1.7154871978443635     
         252         253   1.1233939859683932     
          94         254   1.1984793182320290     
         253         254   1.2395719963509639     
         254         255   1.2422922802062204     
         255         256   1.2419017838053141     
         256         257   1.5865614538008390     
         257         258   1.2285830673833351     
         255         259   1.2271065897431934     
         258         259   1.2030311559789402     
         258         260   1.3350145471128605     
         260         261   1.3723853586904866     
         261         262   1.1151539763969109     
         262         263   1.7154301595586845     
         263         264   1.1234277730929181     
         261         265   1.2937489203393622     
         264         265   1.3642904441133334     
          95         266   1.1985529148423497     
         264         266   1.2395794122615515     
         266         267   1.2422792061958594     
         267         268   1.2419256946360075     
         268         269   1.5865293911372849     
         269         270   1.2286099820856289     
         267         271   1.2270801402778841     
         270         271   1.2030994436536664     
         270         272   1.3348841878086166     
         251         273   1.1151155834698090     
         272         273   1.3725190922348196     
         253         274   1.3643289511831664     
         273         274   1.2936743024833448     
         251         275  0.97276283264097185     
         252         276  0.97162323633143699     
         256         277  0.97204424802971134     
         257         278  0.97291127008282585     
         259         279  0.89784510920921079     
         260         280  0.96298650444129918     
         262         281  0.97276446311358322     
         263         282  0.97162448129221757     
         268         283  0.97203918552695923     
         269         284  0.97291180449018766     
         271         285  0.89786453177889924     
         272         286  0.96298776268872321     
         287         288   1.7154933786141031     
         288         289   1.1233378178450992     
          98         290   1.1984716546389291     
         289         290   1.2394314067714656     
         290         291   1.2424235729664710     
         291         292   1.2417912386581729     
         292         293   1.5866760629510812     
         293         294   1.2284940434459359     
         291         295   1.2271041803031433     
         294         295   1.2029439137424474     
         294         296   1.3352266689513634     
         296         297   1.3721430431304875     
         297         298   1.1151685871308423     
         298         299   1.7154210093362834     
         299         300   1.1234181686263889     
         297         301   1.2939857273581943     
         300         301   1.3640972075228146     
          99         302   1.1983398415704429     
         300         302   1.2398438770617610     
         302         303   1.2422577355041753     
         303         304   1.2419961240251682     
         304         305   1.5864159361352401     
         305         306   1.2287462932713862     
         303         307   1.2270197640123612     
         306         307   1.2031141905125087     
         306         308   1.3347178352165057     
         287         309   1.1151520930344840     
         308         309   1.3727233374685575     
         289         310   1.3645373223091546     
         309         310   1.2934545938311439     
         287         311  0.97276363143468081     
         288         312  0.97162384276467351     
         292         313  0.97204163190713477     
         293         314  0.97291239131501217     
         295         315  0.89790433601542297     
         296         316  0.96299944259991765     
         298         317  0.97276660285922523     
         299         318  0.97162471171871789     
         304         319  0.97203364603333464     
         305         320  0.97291512454125550     
         307         321  0.89798043441845610     
         308         322  0.96299825519299531     
         323         324   1.7156014929038685     
         324         325   1.1232716816682982     
         102         326   1.1981595117556336     
         325         326   1.2396155349441180     
         326         327   1.2426326659424483     
         327         328   1.2415670994282983     
         328         329   1.5869911482983783     
         329         330   1.2282162728285870     
         327         331   1.2271337964055102     
         330         331   1.2027353084433883     
         330         332   1.3358914681438621     
         332         333   1.3712649042536540     
         333         334   1.1151323964769499     
         334         335   1.7154586263173290     
         335         336   1.1234731482060831     
         333         337   1.2949688189007764     
         336         337   1.3629551124674428     
         103         338   1.1961844515647715     
         336         338   1.2410483193834205     
         338         339   1.2433264676305036     
         339         340   1.2416849078292100     
         340         341   1.5868006844039764     
         341         342   1.2284964222495216     
         339         343   1.2265533317374486     
         342         343   1.2034312859479668     
         342         344   1.3346754312526607     
         323         345   1.1150416531441709     
         344         345   1.3727385497616285     
         325         346   1.3644396309188631     
         345         346   1.2935918219551303     
         323         347  0.97276533107118379     
         324         348  0.97162406836977810     
         328         349  0.97204671508983997     
         329         350  0.97291858923380115     
         331         351  0.89788306812758245     
         332         352  0.96301291252251753     
         334         353  0.97276778811344189     
         335         354  0.97162856459593172     
         340         355  0.97203428988166984     
         341         356  0.97292068896805017     
         343         357  0.89793661708502348     
         344         358  0.96301231302047730     
