    0.56156228
   -0.05409181
   -0.05428243
    0.07045172
    0.00998516
    0.07048250
   -0.05421173
   -0.05409610
    0.06434361
   -0.21430225
   -0.06021049
    0.06559373
   -0.05330579
   -0.05500452
    0.07054386
   -0.21260369
   -0.05890952
    0.07054747
   -0.05500751
   -0.05330839
    0.06559384
   -0.21262678
   -0.06019448
    0.06433067
   -0.21423101
    0.03053133
    0.03305049
    0.03302170
    0.03050387
    0.04957584
    0.03095081
    0.03125998
    0.04758698
    0.03125941
    0.03095047
    0.04958979
    0.56154181
   -0.05409144
   -0.05427870
    0.07043849
    0.00997969
    0.07047353
   -0.05420424
   -0.05409124
    0.06435244
   -0.21431925
   -0.06022924
    0.06559558
   -0.05330690
   -0.05500316
    0.07054093
   -0.21260526
   -0.05891451
    0.07054505
   -0.05500904
   -0.05331128
    0.06559518
   -0.21262409
   -0.06021024
    0.06433496
   -0.21422113
    0.03053771
    0.03304271
    0.03301232
    0.03050102
    0.04956812
    0.03094878
    0.03125786
    0.04758369
    0.03125616
    0.03094751
    0.04958605
   -0.02087871
   -0.01184651
   -0.00348975
   -0.00375089
   -0.01159086
   -0.02114287
   -0.02093233
   -0.01163154
   -0.00351752
   -0.00354886
   -0.01159527
   -0.02096858
   -0.02095671
   -0.01159531
   -0.00353993
   -0.00350930
   -0.01163287
   -0.02092347
   -0.02110117
   -0.01157289
   -0.00371776
   -0.00344939
   -0.01183463
   -0.02082820
    0.56413770
   -0.05400470
   -0.05429549
    0.07083564
    0.01002629
    0.07085498
   -0.05427835
   -0.05400790
    0.06413860
   -0.21540870
   -0.05841133
    0.06412374
   -0.05399236
   -0.05431760
    0.07088834
   -0.21540148
    0.00994418
    0.07087681
   -0.05430649
   -0.05399096
    0.06412484
   -0.21542250
   -0.05841708
    0.06413090
   -0.21538043
    0.03047706
    0.03287063
    0.03287394
    0.03047134
    0.05015248
    0.03049090
    0.03287376
    0.03287147
    0.03049487
    0.05015115
    0.56431925
   -0.05398045
   -0.05429219
    0.07087988
    0.00998362
    0.07089499
   -0.05427947
   -0.05397781
    0.06409022
   -0.21542216
   -0.05838616
    0.06408728
   -0.05397922
   -0.05428570
    0.07089313
   -0.21540544
    0.00997923
    0.07088357
   -0.05428844
   -0.05397848
    0.06408439
   -0.21541220
   -0.05838631
    0.06408136
   -0.21539523
    0.03052449
    0.03289417
    0.03287561
    0.03050967
    0.05018925
    0.03051304
    0.03288479
    0.03288144
    0.03051871
    0.05019009
    0.56410860
   -0.05399069
   -0.05433829
    0.07086753
    0.00994113
    0.07089872
   -0.05428428
   -0.05399381
    0.06413458
   -0.21543510
   -0.05843669
    0.06414897
   -0.05400226
   -0.05427087
    0.07083737
   -0.21539512
    0.01002660
    0.07083806
   -0.05428699
   -0.05400346
    0.06414370
   -0.21539972
   -0.05842257
    0.06412535
   -0.21538720
    0.03050612
    0.03288478
    0.03286026
    0.03048122
    0.05014124
    0.03047494
    0.03286005
    0.03287515
    0.03048195
    0.05015406
