           2           3   1.6438443504986742     
           3           4   1.1825644206648473     
           4           5   1.2548794236721419     
           5           6   1.2553748799422746     
           6           7   1.1825410389387701     
           7           8   1.6438328052823055     
           8           9   1.1711778418279049     
           1          10  0.65704201734938805     
           6          10   1.2572358025259767     
           9          10   1.2163764614973454     
           9          11   1.3611403284163315     
          11          12   1.3608774751747355     
          12          13   1.1626905795122713     
          13          14   1.6599695825678471     
          14          15   1.1638489162897940     
           1          16  0.65966909037466182     
          12          16   1.2266233025499247     
          15          16   1.2387817162961743     
          15          17   1.3579505332860458     
          17          18   1.3579059041749739     
          18          19   1.1638632077221664     
          19          20   1.6599394173271187     
          20          21   1.1627132335126327     
           1          22  0.65951011506701307     
          18          22   1.2388265778593239     
          21          22   1.2266618223028305     
          21          23   1.3608359122853859     
           2          24   1.1711755934378205     
          23          24   1.3612355637185429     
           1          25  0.65711542512842558     
           4          25   1.2573300937978806     
          24          25   1.2162286986034694     
           2          26  0.97223743503160609     
           3          27  0.97115306966720383     
           7          28  0.97117102651822196     
           8          29  0.97224073953141377     
          11          30  0.96290912193368905     
          13          31  0.97213649486565146     
          14          32  0.97240127721487313     
          17          33  0.96489875900037958     
          19          34  0.97240303452105714     
          20          35  0.97213634255340520     
          23          36  0.96290226060424622     
          38          39   1.6439792937202649     
          39          40   1.1824276501788382     
          40          41   1.2550713316960731     
          41          42   1.2556586035329478     
          42          43   1.1824826021286248     
          43          44   1.6439098593475374     
          44          45   1.1711323878166533     
          37          46  0.65708859140676790     
          42          46   1.2570707779696584     
          45          46   1.2164481583857958     
          45          47   1.3611183023039710     
          47          48   1.3609016365689852     
          48          49   1.1626752959858329     
          49          50   1.6599823968624825     
          50          51   1.1638484190481357     
          37          52  0.65972114416495620     
          48          52   1.2266211834850451     
          51          52   1.2387600029930042     
          51          53   1.3579670438254721     
          53          54   1.3579269434815262     
          54          55   1.1638572230625426     
          55          56   1.6599522052175457     
          56          57   1.1627007008843009     
          37          58  0.65952729909384566     
          54          58   1.2388091329538236     
          57          58   1.2266843774090002     
          57          59   1.3608291662219218     
          38          60   1.1711182659816175     
          59          60   1.3612564932235478     
          37          61  0.65716489227261388     
          40          61   1.2572902625708127     
          60          61   1.2162456895952045     
          38          62  0.97223628011257690     
          39          63  0.97114536542337437     
          43          64  0.97117168067054016     
          44          65  0.97223862242511572     
          47          66  0.96290950577146417     
          49          67  0.97213666555181488     
          50          68  0.97240106943416449     
          53          69  0.96489915461050602     
          55          70  0.97240236496214116     
          56          71  0.97213689775305712     
          59          72  0.96290503201295863     
           5          73   1.1856875111014205     
          73          74   2.4475249950249411     
          74          75   1.3289378568274473     
          73          76  0.19335306158085275     
          75          76   2.3618997546287446     
          76          77   1.3297158703772864     
          75          78  0.19315982752083036     
          77          78   2.4449828290973330     
          79          80   2.4434826360373942     
          80          81   1.3309770803263623     
          79          82  0.19291355178797367     
          81          82   2.3593534898344850     
          82          83   1.3309745007796616     
          81          84  0.19290105681225420     
          83          84   2.4434658975119623     
          85          86   2.4434961394537700     
          86          87   1.3309456991759667     
          85          88  0.19289626457483364     
          87          88   2.3594002449548750     
          88          89   1.3309387368939007     
          87          90  0.19291057884498153     
          89          90   2.4435419929144224     
          91          92   2.4454808769962879     
          92          93   1.3292132478227476     
          91          94  0.19308792425206245     
          93          94   2.3624035452277075     
          94          95   1.3284447785766935     
          41          96   1.1852086702214866     
          93          96  0.19328426881096269     
          95          96   2.4479947297684443     
          98          99   1.6429345918597540     
          99         100   1.1828918788333735     
          78         101   1.1883355532861988     
         100         101   1.2523489351936004     
         101         102   1.2524772978346963     
         102         103   1.1828908273527901     
         103         104   1.6429173479920962     
         104         105   1.1721131613292055     
          97         106  0.65199825597955474     
         102         106   1.2602565368770766     
         105         106   1.2149878255180291     
         105         107   1.3606179567103229     
         107         108   1.3607893437381922     
         108         109   1.1721230893226731     
         109         110   1.6428315422712476     
         110         111   1.1829997949213795     
          97         112  0.65190226198022239     
         108         112   1.2148650036247015     
         111         112   1.2604662539329308     
          79         113   1.1890151475517379     
         111         113   1.2519763296973920     
         113         114   1.2521205002502696     
         114         115   1.1829457135519594     
         115         116   1.6428569636263590     
         116         117   1.1721313819379349     
          97         118  0.65184151641645927     
         114         118   1.2604472544324694     
         117         118   1.2149302877233090     
         117         119   1.3607341047990993     
          98         120   1.1721065220425362     
         119         120   1.3606420277154259     
          97         121  0.65204488546925321     
         100         121   1.2602762747203244     
         120         121   1.2149573031394700     
          98         122  0.97223521646323263     
          99         123  0.97119664560168006     
         103         124  0.97119191460405796     
         104         125  0.97223594517253220     
         107         126  0.96264796187232027     
         109         127  0.97223498471848657     
         110         128  0.97118577487867030     
         115         129  0.97120077569822771     
         116         130  0.97223836434838506     
         119         131  0.96265030899886761     
         133         134   1.6428652214088841     
         134         135   1.1829586464433242     
          84         136   1.1890373936860315     
         135         136   1.2519774432758779     
         136         137   1.2520841297296432     
         137         138   1.1830077482429273     
         138         139   1.6428153462056296     
         139         140   1.1721373210271777     
         132         141  0.65191275368779977     
         137         141   1.2604394469207361     
         140         141   1.2148451955259887     
         140         142   1.3607040980586869     
         142         143   1.3607190982314188     
         143         144   1.1721188838543128     
         144         145   1.6428360276272884     
         145         146   1.1829975142264608     
         132         147  0.65197261920619831     
         143         147   1.2148302223058096     
         146         147   1.2604347663845967     
          85         148   1.1890399084528585     
         146         148   1.2520434090499786     
         148         149   1.2520152590453759     
         149         150   1.1829628407264661     
         150         151   1.6428483255172051     
         151         152   1.1721368241728163     
         132         153  0.65189159879745040     
         149         153   1.2604900271413282     
         152         153   1.2148349869082280     
         152         154   1.3607045906722779     
         133         155   1.1721208717763785     
         154         155   1.3607166233988086     
         132         156  0.65195713521972443     
         135         156   1.2604843428496277     
         155         156   1.2148179863789026     
         133         157  0.97223012364319783     
         134         158  0.97118770569348634     
         138         159  0.97119080829695381     
         139         160  0.97222781930057589     
         142         161  0.96263110685740438     
         144         162  0.97222853858997382     
         145         163  0.97118470512634725     
         150         164  0.97119418567014837     
         151         165  0.97222901804450768     
         154         166  0.96263266646561119     
         168         169   1.6428579454327124     
         169         170   1.1829680902779196     
          90         171   1.1889826939754113     
         170         171   1.2518995832692270     
         171         172   1.2522601973066319     
         172         173   1.1829690458210682     
         173         174   1.6428518442611284     
         174         175   1.1721067103375582     
         167         176  0.65187481695060578     
         172         176   1.2603844733285769     
         175         176   1.2149686638675345     
         175         177   1.3607358773209275     
         177         178   1.3606407158199163     
         178         179   1.1720453268133992     
         179         180   1.6430415033041232     
         180         181   1.1827936193848225     
         167         182  0.65210660758643357     
         178         182   1.2150250340692754     
         181         182   1.2601217851061084     
          91         183   1.1878351383941588     
         181         183   1.2527200631929596     
         183         184   1.2525949165861303     
         184         185   1.1828041482306739     
         185         186   1.6430102711550629     
         186         187   1.1720776524569372     
         167         188  0.65201904197300697     
         184         188   1.2601937370568201     
         187         188   1.2150056785280463     
         187         189   1.3606228911907541     
         168         190   1.1721273830626517     
         189         190   1.3608009609854939     
         167         191  0.65190816728237855     
         170         191   1.2604779469524181     
         190         191   1.2148531918338668     
         168         192  0.97223596058910777     
         169         193  0.97119065128819781     
         173         194  0.97119527102527936     
         174         195  0.97223857010897197     
         177         196  0.96265146440382621     
         179         197  0.97223357891855444     
         180         198  0.97119164077602160     
         185         199  0.97118952648144130     
         186         200  0.97223425183568846     
         189         201  0.96264518225046458     
