    0.56123768
   -0.05638003
   -0.05344064
    0.06501023
    0.00949759
    0.06504909
   -0.05348297
   -0.05638147
    0.06873156
   -0.21441433
   -0.05804512
    0.06967214
   -0.05521967
   -0.05374325
    0.06569920
   -0.21310014
   -0.06218073
    0.06570163
   -0.05374389
   -0.05522062
    0.06967075
   -0.21310811
   -0.05804235
    0.06871959
   -0.21437611
    0.03055554
    0.03362393
    0.03378857
    0.03053900
    0.04763326
    0.03067215
    0.03017201
    0.04808360
    0.03016944
    0.03067176
    0.04763878
   -0.03165931
   -0.03166716
    0.56126309
   -0.05637919
   -0.05352059
    0.06498855
    0.00949911
    0.06505695
   -0.05339641
   -0.05638212
    0.06873554
   -0.21443010
   -0.05805263
    0.06967655
   -0.05521843
   -0.05373994
    0.06569854
   -0.21311272
   -0.06217982
    0.06569958
   -0.05374607
   -0.05522060
    0.06966219
   -0.21310471
   -0.05803338
    0.06870940
   -0.21435362
    0.03056184
    0.03375212
    0.03365193
    0.03053745
    0.04762863
    0.03067299
    0.03017288
    0.04808314
    0.03017092
    0.03067314
    0.04764417
