           2           3   1.6464450009055753     
           3           4   1.1783147623816042     
           4           5   1.2690272459441567     
           5           6   1.2690968628213120     
           6           7   1.1782817904993019     
           7           8   1.6464679600762104     
           8           9   1.1718473712160775     
           1          10  0.65441519921362656     
           6          10   1.2455304455297675     
           9          10   1.2275368107063327     
           9          11   1.3584400640927115     
          11          12   1.3599170442074118     
          12          13   1.1644089037088350     
          13          14   1.6598208061730770     
          14          15   1.1622703276346273     
           1          16  0.66014631057982343     
          12          16   1.2348057776225085     
          15          16   1.2294083985230890     
          15          17   1.3604236525894122     
          17          18   1.3603812220807210     
          18          19   1.1622857110254796     
          19          20   1.6597894970001539     
          20          21   1.1644373637303749     
           1          22  0.66007388440019077     
          18          22   1.2294377545956097     
          21          22   1.2348163732732378     
          21          23   1.3598869643133651     
           2          24   1.1718495385828924     
          23          24   1.3584802284166970     
           1          25  0.65456048358260144     
           4          25   1.2455149739461520     
          24          25   1.2274696792538282     
           2          26  0.97246988155093805     
           3          27  0.96670523153378207     
           7          28  0.96673776175900483     
           8          29  0.97247070156461157     
          11          30  0.96460794121132676     
          13          31  0.97242129875576933     
          14          32  0.97221326594640500     
          17          33  0.96332133497718997     
          19          34  0.97221416488052781     
          20          35  0.97242139966905616     
          23          36  0.96460653676123509     
           5          37   1.1559996419727077     
          37          38   2.5967040759459135     
          40          41   1.6463952079151241     
          41          42   1.1783541449894781     
          38          43   1.1560073455210995     
          42          43   1.2687643024875779     
          43          44   1.2693455236858429     
          44          45   1.1782639324308901     
          45          46   1.6464886890102783     
          46          47   1.1718290654793231     
          39          48  0.65448930561961205     
          44          48   1.2453971908942283     
          47          48   1.2275965212983109     
          47          49   1.3584030061400545     
          49          50   1.3599377550888578     
          50          51   1.1643972616248033     
          51          52   1.6598296415631992     
          52          53   1.1622682122074488     
          39          54  0.66012938923401832     
          50          54   1.2347995673390062     
          53          54   1.2294075752819271     
          53          55   1.3604273856685016     
          55          56   1.3603758710238456     
          56          57   1.1622880162282179     
          57          58   1.6597809879742651     
          58          59   1.1644514752307134     
          39          60  0.66011043552878834     
          56          60   1.2294162971549816     
          59          60   1.2347999034765431     
          59          61   1.3598695151375577     
          40          62   1.1718848295003403     
          61          62   1.3585095729383427     
          39          63  0.65463560557731670     
          42          63   1.2455795168098003     
          62          63   1.2273587891828186     
          40          64  0.97246910620857896     
          41          65  0.96675635143685090     
          45          66  0.96669368785873955     
          46          67  0.97247185345385789     
          49          68  0.96460910107185083     
          51          69  0.97242174497318268     
          52          70  0.97221380182027617     
          55          71  0.96332021095333287     
          57          72  0.97221452749777826     
          58          73  0.97242198815810954     
          61          74  0.96460316153928838     
