    0.56183130
   -0.05425047
   -0.05426666
    0.07022658
    0.01041958
    0.07025115
   -0.05421690
   -0.05425087
    0.06424089
   -0.21425602
   -0.06036460
    0.06546616
   -0.05339373
   -0.05510893
    0.07044272
   -0.21272853
   -0.05907107
    0.07044260
   -0.05511286
   -0.05339527
    0.06546549
   -0.21272843
   -0.06035339
    0.06423302
   -0.21421595
    0.03038392
    0.03282729
    0.03283733
    0.03036002
    0.04942072
    0.03077780
    0.03109138
    0.04741217
    0.03109290
    0.03077800
    0.04943108
    0.56181693
   -0.05425067
   -0.05426646
    0.07021364
    0.01041780
    0.07023971
   -0.05422576
   -0.05425229
    0.06425834
   -0.21425741
   -0.06038376
    0.06547113
   -0.05339552
   -0.05510971
    0.07043997
   -0.21273203
   -0.05907842
    0.07043819
   -0.05511125
   -0.05339650
    0.06546986
   -0.21272450
   -0.06037679
    0.06425953
   -0.21424825
    0.03038526
    0.03285127
    0.03286817
    0.03036875
    0.04941336
    0.03077492
    0.03109043
    0.04740921
    0.03109267
    0.03077730
    0.04942103
   -0.02251018
   -0.01115790
   -0.01094111
   -0.02274359
   -0.02255396
   -0.01100582
   -0.01098382
   -0.02257113
   -0.02255137
   -0.01098820
   -0.01099035
   -0.02254826
   -0.02257287
   -0.01098704
   -0.01101637
   -0.02255529
   -0.02269038
   -0.01091469
   -0.01113628
   -0.02245890
    0.56521755
   -0.05418652
   -0.05431692
    0.07057856
    0.01038052
    0.07059748
   -0.05429094
   -0.05419083
    0.06398924
   -0.21546315
   -0.05868777
    0.06396097
   -0.05417545
   -0.05434669
    0.07062435
   -0.21544967
    0.01030005
    0.07063391
   -0.05433336
   -0.05417796
    0.06395689
   -0.21545614
   -0.05868134
    0.06397722
   -0.21542582
    0.03031947
    0.03264149
    0.03266658
    0.03030975
    0.04998405
    0.03033598
    0.03266897
    0.03266357
    0.03033082
    0.04998726
    0.56550355
   -0.05418142
   -0.05434510
    0.07062012
    0.01032945
    0.07062489
   -0.05434313
   -0.05418489
    0.06395328
   -0.21547400
   -0.05862930
    0.06394426
   -0.05418104
   -0.05438105
    0.07060004
   -0.21545089
    0.01032101
    0.07065936
   -0.05431241
   -0.05417628
    0.06395505
   -0.21549758
   -0.05863821
    0.06395304
   -0.21546631
    0.03034699
    0.03266672
    0.03266067
    0.03034560
    0.05003013
    0.03036974
    0.03269234
    0.03265498
    0.03033410
    0.05001958
    0.56550681
   -0.05417438
   -0.05437352
    0.07060739
    0.01031951
    0.07064941
   -0.05432267
   -0.05418624
    0.06396044
   -0.21550752
   -0.05864012
    0.06395941
   -0.05418149
   -0.05434006
    0.07062695
   -0.21547897
    0.01032719
    0.07061994
   -0.05434996
   -0.05418634
    0.06395241
   -0.21547427
   -0.05862589
    0.06394112
   -0.21544026
    0.03035582
    0.03268602
    0.03265902
    0.03034669
    0.05001720
    0.03034224
    0.03267012
    0.03265778
    0.03034883
    0.05002676
    0.56520948
   -0.05417887
   -0.05434346
    0.07061804
    0.01029360
    0.07063434
   -0.05433308
   -0.05417742
    0.06396440
   -0.21545916
   -0.05870246
    0.06399700
   -0.05418550
   -0.05432432
    0.07055918
   -0.21543251
    0.01038079
    0.07058650
   -0.05428959
   -0.05418860
    0.06400991
   -0.21548405
   -0.05870730
    0.06396997
   -0.21545387
    0.03034041
    0.03266429
    0.03267118
    0.03032753
    0.04997822
    0.03033053
    0.03267944
    0.03268970
    0.03030956
    0.04997234
