           2           3   1.6441057126353460     
           3           4   1.1822861315948479     
           4           5   1.2565696329716070     
           5           6   1.2569763276957988     
           6           7   1.1822883987882933     
           7           8   1.6440920212292924     
           8           9   1.1710387334102572     
           1          10  0.65689437670413042     
           6          10   1.2571096635944496     
           9          10   1.2166502982580008     
           9          11   1.3610724109931402     
          11          12   1.3609225563392315     
          12          13   1.1627272501698622     
          13          14   1.6598923945220827     
          14          15   1.1638880902308912     
           1          16  0.65953509415643363     
          12          16   1.2266115877754236     
          15          16   1.2388266731703006     
          15          17   1.3579075379157304     
          17          18   1.3579091485959867     
          18          19   1.1638855897216369     
          19          20   1.6598815230852635     
          20          21   1.1627434418035263     
           1          22  0.65950159731906821     
          18          22   1.2388289304049249     
          21          22   1.2266278385632825     
          21          23   1.3608938364346739     
           2          24   1.1710486683477330     
          23          24   1.3611341685518612     
           1          25  0.65682199589337575     
           4          25   1.2572669617758621     
          24          25   1.2165547359000319     
           2          26  0.97224403197136988     
           3          27  0.97122355277059236     
           7          28  0.97123090516315169     
           8          29  0.97224417374500927     
          11          30  0.96293316137517704     
          13          31  0.97214641519533374     
          14          32  0.97241072363571524     
          17          33  0.96492069959741977     
          19          34  0.97241163805783093     
          20          35  0.97214527721086064     
          23          36  0.96292946846093985     
          38          39   1.6442205716577321     
          39          40   1.1821737386547182     
          40          41   1.2570046943724229     
          41          42   1.2573198177495963     
          42          43   1.1821420353416814     
          43          44   1.6442446093847591     
          44          45   1.1709766152581000     
          37          46  0.65698683219590459     
          42          46   1.2569574217872286     
          45          46   1.2166885092132511     
          45          47   1.3610968250802635     
          47          48   1.3609362236099853     
          48          49   1.1627311565475120     
          49          50   1.6598926336450903     
          50          51   1.1638879650308129     
          37          52  0.65955209990374952     
          48          52   1.2266216904293541     
          51          52   1.2388091197363438     
          51          53   1.3579258192226031     
          53          54   1.3579383488629075     
          54          55   1.1638742236331514     
          55          56   1.6599117498945506     
          56          57   1.1627203030315396     
          37          58  0.65956486751241905     
          54          58   1.2388069625409908     
          57          58   1.2266152177871734     
          57          59   1.3609570584661659     
          38          60   1.1710003227325614     
          59          60   1.3610858310140368     
          37          61  0.65678805461027401     
          40          61   1.2570659662711259     
          60          61   1.2166925758357410     
          38          62  0.97224417128506968     
          39          63  0.97122125480171728     
          43          64  0.97121703713556362     
          44          65  0.97224395583770340     
          47          66  0.96293389837535959     
          49          67  0.97214610085856179     
          50          68  0.97241142852419948     
          53          69  0.96492024520440778     
          55          70  0.97241140889845490     
          56          71  0.97214511477230992     
          59          72  0.96293220648378841     
           5          73   1.1820574193343345     
          73          74   2.4764926246097136     
          74          75   1.3008032670748675     
          73          76  0.20337095319128551     
          75          76   2.4748928665595362     
          77          78   2.4724667053537561     
          78          79   1.3028266333368383     
          77          80  0.20301505393576294     
          79          80   2.4724109895372024     
          81          82   2.4722162294738892     
          82          83   1.3029855652040028     
          81          84  0.20302301677676698     
          83          84   2.4722232709664826     
          85          86   2.4723979963356744     
          86          87   1.3028521513774980     
          85          88  0.20303402987739577     
          87          88   2.4724685167068836     
          89          90   2.4755389831954497     
          90          91   1.3000626532475359     
          41          92   1.1812632836719548     
          89          92  0.20318471636711330     
          91          92   2.4771177359178989     
          94          95   1.6432163332587630     
          95          96   1.1826020707420646     
          76          97   1.1842436103266065     
          96          97   1.2541351982375146     
          97          98   1.2544058083877170     
          98          99   1.1825864690340302     
          99         100   1.6432278703168253     
         100         101   1.1719415392034200     
          93         102  0.65183246661409155     
          98         102   1.2600442750925773     
         101         102   1.2153489853882908     
         101         103   1.3605866835677820     
         103         104   1.3607519695038652     
         104         105   1.1720027850118437     
         105         106   1.6430810656747172     
         106         107   1.1827246302882535     
          93         108  0.65169082672924605     
         104         108   1.2151695464815979     
         107         108   1.2603954379396374     
          77         109   1.1854397831959143     
         107         109   1.2536359475464627     
         109         110   1.2537003427201008     
         110         111   1.1827306757560072     
         111         112   1.6430607454241346     
         112         113   1.1720177187280401     
          93         114  0.65171653418085651     
         110         114   1.2603841181993953     
         113         114   1.2151706343200028     
         113         115   1.3607329290775878     
          94         116   1.1719638065182834     
         115         116   1.3606230577068301     
          93         117  0.65187654913534887     
          96         117   1.2601249167158393     
         116         117   1.2152584807074731     
          94         118  0.97223955776098459     
          95         119  0.97125957201817548     
          99         120  0.97126270367130385     
         100         121  0.97224222706497199     
         103         122  0.96267911269820705     
         105         123  0.97224225718422541     
         106         124  0.97126065620608848     
         111         125  0.97126036521162595     
         112         126  0.97224251457126520     
         115         127  0.96267697363945948     
         129         130   1.6430306265790176     
         130         131   1.1827551455545575     
          80         132   1.1855077284571269     
         131         132   1.2535987126344021     
         132         133   1.2535951273997727     
         133         134   1.1827683119903416     
         134         135   1.6429980390315517     
         135         136   1.1720736636725133     
         128         137  0.65156433098811184     
         133         137   1.2604321650382020     
         136         137   1.2152007298808427     
         136         138   1.3606318387330845     
         138         139   1.3607345845522274     
         139         140   1.1720476891959157     
         140         141   1.6430390385200488     
         141         142   1.1827466786691985     
         128         143  0.65160037412908867     
         139         143   1.2151013671102038     
         142         143   1.2605104995004499     
          81         144   1.1856022090317158     
         142         144   1.2533623856640581     
         144         145   1.2537538611436361     
         145         146   1.1827522365613574     
         146         147   1.6430115875471882     
         147         148   1.1720476042506709     
         128         149  0.65157418069501793     
         145         149   1.2604055753554506     
         148         149   1.2152108802284416     
         148         150   1.3606547207522961     
         129         151   1.1720438881779816     
         150         151   1.3606896670079223     
         128         152  0.65163952099444156     
         131         152   1.2604202519699097     
         151         152   1.2151606185708492     
         129         153  0.97224187458346534     
         130         154  0.97126118359622826     
         134         155  0.97126306330969214     
         135         156  0.97224138817257910     
         138         157  0.96267315601537817     
         140         158  0.97224355291693976     
         141         159  0.97125895161403109     
         146         160  0.97126036641956259     
         147         161  0.97224023845475782     
         150         162  0.96267452961976840     
         164         165   1.6430388964198235     
         165         166   1.1827317080438704     
          84         167   1.1855964444121554     
         166         167   1.2534148477288740     
         167         168   1.2537051519021996     
         168         169   1.1827704114846664     
         169         170   1.6429990752163199     
         170         171   1.1720520203703619     
         163         172  0.65150831872366610     
         168         172   1.2604029320385510     
         171         172   1.2152441090304151     
         171         173   1.3606420821845928     
         173         174   1.3607039108843944     
         174         175   1.1720328609287400     
         175         176   1.6430535845367060     
         176         177   1.1827257351626779     
         163         178  0.65159333870711955     
         174         178   1.2151817654186776     
         177         178   1.2604223651219968     
          85         179   1.1855180303353947     
         177         179   1.2536638059228911     
         179         180   1.2535297592877219     
         180         181   1.1827661167021652     
         181         182   1.6429949561406521     
         182         183   1.1720797785894732     
         163         184  0.65156629079217632     
         180         184   1.2604543897554827     
         183         184   1.2151781598146243     
         183         185   1.3606442148310725     
         164         186   1.1720565811741470     
         185         186   1.3607538345403545     
         163         187  0.65169794067569264     
         166         187   1.2605003199605085     
         186         187   1.2150587871974838     
         164         188  0.97223830218492779     
         165         189  0.97125538342980855     
         169         190  0.97126450557063060     
         170         191  0.97224555898185649     
         173         192  0.96267725039893015     
         175         193  0.97224169111514425     
         176         194  0.97126263575885197     
         181         195  0.97126070655960284     
         182         196  0.97224270764494913     
         185         197  0.96267151448584565     
         199         200   1.6431101749472024     
         200         201   1.1827016601808529     
          88         202   1.1854242967261910     
         201         202   1.2536437248493915     
         202         203   1.2537592666506561     
         203         204   1.1826935437862349     
         204         205   1.6431038982813626     
         205         206   1.1719907593135368     
         198         207  0.65177269647457847     
         203         207   1.2603493024007315     
         206         207   1.2151617538775907     
         206         208   1.3607826052230720     
         208         209   1.3606069359846267     
         209         210   1.1719081593742344     
         210         211   1.6433517186219022     
         211         212   1.1824687521165957     
         198         213  0.65196830518433380     
         209         213   1.2153215198512350     
         212         213   1.2599267980068887     
          89         214   1.1834390419409269     
         212         214   1.2544840210075414     
         214         215   1.2548359918307046     
         215         216   1.1824608058669164     
         216         217   1.6433476921136616     
         217         218   1.1718945624559278     
         198         219  0.65190044484169452     
         215         219   1.2598384127164257     
         218         219   1.2154256215498980     
         218         220   1.3605609034029931     
         199         221   1.1719812692147564     
         220         221   1.3608096187367562     
         198         222  0.65173359254712948     
         201         222   1.2603735878671531     
         221         222   1.2151568680189473     
         199         223  0.97224367690978120     
         200         224  0.97126095729236361     
         204         225  0.97126033476544293     
         205         226  0.97224157141159073     
         208         227  0.96267859047337734     
         210         228  0.97223932245898914     
         211         229  0.97124971560668283     
         216         230  0.97125733887256727     
         217         231  0.97224083727462074     
         220         232  0.96268053341192084     
