    0.56305266
   -0.05401270
   -0.05418023
    0.07051631
    0.01007676
    0.07053534
   -0.05415436
   -0.05402458
    0.06441661
   -0.21436378
   -0.06016108
    0.06565527
   -0.05322176
   -0.05491884
    0.07061370
   -0.21262689
   -0.05888451
    0.07061035
   -0.05491905
   -0.05322054
    0.06565459
   -0.21263030
   -0.06016166
    0.06441391
   -0.21433714
    0.03073569
    0.03323708
    0.03322549
    0.03071256
    0.04977743
    0.03117518
    0.03149166
    0.04781283
    0.03149074
    0.03117628
    0.04977977
    0.56303060
   -0.05401723
   -0.05417768
    0.07050854
    0.01007613
    0.07052321
   -0.05414355
   -0.05401895
    0.06443230
   -0.21437262
   -0.06018118
    0.06565995
   -0.05321977
   -0.05491656
    0.07061220
   -0.21262799
   -0.05889014
    0.07061232
   -0.05491980
   -0.05322213
    0.06565820
   -0.21263096
   -0.06017504
    0.06442559
   -0.21433626
    0.03073507
    0.03323052
    0.03321841
    0.03071912
    0.04977054
    0.03117411
    0.03149139
    0.04780946
    0.03149029
    0.03117417
    0.04977712
   -0.02092737
   -0.01171090
   -0.00349020
   -0.00360293
   -0.01161458
   -0.02104375
   -0.02153023
   -0.01151158
   -0.00430915
   -0.00362101
   -0.01343486
   -0.01952252
   -0.02019168
   -0.01332796
   -0.00451903
   -0.00443519
   -0.01343374
   -0.02009982
   -0.02015921
   -0.01342167
   -0.00449852
   -0.00449863
   -0.01342436
   -0.02015798
   -0.02010339
   -0.01343447
   -0.00443506
   -0.00451725
   -0.01332819
   -0.02019090
   -0.01952710
   -0.01343315
   -0.00362299
   -0.00430931
   -0.01151682
   -0.02154048
   -0.02099555
   -0.01159112
   -0.00357091
   -0.00345544
   -0.01169518
   -0.02088068
    0.56587165
   -0.05393718
   -0.05425640
    0.07089704
    0.00993465
    0.07092008
   -0.05422736
   -0.05394092
    0.06418120
   -0.21555574
   -0.05841919
    0.06419424
   -0.05396750
   -0.05420210
    0.07086198
   -0.21549006
    0.01015551
    0.07086849
   -0.05419279
   -0.05396967
    0.06420341
   -0.21551288
   -0.05841326
    0.06418540
   -0.21553853
    0.03064431
    0.03298631
    0.03298670
    0.03063051
    0.05026091
    0.03065688
    0.03314400
    0.03313784
    0.03064736
    0.05026324
    0.56474570
   -0.05559184
   -0.05288228
    0.06677369
    0.00783541
    0.06678206
   -0.05287427
   -0.05559308
    0.06879759
   -0.21608696
   -0.05553086
    0.06883152
   -0.05562948
   -0.05282880
    0.06669920
   -0.21605828
    0.00809937
    0.06672660
   -0.05278782
   -0.05563574
    0.06883469
   -0.21605424
   -0.05553754
    0.06880578
   -0.21610363
    0.03099666
    0.03346502
    0.03346279
    0.03099625
    0.04888260
    0.03100392
    0.03362323
    0.03361458
    0.03099716
    0.04887773
    0.56525568
   -0.05563194
   -0.05281387
    0.06666694
    0.00792456
    0.06666696
   -0.05280554
   -0.05563336
    0.06885556
   -0.21606857
   -0.05556956
    0.06885710
   -0.05563225
   -0.05280140
    0.06667483
   -0.21606170
    0.00795027
    0.06667671
   -0.05280567
   -0.05563231
    0.06885890
   -0.21607291
   -0.05556715
    0.06885001
   -0.21604409
    0.03102122
    0.03361402
    0.03360717
    0.03101176
    0.04886364
    0.03101958
    0.03363360
    0.03363538
    0.03102104
    0.04886639
    0.56525483
   -0.05563473
   -0.05279298
    0.06668786
    0.00795099
    0.06667185
   -0.05281551
   -0.05562978
    0.06885981
   -0.21606508
   -0.05557031
    0.06885484
   -0.05563239
   -0.05279023
    0.06667644
   -0.21607155
    0.00792660
    0.06665393
   -0.05282818
   -0.05563378
    0.06884966
   -0.21603940
   -0.05556743
    0.06885787
   -0.21608061
    0.03101658
    0.03363046
    0.03363594
    0.03102132
    0.04886396
    0.03100605
    0.03359781
    0.03362394
    0.03102632
    0.04886640
    0.56474479
   -0.05563249
   -0.05279483
    0.06672315
    0.00809927
    0.06670709
   -0.05282303
   -0.05563220
    0.06883482
   -0.21604810
   -0.05553871
    0.06880444
   -0.05559311
   -0.05285918
    0.06679184
   -0.21612636
    0.00783615
    0.06677050
   -0.05289785
   -0.05559103
    0.06879614
   -0.21607818
   -0.05553481
    0.06882924
   -0.21607563
    0.03099133
    0.03360682
    0.03362644
    0.03100535
    0.04887953
    0.03098770
    0.03345325
    0.03347085
    0.03099972
    0.04887893
    0.56585224
   -0.05396804
   -0.05419298
    0.07086445
    0.01015527
    0.07086909
   -0.05419548
   -0.05396998
    0.06420050
   -0.21549192
   -0.05843437
    0.06419578
   -0.05393669
   -0.05424991
    0.07089429
   -0.21555282
    0.00993182
    0.07090431
   -0.05422146
   -0.05393680
    0.06419726
   -0.21555269
   -0.05844205
    0.06420669
   -0.21550950
    0.03065037
    0.03313615
    0.03314836
    0.03065349
    0.05025938
    0.03064409
    0.03298104
    0.03298009
    0.03063763
    0.05025589
