           2           3   1.6439518012909469     
           3           4   1.1824240271289714     
           4           5   1.2550641428470750     
           5           6   1.2551727554791834     
           6           7   1.1825437105807199     
           7           8   1.6438360706812460     
           8           9   1.1712017774864059     
           1          10  0.65713364545039299     
           6          10   1.2573031608951464     
           9          10   1.2162888335915372     
           9          11   1.3612232899098897     
          11          12   1.3609705783305990     
          12          13   1.1627054299408508     
          13          14   1.6599960532183546     
          14          15   1.1638397496173714     
           1          16  0.66001550226478267     
          12          16   1.2264751290797400     
          15          16   1.2387389872646517     
          15          17   1.3579411788713565     
          17          18   1.3579614883482380     
          18          19   1.1638384328087894     
          19          20   1.6599797049458676     
          20          21   1.1627313008066944     
           1          22  0.66003257604238286     
          18          22   1.2387115144684349     
          21          22   1.2264799147036944     
          21          23   1.3609290386307167     
           2          24   1.1711552663745670     
          23          24   1.3612959610199453     
           1          25  0.65717120590858880     
           4          25   1.2573551079779146     
          24          25   1.2162160199584855     
           2          26  0.97222649814288298     
           3          27  0.97113669379750711     
           7          28  0.97115193177830639     
           8          29  0.97223028695401392     
          11          30  0.96288117583366140     
          13          31  0.97211946794274418     
          14          32  0.97238767115262215     
          17          33  0.96486739964021784     
          19          34  0.97238747974048112     
          20          35  0.97211775927627531     
          23          36  0.96287853768340181     
          38          39   1.6439942788381434     
          39          40   1.1824036249391963     
          40          41   1.2552714428525811     
          41          42   1.2555084531970804     
          42          43   1.1824053406660273     
          43          44   1.6439709246556262     
          44          45   1.1711483951785475     
          37          46  0.65714262248851896     
          42          46   1.2571847855569427     
          45          46   1.2163675990621268     
          45          47   1.3611947131188162     
          47          48   1.3610086316611965     
          48          49   1.1626903244358995     
          49          50   1.6600228187791566     
          50          51   1.1638222701192174     
          37          52  0.66004567727489971     
          48          52   1.2264714328576114     
          51          52   1.2387243742351584     
          51          53   1.3579747109539315     
          53          54   1.3579646705587705     
          54          55   1.1638296425629411     
          55          56   1.6600011401778745     
          56          57   1.1627119212561123     
          37          58  0.66000350195192059     
          54          58   1.2387275409418643     
          57          58   1.2264924065428733     
          57          59   1.3609590075410896     
          38          60   1.1711305403391283     
          59          60   1.3612813439282720     
          37          61  0.65723240607692968     
          40          61   1.2572224079323624     
          60          61   1.2162653014423102     
          38          62  0.97222588221886042     
          39          63  0.97113216126803892     
          43          64  0.97114840925147405     
          44          65  0.97222861657052195     
          47          66  0.96288223389760941     
          49          67  0.97211841572766822     
          50          68  0.97238722642559694     
          53          69  0.96486760357584567     
          55          70  0.97238746304013368     
          56          71  0.97211853675505033     
          59          72  0.96287880157947914     
           5          73   1.1858590492970196     
          73          74   2.4472005794583223     
          74          75   1.3292741435928710     
          73          76  0.19342488908570410     
          75          76   2.3615003723510757     
          76          77   1.3300686724105151     
          75          78  0.19324948533964528     
          77          78   2.4446411496728429     
          79          80   2.4441128212140444     
          80          81   1.3304503948515887     
          79          82  0.19317569057915929     
          81          82   2.3609819503701344     
          82          83   1.3293644960236204     
          81          84  0.19369944975041722     
          83          84   2.4482575765313332     
          85          86   2.4491681602764488     
          86          87   1.3285655728759376     
          85          88  0.19392997383623942     
          87          88   2.3629292491979434     
          88          89   1.3285429185437545     
          87          90  0.19393231050647869     
          89          90   2.4492444706178165     
          91          92   2.4491151460873835     
          92          93   1.3286447649420574     
          91          94  0.19395839299122902     
          93          94   2.3628458888014499     
          94          95   1.3286277408923433     
          93          96  0.19394640171799565     
          95          96   2.4491237591606354     
          97          98   2.4492891045491509     
          98          99   1.3284895991532044     
          97         100  0.19392509120518442     
          99         100   2.3630173556932026     
         100         101   1.3284961695101480     
          99         102  0.19390950934123641     
         101         102   2.4492443270611108     
         103         104   2.4483487648186961     
         104         105   1.3292840385818161     
         103         106  0.19369251106797192     
         105         106   2.3611057117433276     
         106         107   1.3303604309739669     
         105         108  0.19317494817186703     
         107         108   2.4442148204569376     
         109         110   2.4452597638614546     
         110         111   1.3294584532522027     
         109         112  0.19316480474894926     
         111         112   2.3621397105615678     
         112         113   1.3286593101714406     
          41         114   1.1853128382483507     
         111         114  0.19333964065720355     
         113         114   2.4478002618056847     
         116         117   1.6430305939690326     
         117         118   1.1827512507654558     
          78         119   1.1884780484214088     
         118         119   1.2522502420588413     
         119         120   1.2525056569220163     
         120         121   1.1828190436551729     
         121         122   1.6429755543485793     
         122         123   1.1721174994755230     
         115         124  0.65236589423165725     
         120         124   1.2602626598067692     
         123         124   1.2147381810324513     
         123         125   1.3609965776557260     
         125         126   1.3607034154677633     
         126         127   1.1722462313162691     
         127         128   1.6428354764369346     
         128         129   1.1829130947576214     
         115         130  0.65247666650022096     
         126         130   1.2148113272180729     
         129         130   1.2603021445672906     
          79         131   1.1888827780447644     
         129         131   1.2522069692132967     
         131         132   1.2522927581809378     
         132         133   1.1829171982306721     
         133         134   1.6428401128868417     
         134         135   1.1722259883152057     
         115         136  0.65230598696849995     
         132         136   1.2602880583938401     
         135         136   1.2149243265768974     
         135         137   1.3606457477004297     
         116         138   1.1721175656862055     
         137         138   1.3610605398450453     
         115         139  0.65220293815084851     
         118         139   1.2604395934359869     
         138         139   1.2146894534334296     
         116         140  0.97222441647896940     
         117         141  0.97118138661129061     
         121         142  0.97118042089266321     
         122         143  0.97222491850305826     
         125         144  0.96263253054547226     
         127         145  0.97222541367717819     
         128         146  0.97117075861368096     
         133         147  0.97117388671972815     
         134         148  0.97222649481309176     
         137         149  0.96263228014708302     
         151         152   1.6445983616436597     
         152         153   1.1799170703259110     
          84         154   1.1805316906825980     
         153         154   1.2571420546333201     
         154         155   1.2571391257922615     
         155         156   1.1798788598017069     
         156         157   1.6446244075458489     
         157         158   1.1731024578308844     
         150         159  0.64705400715776318     
         155         159   1.2516885809658427     
         158         159   1.2240853898767836     
         158         160   1.3595556245905882     
         160         161   1.3590638312211061     
         161         162   1.1732195395320630     
         162         163   1.6445067425273607     
         163         164   1.1799626879316838     
         150         165  0.64709881972417893     
         161         165   1.2243679196839421     
         164         165   1.2514848385648218     
          85         166   1.1802513555464547     
         164         166   1.2572699655802491     
         166         167   1.2574693255733873     
         167         168   1.1799331181245940     
         168         169   1.6445304904407561     
         169         170   1.1731875721972895     
         150         171  0.64722928328630136     
         167         171   1.2514224062087611     
         170         171   1.2243728562344283     
         170         172   1.3590897486854800     
         151         173   1.1731111388049276     
         172         173   1.3595189772386391     
         150         174  0.64698787268249480     
         153         174   1.2516428318495207     
         173         174   1.2241316466758039     
         151         175  0.97245258515684796     
         152         176  0.97006338419778715     
         156         177  0.97005379492514776     
         157         178  0.97245170772280864     
         160         179  0.96424236814483000     
         162         180  0.97245313460274740     
         163         181  0.97005808305899754     
         168         182  0.97004181412864421     
         169         183  0.97245424405768910     
         172         184  0.96424383453279372     
         186         187   1.6445124218357008     
         187         188   1.1799108927032558     
          90         189   1.1801285256438188     
         188         189   1.2573551658523328     
         189         190   1.2574116171481262     
         190         191   1.1799318551942708     
         191         192   1.6444913414337616     
         192         193   1.1732581678529708     
         185         194  0.64795968412419058     
         190         194   1.2513093294867175     
         193         194   1.2242327342565451     
         193         195   1.3592918414599753     
         195         196   1.3593343690096491     
         196         197   1.1732372171357845     
         197         198   1.6445305352976263     
         198         199   1.1798858630658076     
         185         200  0.64793453677814261     
         196         200   1.2242066536182981     
         199         200   1.2513782349368423     
          91         201   1.1802179459048414     
         199         201   1.2573744425092153     
         201         202   1.2573475585785394     
         202         203   1.1798951288638784     
         203         204   1.6445155819603583     
         204         205   1.1732493921677452     
         185         206  0.64785301429079922     
         202         206   1.2513930324808480     
         205         206   1.2242340078662104     
         205         207   1.3592985559278259     
         186         208   1.1732542962243373     
         207         208   1.3593492336308697     
         185         209  0.64806280576553421     
         188         209   1.2513263739819491     
         208         209   1.2241596325138349     
         186         210  0.97244909961221637     
         187         211  0.97002970059399318     
         191         212  0.97004014786834392     
         192         213  0.97245103831395241     
         195         214  0.96425931094758399     
         197         215  0.97245100156864672     
         198         216  0.97003284180685012     
         203         217  0.97003158292053582     
         204         218  0.97245116502399420     
         207         219  0.96425744268195779     
         221         222   1.6445152610063696     
         222         223   1.1798788298069982     
          96         224   1.1802191966658493     
         223         224   1.2574376173417092     
         224         225   1.2572831632395309     
         225         226   1.1798943994739908     
         226         227   1.6445408541289539     
         227         228   1.1732264720431080     
         220         229  0.64780338514760161     
         225         229   1.2514109490215095     
         228         229   1.2242366172165149     
         228         230   1.3593270261027597     
         230         231   1.3592954630279874     
         231         232   1.1732586653559880     
         232         233   1.6444911512828919     
         233         234   1.1799300450073704     
         220         235  0.64799404574707098     
         231         235   1.2242251516043390     
         234         235   1.2512871056553410     
          97         236   1.1801221634384746     
         234         236   1.2575027699008070     
         236         237   1.2572697753106721     
         237         238   1.1799288446245917     
         238         239   1.6445019915790273     
         239         240   1.1732665779663232     
         220         241  0.64804947683950653     
         237         241   1.2513274249221282     
         240         241   1.2241542992529049     
         240         242   1.3593399012762433     
         221         243   1.1732569628842373     
         242         243   1.3593054515428891     
         220         244  0.64786854532915550     
         223         244   1.2513926175501315     
         243         244   1.2242210994591494     
         221         245  0.97245177669189142     
         222         246  0.97002618305359234     
         226         247  0.97003871036944767     
         227         248  0.97245113972551001     
         230         249  0.96425910187017216     
         232         250  0.97245039684963674     
         233         251  0.97003907720456439     
         238         252  0.97003099973009088     
         239         253  0.97244965363654801     
         242         254  0.96425726260132039     
         256         257   1.6445058224298474     
         257         258   1.1799462550034834     
         102         259   1.1802364090721318     
         258         259   1.2574381412456532     
         259         260   1.2573178855681453     
         260         261   1.1799526348196101     
         261         262   1.6445369963031080     
         262         263   1.1731803504967986     
         255         264  0.64716567155735105     
         260         264   1.2514316751047043     
         263         264   1.2243586377592663     
         263         265   1.3591020262832623     
         265         266   1.3595096462351273     
         266         267   1.1731029099293098     
         267         268   1.6445986799639094     
         268         269   1.1799088678617817     
         255         270  0.64692140090051675     
         266         270   1.2241536029900399     
         269         270   1.2516402847543229     
         103         271   1.1805087798612355     
         269         271   1.2572667562386359     
         271         272   1.2570374891386178     
         272         273   1.1798781361183264     
         273         274   1.6446388679053756     
         274         275   1.1730982098168323     
         255         276  0.64700417457289117     
         272         276   1.2517067595227822     
         275         276   1.2240677884339526     
         275         277   1.3595677246112907     
         256         278   1.1732159095881349     
         277         278   1.3590481705193496     
         255         279  0.64707080363199687     
         258         279   1.2514748723067326     
         278         279   1.2243881384001649     
         256         280  0.97245398086796420     
         257         281  0.97005800243972584     
         261         282  0.97004458622152434     
         262         283  0.97245362713708816     
         265         284  0.96424187074091328     
         267         285  0.97245291608147233     
         268         286  0.97006361156308851     
         273         287  0.97005685371332140     
         274         288  0.97245098695533527     
         277         289  0.96424177700309921     
         291         292   1.6428482085781835     
         292         293   1.1829179349349532     
         108         294   1.1888261213115761     
         293         294   1.2523155984721255     
         294         295   1.2522789087981467     
         295         296   1.1828911738866910     
         296         297   1.6428722530339055     
         297         298   1.1722084523993686     
         290         299  0.65244011391902623     
         295         299   1.2602871726399316     
         298         299   1.2148520017409719     
         298         300   1.3607168430712056     
         300         301   1.3610049345430133     
         301         302   1.1720850602963833     
         302         303   1.6430870262007904     
         303         304   1.1827046103430243     
         290         305  0.65225365813257941     
         301         305   1.2147637036683832     
         304         305   1.2602760164281572     
         109         306   1.1879326192671142     
         304         306   1.2525343569844944     
         306         307   1.2527533830883659     
         307         308   1.1827034450946607     
         308         309   1.6430973792649528     
         309         310   1.1720625317048363     
         290         311  0.65239265906757637     
         307         311   1.2601688622911367     
         310         311   1.2147855814380222     
         310         312   1.3610069557071331     
         291         313   1.1722190838834614     
         312         313   1.3606774106243980     
         290         314  0.65238343793406417     
         293         314   1.2602600825518986     
         313         314   1.2149012172397442     
         291         315  0.97222654883264359     
         292         316  0.97117563536680396     
         296         317  0.97116845520502137     
         297         318  0.97222484520642038     
         300         319  0.96263118470922016     
         302         320  0.97222307795330998     
         303         321  0.97117565624335933     
         308         322  0.97117964005777002     
         309         323  0.97222372006244218     
         312         324  0.96263387414153023     
