   -0.29215335
   -0.05215546
   -0.05044654
    0.07362425
    0.02552789
    0.07358540
   -0.05046853
   -0.05215597
    0.07312460
   -0.04776414
   -0.04141048
    0.07428493
   -0.05124213
   -0.05130007
    0.07457622
   -0.04678484
   -0.04312676
    0.07457657
   -0.05129788
   -0.05124093
    0.07427713
   -0.04679700
   -0.04140773
    0.07311429
   -0.04769716
    0.03531383
    0.03713194
    0.03718194
    0.03532475
    0.04915431
    0.03582483
    0.03574338
    0.04853572
    0.03574377
    0.03582266
    0.04915713
   -0.29221907
   -0.05216303
   -0.05045661
    0.07360428
    0.02552902
    0.07357490
   -0.05048004
   -0.05215388
    0.07314081
   -0.04777873
   -0.04142854
    0.07428680
   -0.05124919
   -0.05130554
    0.07458040
   -0.04678282
   -0.04313643
    0.07458061
   -0.05130496
   -0.05124490
    0.07428375
   -0.04679636
   -0.04143123
    0.07312962
   -0.04770979
    0.03533233
    0.03717218
    0.03719152
    0.03532429
    0.04914963
    0.03582175
    0.03574215
    0.04853155
    0.03573994
    0.03582057
    0.04915075
   -0.02094085
   -0.00909525
   -0.00845866
   -0.02166868
   -0.02123823
   -0.00869692
   -0.00870103
   -0.02123807
   -0.02162806
   -0.00842675
   -0.00907452
   -0.02088501
   -0.28632821
   -0.05201068
   -0.05040453
    0.07388553
    0.02578801
    0.07393248
   -0.05035857
   -0.05200306
    0.07300326
   -0.04953446
   -0.03943314
    0.07295710
   -0.05198042
   -0.05041150
    0.07398334
   -0.04954819
    0.02553497
    0.07395803
   -0.05048154
   -0.05197949
    0.07294179
   -0.04950387
   -0.03941619
    0.07298119
   -0.04948545
    0.03540225
    0.03721187
    0.03723604
    0.03537030
    0.04976742
    0.03537546
    0.03711630
    0.03713835
    0.03539835
    0.04978460
   -0.28639805
   -0.05197908
   -0.05041727
    0.07397888
    0.02553187
    0.07396645
   -0.05046884
   -0.05197690
    0.07295130
   -0.04951385
   -0.03943385
    0.07300342
   -0.05199974
   -0.05041707
    0.07386378
   -0.04949360
    0.02579463
    0.07392571
   -0.05034469
   -0.05200288
    0.07301394
   -0.04952773
   -0.03945101
    0.07295926
   -0.04952162
    0.03538381
    0.03711097
    0.03714682
    0.03539614
    0.04978276
    0.03541373
    0.03725220
    0.03725899
    0.03538770
    0.04976621
