           2           3   1.6456056598549922     
           3           4   1.1783553774677642     
           4           5   1.2527378208386883     
           5           6   1.2527937928454200     
           6           7   1.1784147862838423     
           7           8   1.6455788251337637     
           8           9   1.1696493827190901     
           1          10  0.75270363948679964     
           6          10   1.2617476346590741     
           9          10   1.2268408190191802     
           9          11   1.3555116314611593     
          11          12   1.3531821724858286     
          12          13   1.1612729698625956     
          13          14   1.6609662956577620     
          14          15   1.1606213698655818     
           1          16  0.75117145227622484     
          12          16   1.2394608756404073     
          15          16   1.2421682635967781     
          15          17   1.3529827939911439     
          17          18   1.3529875017090700     
          18          19   1.1606140153890190     
          19          20   1.6609550850786090     
          20          21   1.1612945974690523     
           1          22  0.75111183082309385     
          18          22   1.2421797990121326     
          21          22   1.2395169508942159     
          21          23   1.3531164520266878     
           2          24   1.1696466039636304     
          23          24   1.3556197760377038     
           1          25  0.75286406498350189     
           4          25   1.2618712401307948     
          24          25   1.2266708151774079     
           2          26  0.97178748398623738     
           3          27  0.97000765247948373     
           7          28  0.97004191752544866     
           8          29  0.97179307410576643     
          11          30  0.96377052344123149     
          13          31  0.97168623524597475     
          14          32  0.97171153855931736     
          17          33  0.96408646457732727     
          19          34  0.97171246691946689     
          20          35  0.97168595210813147     
          23          36  0.96376885343167262     
          38          39   1.6456410270127444     
          39          40   1.1782946560413445     
          40          41   1.2531225174029859     
          41          42   1.2530856447817009     
          42          43   1.1783780172416862     
          43          44   1.6456237514692296     
          44          45   1.1696320053692795     
          37          46  0.75270444920181923     
          42          46   1.2616052533079614     
          45          46   1.2268908252788431     
          45          47   1.3555054917415834     
          47          48   1.3532047033088763     
          48          49   1.1613053340656059     
          49          50   1.6609293489328056     
          50          51   1.1606509565617109     
          37          52  0.75123458438848323     
          48          52   1.2394497256694161     
          51          52   1.2421106007419813     
          51          53   1.3530272651675892     
          53          54   1.3529827087425406     
          54          55   1.1606493514824234     
          55          56   1.6609241212020320     
          56          57   1.1613075046807682     
          37          58  0.75117255597699217     
          54          58   1.2421831364819709     
          57          58   1.2394461087417650     
          57          59   1.3532258782907769     
          38          60   1.1696713584490475     
          59          60   1.3554969122423479     
          37          61  0.75292193809176755     
          40          61   1.2616102618000893     
          60          61   1.2268009113017673     
          38          62  0.97179047882920155     
          39          63  0.96999604255733218     
          43          64  0.97003591827592561     
          44          65  0.97179100073278857     
          47          66  0.96376869639369345     
          49          67  0.97168743541668323     
          50          68  0.97171235624585650     
          53          69  0.96408367402180073     
          55          70  0.97171313890521105     
          56          71  0.97168707531605614     
          59          72  0.96376973786063946     
           5          73   1.1795767417893055     
          73          74   2.4761620951015653     
          74          75   1.3014576892422531     
          73          76  0.20369230939732663     
          75          76   2.4745953637726057     
          77          78   2.4722490006632509     
          78          79   1.3034240428362174     
          77          80  0.20336070604671869     
          79          80   2.4722722182104189     
          81          82   2.4751670513883193     
          82          83   1.3007823436270580     
          41          84   1.1788697123653402     
          81          84  0.20351492003531307     
          83          84   2.4767356857478124     
          86          87   1.6439144866947137     
          87          88   1.1792176436110771     
          76          89   1.1817698868794542     
          88          89   1.2502571218481748     
          89          90   1.2506887374978184     
          90          91   1.1791003592906226     
          91          92   1.6440038982772149     
          92          93   1.1710170289304025     
          85          94  0.74884009614379476     
          90          94   1.2642189363164893     
          93          94   1.2256051500472964     
          93          95   1.3542250576723163     
          95          96   1.3547570775404172     
          96          97   1.1709338687561386     
          97          98   1.6440026682677513     
          98          99   1.1791582255500528     
          85         100  0.74891466732412593     
          96         100   1.2252453722683838     
          99         100   1.2645593192247389     
          77         101   1.1828876803060175     
          99         101   1.2500978274054071     
         101         102   1.2496726307116548     
         102         103   1.1791448726951461     
         103         104   1.6439923561682999     
         104         105   1.1709829606064286     
          85         106  0.74886108077373714     
         102         106   1.2647481555588762     
         105         106   1.2251159865572046     
         105         107   1.3548323604353378     
          86         108   1.1710743831760473     
         107         108   1.3541819757791940     
          85         109  0.74884957466618607     
          88         109   1.2642737841354541     
         108         109   1.2255675234318841     
          86         110  0.97177616255242460     
          87         111  0.97003080443137857     
          91         112  0.97003233285443802     
          92         113  0.97177237800437399     
          95         114  0.96347418006412744     
          97         115  0.97177627797848343     
          98         116  0.97004115830500182     
         103         117  0.97003554570606654     
         104         118  0.97177564793191296     
         107         119  0.96347063346926354     
         121         122   1.6440159685950149     
         122         123   1.1791413035012421     
          80         124   1.1828598054445114     
         123         124   1.2500478511621618     
         124         125   1.2497720395448337     
         125         126   1.1791680933627979     
         126         127   1.6439941747049072     
         127         128   1.1709614550317393     
         120         129  0.74891503111403102     
         125         129   1.2646535962684737     
         128         129   1.2251089514912441     
         128         130   1.3548672117848675     
         130         131   1.3541345053511997     
         131         132   1.1710276012944116     
         132         133   1.6440292681434472     
         133         134   1.1791143898860426     
         120         135  0.74884418140065345     
         131         135   1.2256533164131467     
         134         135   1.2640643404160024     
          81         136   1.1810846447865921     
         134         136   1.2505876933585249     
         136         137   1.2509978517476350     
         137         138   1.1790388986254494     
         138         139   1.6440773961655926     
         139         140   1.1709847853477611     
         120         141  0.74891406360830326     
         137         141   1.2640100984453921     
         140         141   1.2256842091419899     
         140         142   1.3541570401363603     
         121         143   1.1709445595981729     
         142         143   1.3548021765400762     
         120         144  0.74897904963397866     
         123         144   1.2645597335412013     
         143         144   1.2251879360168170     
         121         145  0.97177718584942430     
         122         146  0.97004419141837517     
         126         147  0.97003710366844975     
         127         148  0.97177589681264120     
         130         149  0.96346918510965651     
         132         150  0.97177347571031214     
         133         151  0.97003296183914700     
         138         152  0.97001852989443316     
         139         153  0.97177442243142431     
         142         154  0.96347617218833370     
