    0.24467526
   -0.05194409
   -0.05048838
    0.07738998
    0.01653297
    0.07739717
   -0.05046515
   -0.05194467
    0.07567632
   -0.17698065
   -0.04971564
    0.07694879
   -0.05099037
   -0.05113268
    0.07745225
   -0.17477368
   -0.05149436
    0.07745497
   -0.05113226
   -0.05099076
    0.07695118
   -0.17479821
   -0.04970918
    0.07567338
   -0.17694691
    0.03374595
    0.03577600
    0.03578002
    0.03373671
    0.04926164
    0.03433279
    0.03423898
    0.04860675
    0.03423626
    0.03432989
    0.04926592
    0.24467011
   -0.05193814
   -0.05048044
    0.07738106
    0.01652454
    0.07738179
   -0.05046000
   -0.05194041
    0.07568293
   -0.17697590
   -0.04973587
    0.07695379
   -0.05099107
   -0.05113166
    0.07745212
   -0.17478366
   -0.05150012
    0.07744982
   -0.05112968
   -0.05099114
    0.07695108
   -0.17479022
   -0.04972895
    0.07568764
   -0.17697504
    0.03373849
    0.03576416
    0.03577183
    0.03374261
    0.04925366
    0.03432843
    0.03423456
    0.04860093
    0.03423571
    0.03432900
    0.04925833
   -0.01911483
   -0.01075153
   -0.00206943
   -0.00263447
   -0.01023263
   -0.01973235
   -0.01968787
   -0.01022156
   -0.00258526
   -0.00203546
   -0.01073516
   -0.01908322
    0.24646590
   -0.05175367
   -0.05050999
    0.07761188
    0.01674655
    0.07762608
   -0.05048331
   -0.05175599
    0.07521367
   -0.17715563
   -0.04763564
    0.07521894
   -0.05174951
   -0.05050965
    0.07760133
   -0.17711558
    0.01675736
    0.07762268
   -0.05047007
   -0.05175605
    0.07522300
   -0.17716148
   -0.04763454
    0.07521168
   -0.17711571
    0.03385743
    0.03582856
    0.03583040
    0.03384681
    0.04993318
    0.03386446
    0.03582933
    0.03582208
    0.03385084
    0.04993193
