           2           3   1.6502330263937133     
           3           4   1.1794996627537295     
           4           5   1.2504494242049935     
           5           6   1.2506500690830806     
           6           7   1.1794887172700226     
           7           8   1.6502457339648888     
           8           9   1.1711781583508651     
           1          10  0.48896676575069514     
           6          10   1.2860820522666825     
           9          10   1.2466637726487795     
           9          11   1.3575869167532351     
          11          12   1.3539554107593836     
          12          13   1.1627679369909194     
          13          14   1.6656707538454465     
          14          15   1.1620169604753423     
           1          16  0.49136664743067288     
          12          16   1.2609076846681733     
          15          16   1.2632480358409659     
          15          17   1.3540968851008610     
          17          18   1.3541310809442773     
          18          19   1.1620022714556328     
          19          20   1.6656877263000265     
          20          21   1.1627498392899656     
           1          22  0.49126794655863010     
          18          22   1.2632406508873320     
          21          22   1.2609650218998052     
          21          23   1.3539168766911920     
           2          24   1.1712039050748411     
          23          24   1.3576391370514180     
           1          25  0.48899802002959364     
           4          25   1.2861621361724451     
          24          25   1.2465760237458485     
           2          26  0.97242603323203403     
           3          27  0.97088745052550962     
           7          28  0.97089689424535641     
           8          29  0.97242833910147186     
          11          30  0.96389974281009450     
          13          31  0.97233360061681207     
          14          32  0.97235535952682206     
          17          33  0.96423189174035462     
          19          34  0.97235439938590074     
          20          35  0.97233475698173133     
          23          36  0.96389864804245495     
          38          39   1.6502684184390570     
          39          40   1.1794894267127589     
          40          41   1.2507218595131986     
          41          42   1.2508789419884099     
          42          43   1.1793664809415809     
          43          44   1.6503849011812708     
          44          45   1.1711069736402759     
          37          46  0.48896567898388810     
          42          46   1.2859963462643111     
          45          46   1.2467304710097560     
          45          47   1.3575852477600086     
          47          48   1.3539586191300788     
          48          49   1.1627622878698649     
          49          50   1.6656760769743668     
          50          51   1.1620222378434633     
          37          52  0.49137728959404264     
          48          52   1.2609308474205205     
          51          52   1.2632300672214734     
          51          53   1.3541128112951484     
          53          54   1.3541492392087366     
          54          55   1.1619827487844714     
          55          56   1.6657409930386626     
          56          57   1.1627006956179065     
          37          58  0.49131698298990401     
          54          58   1.2632289235665564     
          57          58   1.2609722128695950     
          57          59   1.3539689631031064     
          38          60   1.1711695350293898     
          59          60   1.3575930071313203     
          37          61  0.48898976944467004     
          40          61   1.2859785937259161     
          60          61   1.2466781636395470     
          38          62  0.97242322323236186     
          39          63  0.97088424093823744     
          43          64  0.97088810770361789     
          44          65  0.97242635878835448     
          47          66  0.96390274972892487     
          49          67  0.97233425347986113     
          50          68  0.97235520769570782     
          53          69  0.96423327671086057     
          55          70  0.97235405301147071     
          56          71  0.97233468295406456     
          59          72  0.96389965467225835     
           5          73   1.1874437910149629     
          73          74   2.4423951558813903     
          74          75   1.3324508611631578     
          73          76  0.19275133536880934     
          75          76   2.3563608870302186     
          76          77   1.3331940735071246     
          75          78  0.19253207484269091     
          77          78   2.4399847499364657     
          79          80   2.4404185494437973     
          80          81   1.3326999089353595     
          79          82  0.19246188458855362     
          81          82   2.3568983272381989     
          82          83   1.3319396879878074     
          41          84   1.1869269726068943     
          81          84  0.19267981649852639     
          83          84   2.4428803664679593     
          86          87   1.6478791758933027     
          87          88   1.1810235455701035     
          78          89   1.1900042361734777     
          88          89   1.2480092464824546     
          89          90   1.2482545538988805     
          90          91   1.1810022919789476     
          91          92   1.6478759523870181     
          92          93   1.1732443494640001     
          85          94  0.48877966996323169     
          90          94   1.2873686302952634     
          93          94   1.2446271213128615     
          93          95   1.3562369495950923     
          95          96   1.3562387927310409     
          96          97   1.1732287806752775     
          97          98   1.6479363865606063     
          98          99   1.1809576471753611     
          85         100  0.48884004818465288     
          96         100   1.2446137983477441     
          99         100   1.2873134605646177     
          79         101   1.1895286142746218     
          99         101   1.2482125635265491     
         101         102   1.2484873760241768     
         102         103   1.1809458160090112     
         103         104   1.6479422358086833     
         104         105   1.1732030086412326     
          85         106  0.48878692354562064     
         102         106   1.2872449413794016     
         105         106   1.2447137638591579     
         105         107   1.3561789862584457     
          86         108   1.1732413741017755     
         107         108   1.3563049048058275     
          85         109  0.48882427205877260     
          88         109   1.2874284823794175     
         108         109   1.2445481005961678     
          86         110  0.97241376837420057     
          87         111  0.97089398841262642     
          91         112  0.97090273079365952     
          92         113  0.97241598553349484     
          95         114  0.96356648389267652     
          97         115  0.97241206211026820     
          98         116  0.97089137390941127     
         103         117  0.97089827573960286     
         104         118  0.97241572869204396     
         107         119  0.96356588667042820     
