    0.10314460
   -0.05307437
   -0.05136576
    0.07257879
    0.01740619
    0.07257476
   -0.05137162
   -0.05307857
    0.07179837
   -0.13117372
   -0.05000160
    0.07290819
   -0.05215115
   -0.05225104
    0.07321887
   -0.12969565
   -0.05174518
    0.07322667
   -0.05225023
   -0.05215124
    0.07290616
   -0.12969400
   -0.04999812
    0.07180569
   -0.13119359
    0.03419062
    0.03621965
    0.03627678
    0.03419621
    0.04979432
    0.03468120
    0.03457869
    0.04915799
    0.03457493
    0.03467180
    0.04979459
    0.10316541
   -0.05307232
   -0.05136542
    0.07257076
    0.01740092
    0.07256573
   -0.05137848
   -0.05306608
    0.07181125
   -0.13120374
   -0.05002718
    0.07291195
   -0.05215711
   -0.05225068
    0.07321318
   -0.12969422
   -0.05175560
    0.07321734
   -0.05225684
   -0.05215726
    0.07290895
   -0.12968980
   -0.05002323
    0.07180878
   -0.13120162
    0.03419734
    0.03626767
    0.03629449
    0.03419606
    0.04978376
    0.03467804
    0.03457477
    0.04915080
    0.03457548
    0.03467920
    0.04978541
   -0.02124507
   -0.00977264
   -0.00955702
   -0.02142888
   -0.02126003
   -0.00959072
   -0.00959472
   -0.02125248
   -0.02139770
   -0.00953749
   -0.00976207
   -0.02120112
    0.10288478
   -0.05300520
   -0.05149039
    0.07284795
    0.01742934
    0.07288962
   -0.05141622
   -0.05300678
    0.07165216
   -0.13200286
   -0.04802096
    0.07162966
   -0.05299457
   -0.05144414
    0.07291739
   -0.13199509
    0.01736742
    0.07288621
   -0.05150482
   -0.05299359
    0.07161793
   -0.13195365
   -0.04800400
    0.07163496
   -0.13194034
    0.03403603
    0.03595146
    0.03595420
    0.03401358
    0.05017735
    0.03402782
    0.03594606
    0.03596981
    0.03404997
    0.05019997
    0.10285063
   -0.05299373
   -0.05144901
    0.07289712
    0.01736032
    0.07289358
   -0.05149462
   -0.05299638
    0.07162365
   -0.13196847
   -0.04802549
    0.07164650
   -0.05299583
   -0.05148461
    0.07284038
   -0.13195470
    0.01743098
    0.07286984
   -0.05142007
   -0.05300139
    0.07165736
   -0.13200293
   -0.04803850
    0.07163045
   -0.13196425
    0.03403477
    0.03593931
    0.03597288
    0.03404990
    0.05019021
    0.03404446
    0.03599538
    0.03598348
    0.03402720
    0.05017351
