           2           3   1.6416862179469172     
           3           4   1.1832623543463445     
           4           5   1.2577507386245277     
           5           6   1.2577929506332817     
           6           7   1.1831918196441822     
           7           8   1.6417329072401534     
           8           9   1.1741822662545105     
           1          10  0.72209545529857366     
           6          10   1.2610966459709989     
           9          10   1.2277513822631603     
           9          11   1.3592112623558514     
          11          12   1.3586771076022881     
          12          13   1.1656654961908794     
          13          14   1.6573890615268392     
          14          15   1.1651334817916013     
           1          16  0.72364094210006236     
          12          16   1.2387518995930742     
          15          16   1.2418893715965535     
          15          17   1.3576446158083875     
          17          18   1.3576839846797215     
          18          19   1.1650972723217521     
          19          20   1.6573852429067719     
          20          21   1.1657043384198560     
           1          22  0.72363483199161083     
          18          22   1.2418741163253524     
          21          22   1.2387687945154888     
          21          23   1.3586390014037815     
           2          24   1.1741827765571522     
          23          24   1.3592633385550603     
           1          25  0.72206016385122673     
           4          25   1.2611180254195620     
          24          25   1.2277066418872762     
           2          26  0.97198932271838445     
           3          27  0.97020607580985241     
           7          28  0.97020341102481655     
           8          29  0.97199139942801505     
          11          30  0.96326038381919910     
          13          31  0.97189313268877708     
          14          32  0.97192154755038707     
          17          33  0.96356194234510606     
          19          34  0.97192042606023099     
          20          35  0.97189098948765251     
          23          36  0.96325756527532969     
          38          39   1.6418988698910038     
          39          40   1.1830567497117555     
          40          41   1.2582089789712869     
          41          42   1.2581551289630593     
          42          43   1.1830226362950762     
          43          44   1.6419406316747462     
          44          45   1.1740424653863939     
          37          46  0.72207827473621644     
          42          46   1.2610075506844973     
          45          46   1.2277477856414101     
          45          47   1.3593686011632082     
          47          48   1.3586067074709036     
          48          49   1.1656566205924068     
          49          50   1.6574372238484998     
          50          51   1.1650754066579585     
          37          52  0.72364104066953117     
          48          52   1.2388494400391088     
          51          52   1.2418261385635803     
          51          53   1.3577590941518691     
          53          54   1.3576311613388037     
          54          55   1.1651095803099090     
          55          56   1.6573999410946416     
          56          57   1.1656765089269487     
          37          58  0.72365963926015298     
          54          58   1.2419230757365214     
          57          58   1.2387476489822051     
          57          59   1.3586905578914605     
          38          60   1.1740656672739629     
          59          60   1.3592804398870770     
          37          61  0.72213845226007511     
          40          61   1.2609014403479986     
          60          61   1.2278066943140673     
          38          62  0.97198566598625924     
          39          63  0.97018803747455806     
          43          64  0.97019539952770828     
          44          65  0.97198419326912444     
          47          66  0.96325781695775659     
          49          67  0.97189419452603310     
          50          68  0.97192082461790130     
          53          69  0.96356199618281291     
          55          70  0.97192307264669597     
          56          71  0.97189444602582586     
          59          72  0.96325665852301123     
           5          73   1.1775987013111822     
          73          74   2.4784476440987255     
          74          75   1.2999848909884411     
          73          76  0.20385040034449511     
          75          76   2.4769468686149700     
          77          78   2.4747916483603651     
          78          79   1.3017528978143023     
          77          80  0.20348019675516488     
          79          80   2.4748320228760310     
          81          82   2.4775280606254944     
          82          83   1.2993190264848653     
          41          84   1.1768357673030978     
          81          84  0.20370083379210252     
          83          84   2.4790614553566921     
          86          87   1.6409610387276317     
          87          88   1.1834227361200558     
          76          89   1.1795990597706987     
          88          89   1.2553335122969891     
          89          90   1.2558290497702251     
          90          91   1.1833979413286961     
          91          92   1.6409675327834403     
          92          93   1.1749246814454011     
          85          94  0.71824729179044189     
          90          94   1.2639014598091856     
          93          94   1.2264264554989925     
          93          95   1.3590015015299501     
          95          96   1.3590907145751294     
          96          97   1.1749998062175813     
          97          98   1.6407689758300985     
          98          99   1.1835840930526258     
          85         100  0.71817681776835118     
          96         100   1.2262803792345831     
          99         100   1.2641506141410443     
          77         101   1.1806567467225455     
          99         101   1.2552007028089522     
         101         102   1.2548814363698801     
         102         103   1.1835360624065099     
         103         104   1.6407925626315458     
         104         105   1.1750288187434175     
          85         106  0.71811811536261694     
         102         106   1.2642859070589021     
         105         106   1.2262016681975314     
         105         107   1.3591153127983415     
          86         108   1.1749403569983539     
         107         108   1.3590545944378940     
          85         109  0.71822936452379216     
          88         109   1.2640313109116517     
         108         109   1.2263175747404298     
          86         110  0.97198710327540616     
          87         111  0.97023409497341451     
          91         112  0.97024019526769933     
          92         113  0.97199174294760315     
          95         114  0.96301327933093950     
          97         115  0.97198873702550836     
          98         116  0.97024226844770323     
         103         117  0.97024012946832805     
         104         118  0.97198637147968336     
         107         119  0.96300366080373634     
         121         122   1.6408526252708107     
         122         123   1.1834941210704737     
          80         124   1.1806224938133862     
         123         124   1.2551923746800191     
         124         125   1.2549468452913186     
         125         126   1.1836166862214579     
         126         127   1.6407361923363173     
         127         128   1.1750382646375537     
         120         129  0.71820110125547187     
         125         129   1.2641735649436501     
         128         129   1.2262159512529112     
         128         130   1.3590931325264468     
         130         131   1.3590660909229693     
         131         132   1.1748576049634520     
         132         133   1.6411105333472991     
         133         134   1.1832896159375887     
         120         135  0.71831396156870930     
         131         135   1.2263719860888198     
         134         135   1.2638141527489317     
          81         136   1.1788970813447213     
         134         136   1.2557455666421364     
         136         137   1.2560978774883456     
         137         138   1.1832707323856348     
         138         139   1.6411092881509350     
         139         140   1.1748519688608992     
         120         141  0.71833053957109172     
         137         141   1.2637461119491362     
         140         141   1.2264417961602021     
         140         142   1.3590266305195802     
         121         143   1.1749664681719481     
         142         143   1.3590956431535828     
         120         144  0.71823722112844279     
         123         144   1.2641432701366930     
         143         144   1.2262772402279272     
         121         145  0.97198938264315737     
         122         146  0.97024629239037896     
         126         147  0.97024176688757602     
         127         148  0.97199019060433034     
         130         149  0.96300522164121072     
         132         150  0.97198536989480711     
         133         151  0.97022614509110139     
         138         152  0.97023535828672014     
         139         153  0.97199109374501791     
         142         154  0.96301121493898745     
