    0.56253820
   -0.05404078
   -0.05420242
    0.07048415
    0.01005997
    0.07050890
   -0.05416783
   -0.05404368
    0.06438901
   -0.21432783
   -0.06018653
    0.06563081
   -0.05324375
   -0.05494592
    0.07058848
   -0.21262057
   -0.05889960
    0.07059047
   -0.05494784
   -0.05324444
    0.06563083
   -0.21262903
   -0.06017867
    0.06438170
   -0.21429102
    0.03066026
    0.03317729
    0.03316882
    0.03064597
    0.04970807
    0.03109662
    0.03140917
    0.04772595
    0.03140780
    0.03109513
    0.04971478
    0.56253530
   -0.05403804
   -0.05419598
    0.07047699
    0.01006314
    0.07050052
   -0.05416006
   -0.05404094
    0.06440432
   -0.21433589
   -0.06019806
    0.06563601
   -0.05324141
   -0.05494185
    0.07058987
   -0.21261921
   -0.05890271
    0.07059171
   -0.05494495
   -0.05324252
    0.06563511
   -0.21262701
   -0.06018891
    0.06439654
   -0.21429680
    0.03066830
    0.03317473
    0.03316496
    0.03065300
    0.04970697
    0.03110087
    0.03141358
    0.04772956
    0.03141231
    0.03109988
    0.04971373
   -0.02094627
   -0.01174053
   -0.00352876
   -0.00364436
   -0.01163517
   -0.02106517
   -0.02157603
   -0.01151972
   -0.00435931
   -0.00363915
   -0.01344075
   -0.01954238
   -0.02017266
   -0.01334219
   -0.00448456
   -0.00448671
   -0.01334232
   -0.02017203
   -0.01953640
   -0.01344721
   -0.00363708
   -0.00436565
   -0.01152237
   -0.02158441
   -0.02101953
   -0.01161964
   -0.00360367
   -0.00349256
   -0.01172377
   -0.02090122
    0.56540966
   -0.05395392
   -0.05427190
    0.07088594
    0.00991164
    0.07089629
   -0.05424577
   -0.05395403
    0.06415220
   -0.21553486
   -0.05845361
    0.06416639
   -0.05398997
   -0.05420772
    0.07084270
   -0.21546198
    0.01015080
    0.07084388
   -0.05421090
   -0.05398858
    0.06416665
   -0.21547480
   -0.05844900
    0.06414647
   -0.21550584
    0.03057482
    0.03293215
    0.03292561
    0.03056329
    0.05021225
    0.03058404
    0.03308336
    0.03308549
    0.03058077
    0.05021589
    0.56424238
   -0.05560235
   -0.05292062
    0.06683436
    0.00788301
    0.06683308
   -0.05292511
   -0.05560314
    0.06872510
   -0.21621155
   -0.05557556
    0.06875377
   -0.05564250
   -0.05285979
    0.06676544
   -0.21617849
    0.00813244
    0.06676799
   -0.05285304
   -0.05564242
    0.06875549
   -0.21618100
   -0.05557647
    0.06872513
   -0.21621407
    0.03087467
    0.03334975
    0.03334975
    0.03087628
    0.04880246
    0.03087407
    0.03348647
    0.03348068
    0.03087203
    0.04880039
    0.56422782
   -0.05564413
   -0.05285311
    0.06675794
    0.00812962
    0.06675806
   -0.05285608
   -0.05564463
    0.06875790
   -0.21616787
   -0.05557621
    0.06872889
   -0.05560405
   -0.05291240
    0.06683514
   -0.21620956
    0.00787392
    0.06682016
   -0.05293230
   -0.05560247
    0.06872592
   -0.21619926
   -0.05557294
    0.06875530
   -0.21616384
    0.03087415
    0.03348444
    0.03348769
    0.03087430
    0.04879795
    0.03087381
    0.03334906
    0.03335196
    0.03087846
    0.04880142
    0.56541606
   -0.05398632
   -0.05421221
    0.07083993
    0.01015268
    0.07085275
   -0.05419550
   -0.05398838
    0.06418001
   -0.21548705
   -0.05846295
    0.06416601
   -0.05395111
   -0.05426307
    0.07087751
   -0.21551229
    0.00991476
    0.07089320
   -0.05424005
   -0.05395284
    0.06417166
   -0.21554748
   -0.05846467
    0.06417543
   -0.21545697
    0.03059388
    0.03309788
    0.03308943
    0.03058390
    0.05021334
    0.03058340
    0.03293135
    0.03292636
    0.03057321
    0.05021302
