           2           3   1.6438942265244627     
           3           4   1.1825101919592478     
           4           5   1.2550183199197875     
           5           6   1.2552773813257505     
           6           7   1.1824972003664846     
           7           8   1.6438941053349501     
           8           9   1.1711561680293707     
           1          10  0.65715328829488273     
           6          10   1.2572638662273552     
           9          10   1.2163357634024483     
           9          11   1.3611788730917045     
          11          12   1.3609511733561392     
          12          13   1.1626720126857630     
          13          14   1.6600248801263877     
          14          15   1.1638116966891348     
           1          16  0.65989162858738459     
          12          16   1.2265299655861193     
          15          16   1.2387685800012536     
          15          17   1.3579605658127514     
          17          18   1.3579354249981213     
          18          19   1.1638192269441563     
          19          20   1.6600082843539266     
          20          21   1.1626858562832327     
           1          22  0.65981911768092827     
          18          22   1.2387915433881325     
          21          22   1.2265517965382291     
          21          23   1.3609263191196916     
           2          24   1.1711676223622045     
          23          24   1.3612176857665259     
           1          25  0.65717663424091211     
           4          25   1.2573242202539905     
          24          25   1.2162640124270521     
           2          26  0.97222975761786279     
           3          27  0.97114881873486436     
           7          28  0.97114924098253741     
           8          29  0.97223161806054947     
          11          30  0.96289070503161722     
          13          31  0.97212392509889589     
          14          32  0.97239111109351939     
          17          33  0.96488008301455952     
          19          34  0.97239173338968854     
          20          35  0.97212403230102129     
          23          36  0.96288816993618143     
          38          39   1.6439752936050400     
          39          40   1.1824314264707372     
          40          41   1.2552612644005261     
          41          42   1.2555183251143394     
          42          43   1.1824331457069279     
          43          44   1.6439612637660335     
          44          45   1.1711315589787328     
          37          46  0.65715607672651144     
          42          46   1.2571389674449360     
          45          46   1.2163999365573683     
          45          47   1.3611487137044547     
          47          48   1.3609999333425895     
          48          49   1.1626499403629316     
          49          50   1.6600559235889398     
          50          51   1.1637924318718516     
          37          52  0.65988649344719941     
          48          52   1.2265252503279120     
          51          52   1.2387615393218163     
          51          53   1.3579858247636769     
          53          54   1.3579418322468662     
          54          55   1.1638122378712175     
          55          56   1.6600225388316381     
          56          57   1.1626772454716754     
          37          58  0.65982416462833937     
          54          58   1.2387875627789908     
          57          58   1.2265356553791249     
          57          59   1.3609702344709427     
          38          60   1.1711355158168293     
          59          60   1.3611986556719695     
          37          61  0.65718251394049232     
          40          61   1.2572087797147007     
          60          61   1.2163217884494308     
          38          62  0.97222883311172870     
          39          63  0.97114315057094036     
          43          64  0.97114636879773109     
          44          65  0.97223077167791794     
          47          66  0.96289134808399612     
          49          67  0.97212316456593828     
          50          68  0.97239054347660303     
          53          69  0.96487942784247971     
          55          70  0.97239148478149751     
          56          71  0.97212318892951399     
          59          72  0.96288834826236858     
           5          73   1.1857458906249427     
          73          74   2.4474166210182804     
          74          75   1.3290721615354495     
          73          76  0.19339341802627921     
          75          76   2.3617452152734595     
          76          77   1.3298482740262116     
          75          78  0.19320853496921092     
          77          78   2.4448934364037207     
          79          80   2.4444704980493417     
          80          81   1.3301187982429366     
          79          82  0.19311815270833588     
          81          82   2.3613844046113157     
          82          83   1.3290517177797299     
          81          84  0.19363428777405958     
          83          84   2.4485890740279084     
          85          86   2.4496895543988630     
          86          87   1.3280782454601181     
          85          88  0.19381589736612093     
          87          88   2.3635267306370866     
          88          89   1.3280754502999910     
          87          90  0.19381515017114959     
          89          90   2.4496943338610127     
          91          92   2.4485952313841315     
          92          93   1.3290524807079027     
          91          94  0.19363813300989066     
          93          94   2.3613728829451381     
          94          95   1.3301366114835109     
          93          96  0.19313277035362192     
          95          96   2.4444736720522720     
          97          98   2.4453515307816822     
          98          99   1.3293722530896050     
          97         100  0.19314629182018211     
          99         100   2.3622424235135733     
         100         101   1.3285793038043610     
          41         102   1.1852660334288201     
          99         102  0.19331978836326019     
         101         102   2.4478936459342107     
         104         105   1.6430227880030157     
         105         106   1.1828048884164504     
          78         107   1.1883514492426421     
         106         107   1.2523229273137799     
         107         108   1.2525123392459068     
         108         109   1.1828087314645157     
         109         110   1.6430098672015794     
         110         111   1.1720761380725311     
         103         112  0.65223159258083230     
         108         112   1.2603073412936392     
         111         112   1.2147910173400207     
         111         113   1.3609568339083453     
         113         114   1.3605772805939247     
         114         115   1.1722157544837453     
         115         116   1.6428228456424310     
         116         117   1.1829688355914425     
         103         118  0.65241968463230438     
         114         118   1.2149284934192996     
         117         118   1.2602375510849102     
          79         119   1.1886862272578436     
         117         119   1.2523157984883504     
         119         120   1.2523085163405705     
         120         121   1.1829768982062823     
         121         122   1.6428054997150880     
         122         123   1.1722319572963866     
         103         124  0.65233548805882979     
         120         124   1.2602468753432625     
         123         124   1.2149543491035555     
         123         125   1.3605469493818421     
         104         126   1.1720736961305762     
         125         126   1.3610090545409239     
         103         127  0.65228389269030662     
         106         127   1.2603599955356188     
         126         127   1.2147158165873799     
         104         128  0.97222668497049747     
         105         129  0.97118088749768483     
         109         130  0.97119141888352156     
         110         131  0.97222767678500022     
         113         132  0.96263756223289076     
         115         133  0.97222875878660664     
         116         134  0.97117628613515883     
         121         135  0.97118162288591858     
         122         136  0.97222796183659677     
         125         137  0.96263464809292754     
         139         140   1.6446593149711239     
         140         141   1.1799529318872253     
          84         142   1.1804321853209254     
         141         142   1.2572101494335159     
         142         143   1.2571820228636854     
         143         144   1.1799585405410864     
         144         145   1.6446537432212955     
         145         146   1.1730066340437506     
         138         147  0.64578996084996709     
         143         147   1.2518270153697815     
         146         147   1.2241770509785557     
         146         148   1.3594952448246844     
         148         149   1.3590409850033229     
         149         150   1.1731236503942948     
         150         151   1.6445487132205074     
         151         152   1.1800244575773016     
         138         153  0.64593681343842846     
         149         153   1.2244207133313598     
         152         153   1.2516059554509620     
          85         154   1.1800541181452817     
         152         154   1.2574293222952184     
         154         155   1.2574640926819287     
         155         156   1.1800299466067257     
         156         157   1.6445430058137254     
         157         158   1.1731243616119520     
         138         159  0.64592556927838829     
         155         159   1.2515938871769958     
         158         159   1.2244402426127992     
         158         160   1.3590242137566171     
         139         161   1.1730019335090243     
         160         161   1.3595071575806847     
         138         162  0.64580469938423501     
         141         162   1.2518238529864976     
         161         162   1.2241711467786289     
         139         163  0.97245904886242873     
         140         164  0.97008921611165599     
         144         165  0.97008991088250995     
         145         166  0.97245898292491184     
         148         167  0.96422984540314016     
         150         168  0.97245957072880662     
         151         169  0.97008203902285162     
         156         170  0.97008541461730313     
         157         171  0.97246000506504249     
         160         172  0.96423038793099791     
         174         175   1.6445488589880264     
         175         176   1.1800205480845847     
          90         177   1.1800462853831186     
         176         177   1.2574418520614254     
         177         178   1.2574562339384825     
         178         179   1.1800205199487555     
         179         180   1.6445513348194982     
         180         181   1.1731220712194770     
         173         182  0.64603441562346398     
         178         182   1.2515736038701422     
         181         182   1.2244393041106010     
         181         183   1.3590260363623361     
         183         184   1.3595113644220520     
         184         185   1.1729962466886754     
         185         186   1.6446720687163126     
         186         187   1.1799300376795678     
         173         188  0.64588889208378808     
         184         188   1.2241765978573762     
         187         188   1.2518161100680327     
          91         189   1.1804275635609027     
         187         189   1.2572534649827722     
         189         190   1.2571400124685770     
         190         191   1.1799486877553016     
         191         192   1.6446628770572620     
         192         193   1.1730073041623013     
         173         194  0.64586911316694895     
         190         194   1.2518299243645685     
         193         194   1.2241686607626108     
         193         195   1.3595077179713986     
         174         196   1.1731279846975453     
         195         196   1.3590277467890368     
         173         197  0.64604079453466279     
         176         197   1.2515860112531816     
         196         197   1.2244309870043923     
         174         198  0.97245940543086828     
         175         199  0.97008285384866044     
         179         200  0.97008078418301769     
         180         201  0.97245957625600721     
         183         202  0.96423271550681211     
         185         203  0.97245932740636642     
         186         204  0.97008336089842129     
         191         205  0.97009162679786198     
         192         206  0.97245854091627026     
         195         207  0.96423189975968393     
         209         210   1.6428546818464391     
         210         211   1.1829445432490067     
          96         212   1.1886835494590815     
         211         212   1.2522774975198501     
         212         213   1.2523902069140529     
         213         214   1.1829521000521832     
         214         215   1.6428330314412558     
         215         216   1.1722134490581579     
         208         217  0.65231972584913134     
         213         217   1.2602317058736678     
         216         217   1.2149650703255241     
         216         218   1.3605821707346868     
         218         219   1.3609860286746858     
         219         220   1.1720454325377323     
         220         221   1.6430969915526248     
         221         222   1.1827329252973411     
         208         223  0.65230008491325420     
         219         223   1.2147750330765035     
         222         223   1.2602293456624816     
          97         224   1.1878779098146421     
         222         224   1.2525695168113360     
         224         225   1.2527399456688562     
         225         226   1.1827396791157314     
         226         227   1.6430765119911919     
         227         228   1.1720510337410073     
         208         229  0.65223470095110514     
         225         229   1.2601899590709575     
         228         229   1.2148436821006354     
         228         230   1.3609349536721378     
         209         231   1.1722024366277850     
         230         231   1.3606288009607346     
         208         232  0.65241213007184573     
         211         232   1.2602434022352549     
         231         232   1.2149047294141895     
         209         233  0.97222726816644700     
         210         234  0.97117597188695759     
         214         235  0.97117970501814410     
         215         236  0.97222837858367772     
         218         237  0.96263686410207794     
         220         238  0.97222567313049479     
         221         239  0.97117979635980078     
         226         240  0.97118423255765651     
         227         241  0.97222711487054325     
         230         242  0.96263719043944085     
