   -0.05462558
   -0.05305893
    0.08728605
    0.01133777
    0.06419149
   -0.04996869
   -0.05170892
    0.06435547
   -0.08112556
   -0.05484828
    0.08688457
   -0.05368429
   -0.05371343
    0.08654730
   -0.32075514
   -0.05654293
    0.06508623
   -0.05095775
   -0.05079556
    0.06578324
   -0.08081565
   -0.05486325
    0.08567154
   -0.32490760
    0.01877230
    0.02123710
    0.04339669
    0.04155230
    0.21413386
    0.04714776
    0.01964144
    0.01967174
    0.04637635
    0.04211332
    0.04207095
    0.21441182
    0.04720574
   -0.05462596
   -0.05307793
    0.08728619
    0.01134350
    0.06422190
   -0.04995763
   -0.05171066
    0.06434112
   -0.08111872
   -0.05484462
    0.08688053
   -0.05368350
   -0.05371541
    0.08654891
   -0.32076046
   -0.05654337
    0.06508528
   -0.05096004
   -0.05079696
    0.06578465
   -0.08080518
   -0.05485139
    0.08566735
   -0.32488643
    0.01877985
    0.02125142
    0.04339889
    0.04154767
    0.21412381
    0.04714541
    0.01964144
    0.01967256
    0.04638099
    0.04211623
    0.04207331
    0.21441102
    0.04721167
   -0.02011622
   -0.01197863
   -0.00291731
   -0.00375146
   -0.01094355
   -0.02100162
   -0.02026767
   -0.01125639
   -0.00291371
   -0.00318047
   -0.01097097
   -0.02053172
   -0.02030459
   -0.01109543
   -0.00294145
   -0.00302939
   -0.01101078
   -0.02039187
   -0.02033876
   -0.01103422
   -0.00297337
   -0.00297233
   -0.01103769
   -0.02033513
   -0.02039456
   -0.01100278
   -0.00303549
   -0.00294150
   -0.01109832
   -0.02029965
   -0.02052764
   -0.01097861
   -0.00318641
   -0.00292003
   -0.01125584
   -0.02027221
   -0.02101202
   -0.01094522
   -0.00376434
   -0.00293473
   -0.01197764
   -0.02014211
   -0.05439001
   -0.05290183
    0.08712732
    0.01197544
    0.06367607
   -0.05017651
   -0.05171365
    0.06417558
   -0.08117611
   -0.05260517
    0.08540026
   -0.05435303
   -0.05296903
    0.08725083
   -0.32408973
    0.01151536
    0.06379995
   -0.05027052
   -0.05165208
    0.06408632
   -0.08122990
   -0.05253516
    0.08539303
   -0.32398391
    0.01900645
    0.02137317
    0.04329637
    0.04150631
    0.21441649
    0.04800423
    0.01903052
    0.02127756
    0.04317874
    0.04150746
    0.21439681
    0.04802522
   -0.05434224
   -0.05294304
    0.08721543
    0.01183956
    0.06377394
   -0.05019104
   -0.05165869
    0.06415636
   -0.08112628
   -0.05247622
    0.08541048
   -0.05432909
   -0.05294119
    0.08725755
   -0.32396593
    0.01168599
    0.06380154
   -0.05024067
   -0.05163699
    0.06412561
   -0.08112634
   -0.05244119
    0.08539659
   -0.32390875
    0.01912584
    0.02140230
    0.04330721
    0.04159598
    0.21443187
    0.04812241
    0.01911864
    0.02135034
    0.04326378
    0.04160315
    0.21444035
    0.04814346
   -0.05432611
   -0.05291752
    0.08726511
    0.01179627
    0.06377666
   -0.05022058
   -0.05163780
    0.06415183
   -0.08108421
   -0.05243651
    0.08541364
   -0.05432196
   -0.05293953
    0.08726679
   -0.32392906
    0.01175151
    0.06380225
   -0.05021332
   -0.05163104
    0.06414560
   -0.08110454
   -0.05243949
    0.08541419
   -0.32392662
    0.01914655
    0.02139162
    0.04331768
    0.04163797
    0.21444060
    0.04816454
    0.01915409
    0.02139069
    0.04329769
    0.04163141
    0.21443046
    0.04816021
   -0.05432184
   -0.05294303
    0.08727196
    0.01175174
    0.06380871
   -0.05021483
   -0.05163480
    0.06413986
   -0.08108133
   -0.05243519
    0.08541021
   -0.05432625
   -0.05295035
    0.08726323
   -0.32392496
    0.01179183
    0.06380691
   -0.05019593
   -0.05163966
    0.06414345
   -0.08107752
   -0.05244632
    0.08541264
   -0.32394003
    0.01915321
    0.02138688
    0.04330241
    0.04163381
    0.21442326
    0.04816266
    0.01915981
    0.02141069
    0.04331161
    0.04163040
    0.21441525
    0.04815533
   -0.05432875
   -0.05296573
    0.08727848
    0.01168671
    0.06383448
   -0.05022593
   -0.05163639
    0.06409999
   -0.08109546
   -0.05244790
    0.08538996
   -0.05434086
   -0.05295089
    0.08724022
   -0.32393810
    0.01184191
    0.06378838
   -0.05019152
   -0.05165998
    0.06413725
   -0.08107648
   -0.05247129
    0.08540273
   -0.32397202
    0.01912951
    0.02136328
    0.04326786
    0.04160425
    0.21439951
    0.04813163
    0.01912683
    0.02140851
    0.04331595
    0.04160481
    0.21440555
    0.04812194
   -0.05435183
   -0.05298867
    0.08725684
    0.01151600
    0.06382899
   -0.05026061
   -0.05165333
    0.06406613
   -0.08120741
   -0.05253441
    0.08538170
   -0.05439351
   -0.05293665
    0.08713318
   -0.32398223
    0.01197181
    0.06370674
   -0.05015816
   -0.05171770
    0.06415483
   -0.08115545
   -0.05260071
    0.08539043
   -0.32408865
    0.01903362
    0.02128501
    0.04318167
    0.04150939
    0.21438441
    0.04802486
    0.01901371
    0.02138837
    0.04329331
    0.04149825
    0.21439229
    0.04799785
