           1           2   1.7166095237376418     
           2           3   1.1214847976299349     
           3           4   1.2423542637230520     
           4           5   1.2470301286862178     
           5           6   1.2373230132756907     
           6           7   1.5923852922788362     
           7           8   1.2240569260835743     
           5           9   1.2260177329545046     
           8           9   1.2017932934447639     
           8          10   1.3446022445243111     
          10          11   1.3569994969350279     
          11          12   1.1067800058773829     
          12          13   1.7309954470565141     
          13          14   1.1088311117489615     
          11          15   1.3241836545978609     
          14          15   1.3251105315207610     
          14          16   1.3538555192557045     
          16          17   1.3465975330736024     
          17          18   1.2156490395202693     
          18          19   1.6081635858398471     
          19          20   1.2151896200213939     
          17          21   1.2097562258289329     
          20          21   1.2114209940533507     
          20          22   1.3416512943744792     
           1          23   1.1148663591047847     
          22          23   1.3669928381525287     
           3          24   1.3622009244453852     
          23          24   1.2984783114664284     
           1          25  0.97278187836608254     
           2          26  0.97141326205858547     
           6          27  0.97182087011061014     
           7          28  0.97291153206479331     
           9          29  0.89998506876727313     
          10          30  0.96368228723156779     
          12          31  0.97273822596603843     
          13          32  0.97278671917590820     
          16          33  0.96469856822836009     
          18          34  0.97287818744984811     
          19          35  0.97281183986999242     
          21          36  0.90032977695610894     
          22          37  0.96352080829241915     
          38          39   1.7166008259825878     
          39          40   1.1214825781978592     
          40          41   1.2420904593310482     
          41          42   1.2470243394543561     
          42          43   1.2373310753525997     
          43          44   1.5923451425027659     
          44          45   1.2240947504433637     
          42          46   1.2260694618353256     
          45          46   1.2017598769206312     
          45          47   1.3445965284049166     
          47          48   1.3569978948258832     
          48          49   1.1067974890628294     
          49          50   1.7309798087921360     
          50          51   1.1088381792384832     
          48          52   1.3241655786521638     
          51          52   1.3251066042414685     
          51          53   1.3538515549558154     
          53          54   1.3465874089526149     
          54          55   1.2156571466237756     
          55          56   1.6081340283096017     
          56          57   1.2152204337154724     
          54          58   1.2097529373595695     
          57          58   1.2114276304440328     
          57          59   1.3415974177564005     
          38          60   1.1148771916165683     
          59          60   1.3670720201527808     
          40          61   1.3623500166747731     
          60          61   1.2983749662585538     
          38          62  0.97278175957149826     
          39          63  0.97141788262079642     
          43          64  0.97182019174652334     
          44          65  0.97291240118394628     
          46          66  0.90001570447513890     
          47          67  0.96368619293521951     
          49          68  0.97273839991199507     
          50          69  0.97278629939400463     
          53          70  0.96469537709832054     
          55          71  0.97287832029488397     
          56          72  0.97281129980429282     
          58          73  0.90034028129412214     
          59          74  0.96352130065094110     
           4          75   1.1939300857635222     
          75          76   2.4346904192133438     
          76          77   1.3369195315016928     
          75          78  0.19170805786678416     
          77          78   2.3492100275948289     
          78          79   1.3380522038869240     
          77          80  0.19137791495909234     
          79          80   2.4310147878167796     
          81          82   2.4282608596894351     
          82          83   1.3404162988258437     
          81          84  0.19103074066660583     
          83          84   2.3448839010963316     
          84          85   1.3404710234776416     
          83          86  0.19101616714222253     
          85          86   2.4281012130030311     
          87          88   2.4280037215687593     
          88          89   1.3405666128901905     
          87          90  0.19100514239970495     
          89          90   2.3447181360170588     
          90          91   1.3405558408344969     
          89          92  0.19099424984872854     
          91          92   2.4280195678122722     
          93          94   2.4279756201150358     
          94          95   1.3405883329186283     
          93          96  0.19100348804497147     
          95          96   2.3446813527165848     
          96          97   1.3405810207139828     
          95          98  0.19100176674001595     
          97          98   2.4279932851441028     
          99         100   2.4279754005067997     
         100         101   1.3405806314372954     
          99         102  0.19100081222416376     
         101         102   2.3446859681135539     
         102         103   1.3405798928883772     
         101         104  0.19100864526558442     
         103         104   2.4279909587746040     
         105         106   2.4281481461719112     
         106         107   1.3404431446375442     
         105         108  0.19100629876443737     
         107         108   2.3448960066956044     
         108         109   1.3404287971407340     
         107         110  0.19103970666999825     
         109         110   2.4282316239300412     
         111         112   2.4307974785617033     
         112         113   1.3382681423159364     
         111         114  0.19139565564595146     
         113         114   2.3489629537209562     
         114         115   1.3371459922393119     
          41         116   1.1942090747140472     
         113         116  0.19172999831592286     
         115         116   2.4344436481187746     
         117         118   1.7155108425804846     
         118         119   1.1235236127726060     
          80         120   1.1984744913012215     
         119         120   1.2403403580845640     
         120         121   1.2423082459788561     
         121         122   1.2416846091269267     
         122         123   1.5869727185416007     
         123         124   1.2283201986588461     
         121         125   1.2265162088686536     
         124         125   1.2033483525673381     
         124         126   1.3349951902448536     
         126         127   1.3724198768854035     
         127         128   1.1148101282840641     
         128         129   1.7157987400726999     
         129         130   1.1232354165251044     
         127         131   1.2939955571448274     
         130         131   1.3638512203811102     
          81         132   1.1998650404790840     
         130         132   1.2391954192396473     
         132         133   1.2418841156459617     
         133         134   1.2414695203845754     
         134         135   1.5872278291969577     
         135         136   1.2280481316981389     
         133         137   1.2270366664486074     
         136         137   1.2026863518145776     
         136         138   1.3361434139164379     
         117         139   1.1150205186441891     
         138         139   1.3710685653438854     
         119         140   1.3626039510196173     
         139         140   1.2950993508523658     
         117         141  0.97276453978650446     
         118         142  0.97153414231693747     
         122         143  0.97198176273343406     
         123         144  0.97290431796883159     
         125         145  0.89779403587146989     
         126         146  0.96297287081349237     
         128         147  0.97276124533921082     
         129         148  0.97152735061886275     
         134         149  0.97199596606592187     
         135         150  0.97290362209259373     
         137         151  0.89782121410421700     
         138         152  0.96297500926924129     
         153         154   1.7155531764772343     
         154         155   1.1234390090361401     
          86         156   1.2000588372381100     
         155         156   1.2391580977146865     
         156         157   1.2418095135376184     
         157         158   1.2417860599683872     
         158         159   1.5868222270945740     
         159         160   1.2283860059602287     
         157         161   1.2268564963501856     
         160         161   1.2031141681001676     
         160         162   1.3351808423682550     
         162         163   1.3722265913048071     
         163         164   1.1148819449540084     
         164         165   1.7157119466325881     
         165         166   1.1233073698846070     
         163         167   1.2940643951917401     
         166         167   1.3637655746771031     
          87         168   1.2000724855715048     
         166         168   1.2392060608162341     
         168         169   1.2416509321138667     
         169         170   1.2416758536859756     
         170         171   1.5869418138466900     
         171         172   1.2282951818312728     
         169         173   1.2270303756846599     
         172         173   1.2028877809455900     
         172         174   1.3355430677319142     
         153         175   1.1150086463164917     
         174         175   1.3718698975256802     
         155         176   1.3635832229159397     
         175         176   1.2942424932098651     
         153         177  0.97275907966979691     
         154         178  0.97152970796675153     
         158         179  0.97198521796803994     
         159         180  0.97289901493685649     
         161         181  0.89780903077051377     
         162         182  0.96296253691555656     
         164         183  0.97275909619459910     
         165         184  0.97152959108587900     
         170         185  0.97198671023471628     
         171         186  0.97289753490915498     
         173         187  0.89781221619707996     
         174         188  0.96295860478085948     
         189         190   1.7156307702273903     
         190         191   1.1233638726624091     
          92         192   1.2000760822096241     
         191         192   1.2393126230879958     
         192         193   1.2415967917602295     
         193         194   1.2417508482647879     
         194         195   1.5868571861087832     
         195         196   1.2283750814655063     
         193         197   1.2269718170586719     
         196         197   1.2030066582815215     
         196         198   1.3353008786251754     
         198         199   1.3721468851298571     
         199         200   1.1149332050786249     
         200         201   1.7156747559069307     
         201         202   1.1233140386835652     
         199         203   1.2940606744618701     
         202         203   1.3637837589392947     
          93         204   1.2000995322723058     
         202         204   1.2391469407951885     
         204         205   1.2417152379699690     
         205         206   1.2416906598168818     
         206         207   1.5869204349848913     
         207         208   1.2283202958018544     
         205         209   1.2269736158931033     
         208         209   1.2029597167551962     
         208         210   1.3354292618993600     
         189         211   1.1149462069555351     
         210         211   1.3719818459687534     
         191         212   1.3636265203722029     
         211         212   1.2942120949813658     
         189         213  0.97275933464939002     
         190         214  0.97152938268506894     
         194         215  0.97197981253809407     
         195         216  0.97289488727896101     
         197         217  0.89783390488500825     
         198         218  0.96295883009722649     
         200         219  0.97275831319084016     
         201         220  0.97152679659585062     
         206         221  0.97198368073043828     
         207         222  0.97289583683437986     
         209         223  0.89785051403567939     
         210         224  0.96296098850444567     
         225         226   1.7156911380927200     
         226         227   1.1232970807234774     
          98         228   1.2000743918139742     
         227         228   1.2391475671206766     
         228         229   1.2417285615770346     
         229         230   1.2416938634808357     
         230         231   1.5868805580812138     
         231         232   1.2283772176626122     
         229         233   1.2269768843135649     
         232         233   1.2029507777905233     
         232         234   1.3353784361227812     
         234         235   1.3720783435026624     
         235         236   1.1149539525293528     
         236         237   1.7156669269949174     
         237         238   1.1233082148642377     
         235         239   1.2940867314995419     
         238         239   1.3637723767389032     
          99         240   1.2001041390547249     
         238         240   1.2390987385205945     
         240         241   1.2417840552501340     
         241         242   1.2417256226205273     
         242         243   1.5868521046146680     
         243         244   1.2283942306843025     
         241         245   1.2269249145465282     
         244         245   1.2030165485058399     
         244         246   1.3352902720694708     
         225         247   1.1149288482453217     
         246         247   1.3721437242203331     
         227         248   1.3637826801843236     
         247         248   1.2940691830089870     
         225         249  0.97275831870806728     
         226         250  0.97152378759858005     
         230         251  0.97198236398694593     
         231         252  0.97289575416548746     
         233         253  0.89790661039881425     
         234         254  0.96296451841509989     
         236         255  0.97275790071791957     
         237         256  0.97151748687096939     
         242         257  0.97198573636804608     
         243         258  0.97289678564575088     
         245         259  0.89791617842215621     
         246         260  0.96296685016950745     
         261         262   1.7157532650176019     
         262         263   1.1232261149778560     
         104         264   1.2000619718696059     
         263         264   1.2390587882763788     
         264         265   1.2417863535006792     
         265         266   1.2416356976156226     
         266         267   1.5869212948072855     
         267         268   1.2283618956872768     
         265         269   1.2270071753966898     
         268         269   1.2028430532208199     
         268         270   1.3355345630250579     
         270         271   1.3718905274477329     
         271         272   1.1150181008011750     
         272         273   1.7155866010552903     
         273         274   1.1233698229428739     
         271         275   1.2942035593184329     
         274         275   1.3636457104647659     
         105         276   1.2000241987172178     
         274         276   1.2391906060484059     
         276         277   1.2417905185041562     
         277         278   1.2417792597396060     
         278         279   1.5867801265726706     
         279         280   1.2284642166485429     
         277         281   1.2268677039460500     
         280         281   1.2030737168184937     
         280         282   1.3351467019918684     
         261         283   1.1148997384004720     
         282         283   1.3722982599486817     
         263         284   1.3639225608968493     
         283         284   1.2939588828865611     
         261         285  0.97275847403418914     
         262         286  0.97152086819068528     
         266         287  0.97198462005010133     
         267         288  0.97289918344795379     
         269         289  0.89798012181334108     
         270         290  0.96297253151145312     
         272         291  0.97275906968267256     
         273         292  0.97152282846130367     
         278         293  0.97198104261265317     
         279         294  0.97289937664267767     
         281         295  0.89794891689465539     
         282         296  0.96297399116071458     
         297         298   1.7158369341432844     
         298         299   1.1231781318510599     
         110         300   1.1998855975629481     
         299         300   1.2390815278097742     
         300         301   1.2419479176693948     
         301         302   1.2414550775575566     
         302         303   1.5871857383077357     
         303         304   1.2281161228599493     
         301         305   1.2270392813695268     
         304         305   1.2026601510077299     
         304         306   1.3360939027056011     
         306         307   1.3711728230946645     
         307         308   1.1150414229711143     
         308         309   1.7155276923801366     
         309         310   1.1234815504560485     
         307         311   1.2949453811003884     
         310         311   1.3627991492017666     
         111         312   1.1987263323532966     
         310         312   1.2400404979751711     
         312         313   1.2423609662746227     
         313         314   1.2417140597773018     
         314         315   1.5868875037486272     
         315         316   1.2284094503767875     
         313         317   1.2265304779276240     
         316         317   1.2033288086274070     
         316         318   1.3349348584189658     
         297         319   1.1148168383899004     
         318         319   1.3724870240535645     
         299         320   1.3639655552392682     
         319         320   1.2939142813808280     
         297         321  0.97276041930998824     
         298         322  0.97152372859589575     
         302         323  0.97199328734022805     
         303         324  0.97290500010329195     
         305         325  0.89792806502864919     
         306         326  0.96298171407836497     
         308         327  0.97276290134937760     
         309         328  0.97152507385848552     
         314         329  0.97198659247605457     
         315         330  0.97290671582510335     
         317         331  0.89790134111139142     
         318         332  0.96298302546868075     
