    0.10388456
   -0.05294918
   -0.05144726
    0.07278438
    0.01697450
    0.07278359
   -0.05142964
   -0.05295345
    0.07187064
   -0.13142709
   -0.04992395
    0.07298536
   -0.05206405
   -0.05215208
    0.07328840
   -0.12962775
   -0.05166757
    0.07328909
   -0.05215424
   -0.05206531
    0.07297813
   -0.12961586
   -0.04991501
    0.07186590
   -0.13141691
    0.03435090
    0.03659063
    0.03659565
    0.03434624
    0.04996337
    0.03486166
    0.03475459
    0.04934221
    0.03475612
    0.03486117
    0.04996534
    0.10389731
   -0.05295100
   -0.05143411
    0.07277158
    0.01697394
    0.07277077
   -0.05143869
   -0.05294959
    0.07186927
   -0.13140762
   -0.04993497
    0.07298591
   -0.05206578
   -0.05215235
    0.07329420
   -0.12964874
   -0.05167771
    0.07329373
   -0.05215264
   -0.05206432
    0.07298162
   -0.12963966
   -0.04993539
    0.07187411
   -0.13141200
    0.03435257
    0.03658456
    0.03660011
    0.03435460
    0.04996023
    0.03485946
    0.03475140
    0.04933885
    0.03475262
    0.03485968
    0.04995874
   -0.01982301
   -0.01028836
   -0.00217365
   -0.00239811
   -0.01005188
   -0.02001957
   -0.01978991
   -0.01008801
   -0.00216027
   -0.00219178
   -0.01004910
   -0.01980525
   -0.01981208
   -0.01004978
   -0.00219703
   -0.00216037
   -0.01009562
   -0.01979395
   -0.01998576
   -0.01004711
   -0.00237494
   -0.00215379
   -0.01028170
   -0.01979151
    0.10299599
   -0.05287305
   -0.05153114
    0.07306730
    0.01706379
    0.07307006
   -0.05150369
   -0.05287310
    0.07169887
   -0.13201773
   -0.04784208
    0.07169512
   -0.05285048
   -0.05153004
    0.07314198
   -0.13215587
    0.01697812
    0.07315198
   -0.05155547
   -0.05284622
    0.07167748
   -0.13211379
   -0.04782909
    0.07169098
   -0.13198034
    0.03421029
    0.03631237
    0.03631504
    0.03420310
    0.05035238
    0.03421763
    0.03630055
    0.03632192
    0.03422191
    0.05036315
    0.10289741
   -0.05285566
   -0.05153474
    0.07313593
    0.01703163
    0.07313706
   -0.05155300
   -0.05285000
    0.07167646
   -0.13200315
   -0.04777259
    0.07168102
   -0.05285283
   -0.05151945
    0.07314646
   -0.13203251
    0.01703381
    0.07312052
   -0.05156602
   -0.05285181
    0.07167941
   -0.13200634
   -0.04777551
    0.07168863
   -0.13207009
    0.03423134
    0.03631159
    0.03632568
    0.03424198
    0.05038934
    0.03422830
    0.03631424
    0.03633089
    0.03424808
    0.05039657
    0.10296828
   -0.05284686
   -0.05155603
    0.07312398
    0.01697402
    0.07314374
   -0.05152200
   -0.05284993
    0.07168317
   -0.13207623
   -0.04784586
    0.07169996
   -0.05286546
   -0.05153856
    0.07305862
   -0.13203066
    0.01706641
    0.07309179
   -0.05149050
   -0.05286931
    0.07170464
   -0.13206300
   -0.04784783
    0.07167738
   -0.13208080
    0.03422854
    0.03631827
    0.03631429
    0.03422237
    0.05035510
    0.03421964
    0.03631356
    0.03630107
    0.03419693
    0.05034947
