           2           3   1.6414993951758139     
           3           4   1.1833705494836746     
           4           5   1.2559949877580590     
           5           6   1.2561944965139167     
           6           7   1.1833684119590868     
           7           8   1.6414975881293437     
           8           9   1.1743152291824224     
           1          10  0.72182255984752242     
           6          10   1.2613841745672041     
           9          10   1.2274751683627425     
           9          11   1.3593453586443172     
          11          12   1.3586342674031537     
          12          13   1.1656998130539125     
          13          14   1.6573756176572436     
          14          15   1.1651312972555161     
           1          16  0.72396841654981503     
          12          16   1.2386903240566078     
          15          16   1.2417421878187458     
          15          17   1.3576885540410206     
          17          18   1.3576782619657126     
          18          19   1.1651419065816946     
          19          20   1.6573435600338216     
          20          21   1.1657370297897922     
           1          22  0.72401695846537351     
          18          22   1.2417257883612320     
          21          22   1.2386752844172215     
          21          23   1.3586015415324584     
           2          24   1.1743267713103513     
          23          24   1.3594100846162931     
           1          25  0.72177779894175720     
           4          25   1.2615163353926890     
          24          25   1.2273887132608052     
           2          26  0.97197980644540027     
           3          27  0.97009138460591504     
           7          28  0.97009888297793290     
           8          29  0.97198099873660759     
          11          30  0.96324479047186107     
          13          31  0.97187288266152660     
          14          32  0.97190198032280095     
          17          33  0.96354075621602830     
          19          34  0.97190163797613638     
          20          35  0.97187211756200875     
          23          36  0.96324191679870963     
          38          39   1.6415333200809878     
          39          40   1.1833291897633265     
          40          41   1.2562785887357300     
          41          42   1.2562516027764539     
          42          43   1.1833303628462908     
          43          44   1.6415377516363756     
          44          45   1.1743089525206547     
          37          46  0.72192432854572519     
          42          46   1.2613256532195374     
          45          46   1.2274478555666801     
          45          47   1.3593650507065036     
          47          48   1.3586476313886293     
          48          49   1.1656947337591412     
          49          50   1.6573992078034405     
          50          51   1.1651010251841771     
          37          52  0.72388433373022265     
          48          52   1.2387090446905376     
          51          52   1.2417762341281680     
          51          53   1.3576851459239294     
          53          54   1.3576880244386764     
          54          55   1.1651114229316410     
          55          56   1.6573823270114110     
          56          57   1.1657104886044682     
          37          58  0.72395299298695859     
          54          58   1.2417564592507144     
          57          58   1.2386816527333853     
          57          59   1.3586496680294475     
          38          60   1.1743139383758709     
          59          60   1.3593557548281865     
          37          61  0.72191685292740404     
          40          61   1.2613271147674978     
          60          61   1.2274566196689862     
          38          62  0.97197974426031430     
          39          63  0.97008826680255134     
          43          64  0.97008887164073132     
          44          65  0.97197890866083037     
          47          66  0.96324481447614041     
          49          67  0.97187263408978797     
          50          68  0.97190263717706593     
          53          69  0.96354109026982415     
          55          70  0.97190186467784057     
          56          71  0.97187225716982406     
          59          72  0.96324537206100458     
           5          73   1.1814385293026162     
          73          74   2.4487896314673625     
          74          75   1.3289149107945484     
          73          76  0.19367597322082536     
          75          76   2.3618544034306628     
          76          77   1.3296792119426988     
          75          78  0.19348911026730253     
          77          78   2.4463187823041261     
          79          80   2.4444419306169927     
          80          81   1.3312187493351222     
          79          82  0.19322380529449568     
          81          82   2.3589119614238467     
          82          83   1.3312430698989843     
          81          84  0.19321601831712215     
          83          84   2.4443643066065484     
          85          86   2.4443707991572379     
          86          87   1.3312451076548459     
          85          88  0.19322217603408298     
          87          88   2.3589142334799491     
          88          89   1.3312086871278228     
          87          90  0.19322911881936561     
          89          90   2.4444733695126892     
          91          92   2.4465445736279152     
          92          93   1.3294178230489493     
          91          94  0.19345732264622584     
          93          94   2.3620955165938433     
          94          95   1.3286454437729895     
          41          96   1.1811187815077020     
          93          96  0.19364593194295482     
          95          96   2.4490483162982408     
          98          99   1.6405708201245970     
          99         100   1.1836799164627112     
          78         101   1.1839399578287437     
         100         101   1.2535332660539196     
         101         102   1.2537323394318842     
         102         103   1.1836982295262779     
         103         104   1.6405738101950584     
         104         105   1.1751964757771742     
          97         106  0.71855097020593617     
         102         106   1.2641605371281173     
         105         106   1.2259212983055976     
         105         107   1.3590803879919888     
         107         108   1.3592004253783676     
         108         109   1.1751807092415907     
         109         110   1.6405419702336828     
         110         111   1.1837029378109278     
          97         112  0.71790140600531216     
         108         112   1.2259161271068184     
         111         112   1.2645524991828021     
          79         113   1.1848601901797140     
         111         113   1.2532808520094616     
         113         114   1.2530274247732025     
         114         115   1.1836285484293785     
         115         116   1.6405859542780801     
         116         117   1.1751905427790121     
          97         118  0.71787946937576519     
         114         118   1.2647733720561929     
         117         118   1.2257882959617872     
         117         119   1.3592706023938275     
          98         120   1.1752226175241567     
         119         120   1.3590601911338325     
          97         121  0.71852606917936945     
         100         121   1.2642716287028177     
         120         121   1.2258784441048627     
          98         122  0.97197699727578291     
          99         123  0.97012442309455005     
         103         124  0.97013662803965084     
         104         125  0.97197792359965829     
         107         126  0.96299313635652617     
         109         127  0.97198253552676539     
         110         128  0.97014043023869689     
         115         129  0.97012308366737499     
         116         130  0.97198040654229123     
         119         131  0.96299030185208256     
         133         134   1.6405130736172167     
         134         135   1.1837219639716128     
          84         136   1.1849378952043337     
         135         136   1.2531765091483509     
         136         137   1.2530143182517481     
         137         138   1.1837078346018068     
         138         139   1.6404957075616620     
         139         140   1.1752580427584309     
         132         141  0.71818853942884575     
         137         141   1.2646839600031639     
         140         141   1.2257409572574507     
         140         142   1.3592083862390925     
         142         143   1.3591305943377905     
         143         144   1.1752270538521943     
         144         145   1.6405118693245382     
         145         146   1.1836958941816289     
         132         147  0.71808725060088641     
         143         147   1.2258800789495528     
         146         147   1.2646239965449126     
          85         148   1.1849431214816104     
         146         148   1.2532516625252086     
         148         149   1.2529495421313630     
         149         150   1.1837355611386846     
         150         151   1.6404999699645473     
         151         152   1.1752327977565278     
         132         153  0.71814050323347700     
         149         153   1.2646564590470784     
         152         153   1.2257789458508377     
         152         154   1.3592089192949532     
         133         155   1.1752058647875354     
         154         155   1.3591031327748317     
         132         156  0.71788787916780283     
         135         156   1.2646416041114958     
         155         156   1.2259628826851872     
         133         157  0.97198103946857006     
         134         158  0.97014140374594982     
         138         159  0.97011702340256833     
         139         160  0.97197664608432832     
         142         161  0.96298624631111907     
         144         162  0.97197865231606773     
         145         163  0.97013132119988088     
         150         164  0.97012481232428527     
         151         165  0.97197796670452385     
         154         166  0.96298868150984673     
         168         169   1.6406071531422148     
         169         170   1.1836574712887105     
          90         171   1.1848447902544785     
         170         171   1.2530695633450879     
         171         172   1.2532859641994318     
         172         173   1.1836737902499701     
         173         174   1.6405385283308966     
         174         175   1.1752077528541158     
         167         176  0.71823087770334237     
         172         176   1.2644945637112777     
         175         176   1.2258044288735046     
         175         177   1.3592188987712981     
         177         178   1.3591134175031228     
         178         179   1.1751822788640340     
         179         180   1.6406712434081201     
         180         181   1.1835922620775405     
         167         182  0.71840557424753637     
         178         182   1.2258875005242953     
         181         182   1.2642394945993625     
          91         183   1.1836565128338301     
         181         183   1.2536070463529765     
         183         184   1.2539321183355776     
         184         185   1.1836132293573938     
         185         186   1.6406080091847430     
         186         187   1.1752173598431461     
         167         188  0.71844103755348054     
         184         188   1.2641226902270553     
         187         188   1.2259684417199430     
         187         189   1.3590013197254076     
         168         190   1.1751479433475653     
         189         190   1.3593073700170757     
         167         191  0.71806034252884310     
         170         191   1.2646348472229150     
         190         191   1.2257847790460439     
         168         192  0.97198141538062943     
         169         193  0.97014156837353627     
         173         194  0.97012459491293301     
         174         195  0.97197914341287395     
         177         196  0.96299073031394722     
         179         197  0.97197793839483448     
         180         198  0.97012605123358586     
         185         199  0.97013298253048497     
         186         200  0.97197995107768431     
         189         201  0.96299315167155086     
