   -0.29339627
   -0.05225484
   -0.05085370
    0.07302409
    0.02662492
    0.07313325
   -0.05043495
   -0.05231083
    0.07314501
   -0.04713411
   -0.04156717
    0.07422790
   -0.05125629
   -0.05133779
    0.07453090
   -0.04672790
   -0.04321361
    0.07454478
   -0.05134062
   -0.05127750
    0.07414534
   -0.04661413
   -0.04149564
    0.07306267
   -0.04692731
    0.03538800
    0.03694509
    0.03644852
    0.03534287
    0.04903447
    0.03572929
    0.03564140
    0.04839423
    0.03564357
    0.03570999
    0.04905240
   -0.29301376
   -0.05223447
   -0.05076013
    0.07310905
    0.02654597
    0.07311979
   -0.05058233
   -0.05224314
    0.07314281
   -0.04735597
   -0.04162022
    0.07421173
   -0.05127899
   -0.05135230
    0.07451806
   -0.04660201
   -0.04325115
    0.07451907
   -0.05135502
   -0.05128418
    0.07418184
   -0.04655859
   -0.04159736
    0.07311367
   -0.04725744
    0.03537490
    0.03698105
    0.03668668
    0.03536233
    0.04904211
    0.03572836
    0.03565028
    0.04841725
    0.03565103
    0.03572327
    0.04904854
   -0.02873048
   -0.02932158
   -0.02934313
   -0.02868801
   -0.28905663
   -0.05210763
   -0.05064473
    0.07335275
    0.02675086
    0.07336444
   -0.05033943
   -0.05212655
    0.07297457
   -0.04857301
   -0.03981705
    0.07299194
   -0.05205499
   -0.05064017
    0.07336488
   -0.04884837
    0.02671315
    0.07344198
   -0.05037192
   -0.05207391
    0.07300423
   -0.04897633
   -0.03982021
    0.07298549
   -0.04850121
    0.03543585
    0.03697835
    0.03631781
    0.03542224
    0.04962770
    0.03544673
    0.03689740
    0.03654074
    0.03540100
    0.04961650
