           2           3   1.6459067045799922     
           3           4   1.1778793990818743     
           4           5   1.2569298175075179     
           5           6   1.2589810504364201     
           6           7   1.1775385646899894     
           7           8   1.6461124372108533     
           8           9   1.1693862655928735     
           1          10  0.75319193135480378     
           6          10   1.2593727370566077     
           9          10   1.2283552371369086     
           9          11   1.3541178743833124     
          11          12   1.3540269982657147     
          12          13   1.1609220280426058     
          13          14   1.6612939894751853     
          14          15   1.1604597611418459     
           1          16  0.75119385536126970     
          12          16   1.2388844211659251     
          15          16   1.2424561065341626     
          15          17   1.3527358213761957     
          17          18   1.3529812220232165     
          18          19   1.1605408081617012     
          19          20   1.6609270735834127     
          20          21   1.1614517694189188     
           1          22  0.75146182668989359     
          18          22   1.2419492598425133     
          21          22   1.2392497034823409     
          21          23   1.3531487388609655     
           2          24   1.1694566640472681     
          23          24   1.3552688859017188     
           1          25  0.75331094699235768     
           4          25   1.2608476330225731     
          24          25   1.2269173859337537     
           2          26  0.97178147967364392     
           3          27  0.96728558598829029     
           7          28  0.96676662599098240     
           8          29  0.97178927819791594     
          11          30  0.96379038037415188     
          13          31  0.97169963362636724     
          14          32  0.97172775465756911     
          17          33  0.96411797482029205     
          19          34  0.97173075139917964     
          20          35  0.97170166875964181     
          23          36  0.96377609942729969     
          38          39   1.6465010200181662     
          39          40   1.1772315468167700     
          40          41   1.2585869342085731     
          41          42   1.2592918704135230     
          42          43   1.1771251957718170     
          43          44   1.6466163202163231     
          44          45   1.1691362629899107     
          37          46  0.75262308488773622     
          42          46   1.2600193243289763     
          45          46   1.2282227758830893     
          45          47   1.3547935807938489     
          47          48   1.3537476046090304     
          48          49   1.1611020816277899     
          49          50   1.6611528125432695     
          50          51   1.1605383514022540     
          37          52  0.75165702865562911     
          48          52   1.2391565597860705     
          51          52   1.2421676491423133     
          51          53   1.3529849235102969     
          53          54   1.3530709617328576     
          54          55   1.1605259105925823     
          55          56   1.6610729932959294     
          56          57   1.1612484654846296     
          37          58  0.75172223949323358     
          54          58   1.2420474264747405     
          57          58   1.2392880345988964     
          57          59   1.3534834533019757     
          38          60   1.1692281439620622     
          59          60   1.3551578889093503     
          37          61  0.75282451104830761     
          40          61   1.2604880216409398     
          60          61   1.2276786221632257     
          38          62  0.97178046460061784     
          39          63  0.96774188224149627     
          43          64  0.96767266862701440     
          44          65  0.97178455123225693     
          47          66  0.96378800498641393     
          49          67  0.97169360816534434     
          50          68  0.97172167079496252     
          53          69  0.96409856749578082     
          55          70  0.97172325884875888     
          56          71  0.97169398740449997     
          59          72  0.96378466878557845     
           5          73   1.1662193688273961     
          73          74   2.5832599424638332     
          41          76   1.1643395806753400     
          75          76   2.5842131279310134     
          78          79   1.6449506480550764     
          79          80   1.1782464749737895     
          74          81   1.1676327202859149     
          80          81   1.2557830116064734     
          81          82   1.2564513840084315     
          82          83   1.1782396622743450     
          83          84   1.6448574082616065     
          84          85   1.1705855013605140     
          77          86  0.75019979885556243     
          82          86   1.2614405526520278     
          85          86   1.2260965960400227     
          85          87   1.3538149175561247     
          87          88   1.3545001518693922     
          88          89   1.1703082435890879     
          89          90   1.6453334617063435     
          90          91   1.1778151474658316     
          77          92  0.74937942353257259     
          88          92   1.2257618860877779     
          91          92   1.2620999670853377     
          75          93   1.1659991749848890     
          91          93   1.2563543258540548     
          93          94   1.2573057169001061     
          94          95   1.1777297867478820     
          95          96   1.6453329620872703     
          96          97   1.1703673132420018     
          77          98  0.74925627364913339     
          94          98   1.2616380589458616     
          97          98   1.2263567929002666     
          97          99   1.3539561431202369     
          78         100   1.1704695484096053     
          99         100   1.3543416658917677     
          77         101  0.75031617600767508     
          80         101   1.2618677120263933     
         100         101   1.2255811393682146     
          78         102  0.97178347514554964     
          79         103  0.96735874073338424     
          83         104  0.96686395439028339     
          84         105  0.97178871520059640     
          87         106  0.96345782062660168     
          89         107  0.97178746568739216     
          90         108  0.96787723334037534     
          95         109  0.96778558490391220     
          96         110  0.97179568566482499     
          99         111  0.96346301965693792     
