   -0.05462797
   -0.05305787
    0.08728403
    0.01133627
    0.06418826
   -0.04996792
   -0.05170834
    0.06435081
   -0.08111757
   -0.05484936
    0.08688271
   -0.05368788
   -0.05371276
    0.08654655
   -0.32075603
   -0.05653920
    0.06508364
   -0.05095619
   -0.05079706
    0.06578056
   -0.08080909
   -0.05486621
    0.08566931
   -0.32490937
    0.01877568
    0.02123707
    0.04339305
    0.04155132
    0.21413451
    0.04714938
    0.01964493
    0.01967544
    0.04637742
    0.04211336
    0.04207041
    0.21441224
    0.04720789
   -0.05462840
   -0.05307650
    0.08728455
    0.01134219
    0.06421889
   -0.04995669
   -0.05170997
    0.06433658
   -0.08111131
   -0.05484573
    0.08687865
   -0.05368728
   -0.05371462
    0.08654814
   -0.32076143
   -0.05653961
    0.06508247
   -0.05095841
   -0.05079852
    0.06578200
   -0.08079849
   -0.05485437
    0.08566505
   -0.32488833
    0.01878313
    0.02125126
    0.04339528
    0.04154664
    0.21412435
    0.04714688
    0.01964515
    0.01967619
    0.04638217
    0.04211620
    0.04207280
    0.21441158
    0.04721373
   -0.02011029
   -0.01198415
   -0.00291844
   -0.00375715
   -0.01094830
   -0.02099655
   -0.02026656
   -0.01125593
   -0.00291017
   -0.00318519
   -0.01096725
   -0.02053803
   -0.02030378
   -0.01109462
   -0.00294266
   -0.00303005
   -0.01100988
   -0.02039166
   -0.02033875
   -0.01103382
   -0.00297479
   -0.00297332
   -0.01103763
   -0.02033447
   -0.02039499
   -0.01100168
   -0.00303668
   -0.00294211
   -0.01109735
   -0.02029880
   -0.02053502
   -0.01097419
   -0.00319136
   -0.00291594
   -0.01125533
   -0.02027086
   -0.02100717
   -0.01094991
   -0.00377016
   -0.00293561
   -0.01198306
   -0.02013625
   -0.05439102
   -0.05289928
    0.08712605
    0.01197763
    0.06367381
   -0.05017354
   -0.05171199
    0.06417172
   -0.08116760
   -0.05260518
    0.08539709
   -0.05435415
   -0.05296705
    0.08724843
   -0.32409076
    0.01151496
    0.06379694
   -0.05026865
   -0.05165017
    0.06408249
   -0.08122141
   -0.05253442
    0.08539017
   -0.32398428
    0.01900919
    0.02137290
    0.04329260
    0.04150470
    0.21441647
    0.04800568
    0.01903336
    0.02127810
    0.04317552
    0.04150605
    0.21439691
    0.04802658
   -0.05434171
   -0.05294211
    0.08721101
    0.01183565
    0.06376929
   -0.05018985
   -0.05165554
    0.06415216
   -0.08111793
   -0.05247464
    0.08540811
   -0.05433073
   -0.05293798
    0.08725675
   -0.32396588
    0.01168996
    0.06380025
   -0.05023689
   -0.05163526
    0.06412237
   -0.08111766
   -0.05244069
    0.08539285
   -0.32390983
    0.01912851
    0.02140216
    0.04330367
    0.04159404
    0.21443201
    0.04812350
    0.01912115
    0.02135019
    0.04325993
    0.04160116
    0.21444013
    0.04814470
   -0.05432792
   -0.05291408
    0.08726394
    0.01179786
    0.06377394
   -0.05021734
   -0.05163610
    0.06414766
   -0.08107535
   -0.05243666
    0.08541076
   -0.05432325
   -0.05293667
    0.08726504
   -0.32393005
    0.01175147
    0.06379922
   -0.05021087
   -0.05162883
    0.06414154
   -0.08109604
   -0.05243927
    0.08541167
   -0.32392718
    0.01914889
    0.02139118
    0.04331372
    0.04163606
    0.21444053
    0.04816579
    0.01915636
    0.02139048
    0.04329402
    0.04162930
    0.21443044
    0.04816120
   -0.05432308
   -0.05294023
    0.08726985
    0.01175217
    0.06380593
   -0.05021211
   -0.05163275
    0.06413567
   -0.08107300
   -0.05243504
    0.08540748
   -0.05432763
   -0.05294692
    0.08726189
   -0.32392555
    0.01179342
    0.06380434
   -0.05019268
   -0.05163769
    0.06413961
   -0.08106934
   -0.05244630
    0.08540966
   -0.32394085
    0.01915555
    0.02138677
    0.04329868
    0.04163179
    0.21442326
    0.04816373
    0.01916203
    0.02141021
    0.04330778
    0.04162813
    0.21441510
    0.04815633
   -0.05433110
   -0.05296169
    0.08727863
    0.01169123
    0.06383297
   -0.05022204
   -0.05163472
    0.06409642
   -0.08108713
   -0.05244809
    0.08538657
   -0.05434092
   -0.05294953
    0.08723628
   -0.32393924
    0.01183787
    0.06378341
   -0.05019052
   -0.05165690
    0.06413267
   -0.08106802
   -0.05247057
    0.08540072
   -0.32397216
    0.01913181
    0.02136322
    0.04326420
    0.04160241
    0.21439938
    0.04813307
    0.01912941
    0.02140850
    0.04331238
    0.04160296
    0.21440573
    0.04812326
   -0.05435326
   -0.05298613
    0.08725527
    0.01151598
    0.06382606
   -0.05025850
   -0.05165152
    0.06406218
   -0.08119890
   -0.05253389
    0.08537926
   -0.05439492
   -0.05293374
    0.08713235
   -0.32398285
    0.01197372
    0.06370420
   -0.05015532
   -0.05171602
    0.06415059
   -0.08114694
   -0.05260111
    0.08538723
   -0.32408974
    0.01903625
    0.02128535
    0.04317838
    0.04150790
    0.21438449
    0.04802619
    0.01901636
    0.02138822
    0.04328945
    0.04149653
    0.21439227
    0.04799945
