           1           2   1.7166124027861391     
           2           3   1.1214826283561274     
           3           4   1.2423538505561502     
           4           5   1.2470302039049648     
           5           6   1.2373259294192942     
           6           7   1.5923825386394141     
           7           8   1.2240591661889844     
           5           9   1.2260116226901523     
           8           9   1.2017853290415870     
           8          10   1.3446051221718880     
          10          11   1.3569966821641548     
          11          12   1.1067805789411744     
          12          13   1.7309951065314657     
          13          14   1.1088311317218775     
          11          15   1.3241873583684098     
          14          15   1.3251107561403375     
          14          16   1.3538553634241994     
          16          17   1.3465982786255255     
          17          18   1.2156503767093823     
          18          19   1.6081621513903877     
          19          20   1.2151914423223245     
          17          21   1.2097514466131347     
          20          21   1.2114208046113868     
          20          22   1.3416484698585727     
           1          23   1.1148635378072946     
          22          23   1.3669965257577692     
           3          24   1.3622024178422909     
          23          24   1.2984764814734380     
           1          25  0.97278198559773443     
           2          26  0.97141336776902787     
           6          27  0.97182107099079662     
           7          28  0.97291153900102156     
           9          29  0.89998256390323605     
          10          30  0.96368208626563590     
          12          31  0.97273806004178320     
          13          32  0.97278682304063835     
          16          33  0.96469899889346633     
          18          34  0.97287850050714508     
          19          35  0.97281175909020168     
          21          36  0.90032883438775613     
          22          37  0.96352069570252974     
          38          39   1.7166037003558465     
          39          40   1.1214799721747242     
          40          41   1.2420893999944171     
          41          42   1.2470255823874474     
          42          43   1.2373335326548645     
          43          44   1.5923428601324470     
          44          45   1.2240965802045543     
          42          46   1.2260631350115765     
          45          46   1.2017508532144716     
          45          47   1.3446012803826521     
          47          48   1.3569937454409182     
          48          49   1.1067983422864958     
          49          50   1.7309789583011914     
          50          51   1.1088385025913057     
          48          52   1.3241700322318848     
          51          52   1.3251059053625203     
          51          53   1.3538524744935889     
          53          54   1.3465869139224824     
          54          55   1.2156591818086262     
          55          56   1.6081317505939738     
          56          57   1.2152230693526973     
          54          58   1.2097482840005926     
          57          58   1.2114277770719237     
          57          59   1.3415933810569685     
          38          60   1.1148748837439535     
          59          60   1.3670771124634999     
          40          61   1.3623531654828072     
          60          61   1.2983711149459367     
          38          62  0.97278178432785911     
          39          63  0.97141794356467381     
          43          64  0.97182036292076934     
          44          65  0.97291236607895837     
          46          66  0.90001334903829500     
          47          67  0.96368586331456740     
          49          68  0.97273830665867467     
          50          69  0.97278638093784109     
          53          70  0.96469586148846276     
          55          71  0.97287861387230157     
          56          72  0.97281121251132385     
          58          73  0.90033938542842518     
          59          74  0.96352115094910451     
           4          75   1.1939300258875989     
          75          76   2.4346869494946493     
          76          77   1.3369225721956699     
          75          78  0.19170921888508929     
          77          78   2.3492055172253963     
          78          79   1.3380552426347403     
          77          80  0.19137956815568424     
          79          80   2.4310125446128352     
          81          82   2.4282600667558469     
          82          83   1.3404157194996262     
          81          84  0.19102998740213367     
          83          84   2.3448834075871572     
          84          85   1.3404712846314744     
          83          86  0.19101695447371614     
          85          86   2.4281014027659067     
          87          88   2.4280037567944648     
          88          89   1.3405656535652608     
          87          90  0.19100515534713119     
          89          90   2.3447199466338140     
          90          91   1.3405531944481532     
          89          92  0.19099306375471550     
          91          92   2.4280215052751988     
          93          94   2.4279759320552587     
          94          95   1.3405878313259791     
          93          96  0.19100341518987612     
          95          96   2.3446808554127854     
          96          97   1.3405813382408134     
          95          98  0.19100226193564238     
          97          98   2.4279928809950175     
          99         100   2.4279755832404599     
         100         101   1.3405800496459808     
          99         102  0.19100066931418397     
         101         102   2.3446860114284442     
         102         103   1.3405793495718656     
         101         104  0.19100853456047978     
         103         104   2.4279908528125178     
         105         106   2.4281480523312000     
         106         107   1.3404435065912264     
         105         108  0.19100758022111752     
         107         108   2.3448971194072019     
         108         109   1.3404260133983501     
         107         110  0.19103784136642499     
         109         110   2.4282331190188380     
         111         112   2.4307928707277551     
         112         113   1.3382726275915242     
         111         114  0.19139781118119331     
         113         114   2.3489578407800731     
         114         115   1.3371485270674666     
          41         116   1.1942083129102743     
         113         116  0.19173060724289898     
         115         116   2.4344408414319023     
         117         118   1.7155144658381514     
         118         119   1.1235199016901274     
          80         120   1.1984725965449916     
         119         120   1.2403405620504602     
         120         121   1.2423098595524151     
         121         122   1.2416861012469027     
         122         123   1.5869712980068913     
         123         124   1.2283213057157965     
         121         125   1.2265101489192036     
         124         125   1.2033442325405830     
         124         126   1.3349961728742485     
         126         127   1.3724201540126828     
         127         128   1.1148092438934687     
         128         129   1.7157995195414670     
         129         130   1.1232344595744539     
         127         131   1.2939949000828890     
         130         131   1.3638517205885530     
          81         132   1.1998655916171819     
         130         132   1.2391947945350805     
         132         133   1.2418847029034163     
         133         134   1.2414717427900015     
         134         135   1.5872250612176990     
         135         136   1.2280506940057738     
         133         137   1.2270314387725434     
         136         137   1.2026806215317043     
         136         138   1.3361443495301430     
         117         139   1.1150180397911917     
         138         139   1.3710689473914126     
         119         140   1.3626070073411332     
         139         140   1.2950997729413769     
         117         141  0.97276445615644336     
         118         142  0.97153416119387359     
         122         143  0.97198189107896393     
         123         144  0.97290405363671262     
         125         145  0.89779188511757235     
         126         146  0.96297247798862862     
         128         147  0.97276121163582074     
         129         148  0.97152739764338580     
         134         149  0.97199600883054627     
         135         150  0.97290345426570657     
         137         151  0.89781893055204531     
         138         152  0.96297476986267727     
         153         154   1.7155511695392391     
         154         155   1.1234414449062369     
          86         156   1.2000600549506484     
         155         156   1.2391575478703856     
         156         157   1.2418086279304801     
         157         158   1.2417912044397572     
         158         159   1.5868161309423168     
         159         160   1.2283915455188601     
         157         161   1.2268502425435956     
         160         161   1.2031056030817053     
         160         162   1.3351814557308543     
         162         163   1.3722267644484649     
         163         164   1.1148780284810975     
         164         165   1.7157165759487816     
         165         166   1.1233035462662535     
         163         167   1.2940664323979618     
         166         167   1.3637687574085056     
          87         168   1.2000729427522534     
         166         168   1.2392049587998906     
         168         169   1.2416526297374009     
         169         170   1.2416759787200669     
         170         171   1.5869420851994915     
         171         172   1.2282953646888830     
         169         173   1.2270256353363143     
         172         173   1.2028848434200861     
         172         174   1.3355434533843105     
         153         175   1.1150094840353941     
         174         175   1.3718703930932699     
         155         176   1.3635825821902465     
         175         176   1.2942402272944722     
         153         177  0.97275916075277014     
         154         178  0.97152950227466284     
         158         179  0.97198502230451700     
         159         180  0.97289872580816139     
         161         181  0.89780603054635155     
         162         182  0.96296221067793986     
         164         183  0.97275909506464986     
         165         184  0.97152965403846259     
         170         185  0.97198689224507462     
         171         186  0.97289735179947479     
         173         187  0.89781074766393321     
         174         188  0.96295833467932568     
         189         190   1.7156326866866776     
         190         191   1.1233619371831285     
          92         192   1.2000758255755053     
         191         192   1.2393126428240189     
         192         193   1.2415973892354102     
         193         194   1.2417524121086414     
         194         195   1.5868555765741150     
         195         196   1.2283769170205159     
         193         197   1.2269667639242448     
         196         197   1.2030018276133825     
         196         198   1.3353010276923660     
         198         199   1.3721480123101779     
         199         200   1.1149318520565088     
         200         201   1.7156758470324580     
         201         202   1.1233131340970042     
         199         203   1.2940601074696729     
         202         203   1.3637852885388220     
          93         204   1.2000993217021334     
         202         204   1.2391461625858655     
         204         205   1.2417159468563128     
         205         206   1.2416929651529003     
         206         207   1.5869175559345954     
         207         208   1.2283231821467160     
         205         209   1.2269681781486006     
         208         209   1.2029536208569911     
         208         210   1.3354302369471798     
         189         211   1.1149444548491974     
         210         211   1.3719821491162549     
         191         212   1.3636278346431285     
         211         212   1.2942121812230056     
         189         213  0.97275933119664793     
         190         214  0.97152942773259821     
         194         215  0.97197987426656618     
         195         216  0.97289468791183298     
         197         217  0.89783176846041313     
         198         218  0.96295851477234173     
         200         219  0.97275828572294643     
         201         220  0.97152679566065958     
         206         221  0.97198376577377088     
         207         222  0.97289549836877454     
         209         223  0.89784810266909454     
         210         224  0.96296051186832943     
         225         226   1.7156929012794482     
         226         227   1.1232957149627123     
          98         228   1.2000740787678186     
         227         228   1.2391473875712418     
         228         229   1.2417294810529820     
         229         230   1.2416956399194838     
         230         231   1.5868778978537905     
         231         232   1.2283804465916428     
         229         233   1.2269717112303300     
         232         233   1.2029445902553029     
         232         234   1.3353787698070043     
         234         235   1.3720795665513796     
         235         236   1.1149523193712394     
         236         237   1.7156691753466626     
         237         238   1.1233061959120205     
         235         239   1.2940858037540028     
         238         239   1.3637742987850285     
          99         240   1.2001040064199855     
         238         240   1.2390981493123094     
         240         241   1.2417855632930637     
         241         242   1.2417276303278664     
         242         243   1.5868500571523008     
         243         244   1.2283961306101321     
         241         245   1.2269187742398020     
         244         245   1.2030110085197443     
         244         246   1.3352919204556550     
         225         247   1.1149268869002757     
         246         247   1.3721434734817599     
         227         248   1.3637832000199193     
         247         248   1.2940701142913664     
         225         249  0.97275828068846759     
         226         250  0.97152380184767906     
         230         251  0.97198246958000245     
         231         252  0.97289543099191877     
         233         253  0.89790446421404924     
         234         254  0.96296405751341829     
         236         255  0.97275779716736632     
         237         256  0.97151744604978374     
         242         257  0.97198577585501811     
         243         258  0.97289647414969738     
         245         259  0.89791401572453233     
         246         260  0.96296640112979881     
         261         262   1.7157587172363862     
         262         263   1.1232212368037762     
         104         264   1.2000617980343438     
         263         264   1.2390588377066509     
         264         265   1.2417877802190649     
         265         266   1.2416352100812524     
         266         267   1.5869226510671393     
         267         268   1.2283611169980808     
         265         269   1.2270029508858062     
         268         269   1.2028394073246780     
         268         270   1.3355363798320852     
         270         271   1.3718902202088061     
         271         272   1.1150195954907820     
         272         273   1.7155836653650280     
         273         274   1.1233728629097015     
         271         275   1.2942013125656500     
         274         275   1.3636452450682646     
         105         276   1.2000258194057682     
         274         276   1.2391893686719193     
         276         277   1.2417898239043448     
         277         278   1.2417843313264558     
         278         279   1.5867737914328113     
         279         280   1.2284703285514385     
         277         281   1.2268616572710433     
         280         281   1.2030649376777234     
         280         282   1.3351465172856354     
         261         283   1.1148955317821643     
         282         283   1.3722991413983801     
         263         284   1.3639261310421769     
         283         284   1.2939606748044727     
         261         285  0.97275840301166305     
         262         286  0.97152100389470131     
         266         287  0.97198480591472236     
         267         288  0.97289902124193162     
         269         289  0.89797890705965966     
         270         290  0.96297225585154678     
         272         291  0.97275916399126794     
         273         292  0.97152268087464411     
         278         293  0.97198082465724167     
         279         294  0.97289910095933851     
         281         295  0.89794577667419606     
         282         296  0.96297375340979929     
         297         298   1.7158385340046634     
         298         299   1.1231760312214596     
         110         300   1.1998851858426320     
         299         300   1.2390819203521133     
         300         301   1.2419475454659183     
         301         302   1.2414575710579363     
         302         303   1.5871828854290486     
         303         304   1.2281187136413254     
         301         305   1.2270348302060650     
         304         305   1.2026539385832902     
         304         306   1.3360948425051355     
         306         307   1.3711737422275194     
         307         308   1.1150390746693233     
         308         309   1.7155300253269905     
         309         310   1.1234794047745686     
         307         311   1.2949456325513802     
         310         311   1.3628018643818918     
         111         312   1.1987263213341679     
         310         312   1.2400396047513438     
         312         313   1.2423614394228089     
         313         314   1.2417163779793614     
         314         315   1.5868852303579244     
         315         316   1.2284112786280610     
         313         317   1.2265248499520132     
         316         317   1.2033242125616406     
         316         318   1.3349352789000319     
         297         319   1.1148158929674257     
         318         319   1.3724884278888996     
         299         320   1.3639674712034975     
         319         320   1.2939121801213567     
         297         321  0.97276029860228475     
         298         322  0.97152371928792247     
         302         323  0.97199330156307173     
         303         324  0.97290482234089626     
         305         325  0.89792575377681871     
         306         326  0.96298137976239062     
         308         327  0.97276285105456350     
         309         328  0.97152510116675095     
         314         329  0.97198664989933992     
         315         330  0.97290642190604504     
         317         331  0.89789910008159290     
         318         332  0.96298259643420292     
