    0.09903755
   -0.05320512
   -0.05155935
    0.07255839
    0.01727537
    0.07250365
   -0.05153838
   -0.05324169
    0.07167319
   -0.13081396
   -0.05004042
    0.07275736
   -0.05233472
   -0.05242309
    0.07303450
   -0.12919903
   -0.05171697
    0.07307122
   -0.05241981
   -0.05234598
    0.07278695
   -0.12938094
   -0.05000346
    0.07170203
   -0.13103470
    0.03374186
    0.03587071
    0.03586051
    0.03378895
    0.04939047
    0.03425786
    0.03416297
    0.04877613
    0.03414872
    0.03423158
    0.04937394
   -0.02112982
   -0.00999478
   -0.00943423
   -0.02173529
    0.09957128
   -0.05319144
   -0.05152926
    0.07224046
    0.01788031
    0.07233645
   -0.05140202
   -0.05322083
    0.07145011
   -0.13043696
   -0.04952414
    0.07254943
   -0.05232959
   -0.05240167
    0.07280802
   -0.12877960
   -0.05121241
    0.07280775
   -0.05240548
   -0.05232657
    0.07251588
   -0.12878014
   -0.04949680
    0.07139135
   -0.13023727
    0.03397986
    0.03598745
    0.03595263
    0.03393582
    0.04951617
    0.03440631
    0.03432997
    0.04892154
    0.03431028
    0.03440559
    0.04952536
