           2           3   1.6422171630283575     
           3           4   1.1828132373903231     
           4           5   1.2577737778484976     
           5           6   1.2578003332556531     
           6           7   1.1827341289710109     
           7           8   1.6422178147471640     
           8           9   1.1738985402725226     
           1          10  0.72174919129301673     
           6          10   1.2615092944924902     
           9          10   1.2279012184719262     
           9          11   1.3594645859266286     
          11          12   1.3583240927209472     
          12          13   1.1656191769990947     
          13          14   1.6574488596984693     
          14          15   1.1650550438127660     
           1          16  0.72377421210176085     
          12          16   1.2391067164432523     
          15          16   1.2419398148044416     
          15          17   1.3576516734971769     
          17          18   1.3576006432831500     
          18          19   1.1651168748403748     
          19          20   1.6573845633326920     
          20          21   1.1656480285964999     
           1          22  0.72318408023375003     
          18          22   1.2420302374834031     
          21          22   1.2392770122930508     
          21          23   1.3582304441451873     
           2          24   1.1737903181589917     
          23          24   1.3596427831256581     
           1          25  0.72094816503327708     
           4          25   1.2618185950360892     
          24          25   1.2279233966171754     
           2          26  0.97201341604209301     
           3          27  0.97024382424862732     
           7          28  0.97022098964705583     
           8          29  0.97201633050774650     
          11          30  0.96332830510682321     
          13          31  0.97191943192758146     
          14          32  0.97194382164609550     
          17          33  0.96361831351603433     
          19          34  0.97194770946161857     
          20          35  0.97192429497478450     
          23          36  0.96331058430383210     
           5          37   1.1774992713660808     
          37          38   2.4788421097160160     
          38          39   1.2997240315177701     
          37          40  0.20402387310449166     
          39          40   2.4776581873610555     
          42          43   1.6411550392856626     
          43          44   1.1832018865522453     
          40          45   1.1798233545308248     
          44          45   1.2551918484700944     
          45          46   1.2557420107079302     
          46          47   1.1832204774736548     
          47          48   1.6412116785603752     
          48          49   1.1740728173362516     
          41          50  0.72275898791781401     
          46          50   1.2615862367535062     
          49          50   1.2270725542953604     
          49          51   1.3584451169194631     
          51          52   1.3565849650308286     
          52          53   1.1659481771621487     
          53          54   1.6565769342968166     
          54          55   1.1653105021803096     
          41          56  0.72529345891644992     
          52          56   1.2387911951837598     
          55          56   1.2411145770397385     
          55          57   1.3564160952684794     
          57          58   1.3560969636891540     
          58          59   1.1654911440980991     
          59          60   1.6564628817555722     
          60          61   1.1659854413205946     
          41          62  0.72523542743862723     
          58          62   1.2413366007500526     
          61          62   1.2386258449484699     
          61          63   1.3567175363519230     
          42          64   1.1742877326962822     
          63          64   1.3584551895286416     
          41          65  0.72331525007479858     
          44          65   1.2615476947155293     
          64          65   1.2267096934768495     
          42          66  0.97200624250800804     
          43          67  0.97037570158476283     
          47          68  0.97037625916299430     
          48          69  0.97201968660918625     
          51          70  0.96349480846614488     
          53          71  0.97192117458573379     
          54          72  0.97194409877629384     
          57          73  0.96377044170369086     
          59          74  0.97194651140966737     
          60          75  0.97192496427850916     
          63          76  0.96348085427636743     
