    0.19762898
   -0.05065585
   -0.04914598
    0.07870329
    0.01666326
    0.07876624
   -0.04904037
   -0.05066390
    0.07713767
   -0.17184846
   -0.04953317
    0.07844933
   -0.04965152
   -0.04981954
    0.07911699
   -0.17003366
   -0.05128444
    0.07911317
   -0.04981618
   -0.04964698
    0.07844033
   -0.17002050
   -0.04951341
    0.07712943
   -0.17180768
    0.03439227
    0.03650316
    0.03647006
    0.03436930
    0.04986470
    0.03501976
    0.03493754
    0.04913349
    0.03493551
    0.03501731
    0.04988142
    0.19761476
   -0.05065275
   -0.04912353
    0.07871694
    0.01666069
    0.07875648
   -0.04905502
   -0.05065634
    0.07715792
   -0.17185022
   -0.04954108
    0.07845361
   -0.04965025
   -0.04981585
    0.07911371
   -0.17002000
   -0.05128631
    0.07911212
   -0.04981515
   -0.04965011
    0.07844936
   -0.17001558
   -0.04953220
    0.07714984
   -0.17184289
    0.03439778
    0.03648935
    0.03646550
    0.03436939
    0.04986817
    0.03501975
    0.03493744
    0.04913529
    0.03493858
    0.03502099
    0.04987682
   -0.01924835
   -0.00987684
   -0.00204316
   -0.00190012
   -0.00991738
   -0.01899673
   -0.01894936
   -0.00990478
   -0.00185803
   -0.00201121
   -0.00985220
   -0.01920058
    0.19954460
   -0.05067560
   -0.04946353
    0.07907537
    0.01664968
    0.07914064
   -0.04936972
   -0.05068134
    0.07662568
   -0.17346339
   -0.04733798
    0.07662772
   -0.05067313
   -0.04944282
    0.07908952
   -0.17344774
    0.01665915
    0.07912364
   -0.04938980
   -0.05067704
    0.07663757
   -0.17346680
   -0.04733002
    0.07661908
   -0.17341677
    0.03384767
    0.03575727
    0.03573764
    0.03382659
    0.05003507
    0.03385562
    0.03575087
    0.03573163
    0.03382673
    0.05004385
