           2           3   1.6501560899598093     
           3           4   1.1750727141427795     
           4           5   1.2479614357641611     
           5           6   1.2486227586573388     
           6           7   1.1749907191385849     
           7           8   1.6502264821266901     
           8           9   1.1669063078520727     
           1          10  0.53253981212977619     
           6          10   1.2885585283912864     
           9          10   1.2489242655153749     
           9          11   1.3549389630735398     
          11          12   1.3517288518819450     
          12          13   1.1579459436429063     
          13          14   1.6660231747908285     
          14          15   1.1575414879431052     
           1          16  0.53378581853925622     
          12          16   1.2634216055510998     
          15          16   1.2653742333877922     
          15          17   1.3514751168542569     
          17          18   1.3514706705041326     
          18          19   1.1574714746785095     
          19          20   1.6661014224375945     
          20          21   1.1578888098412323     
           1          22  0.53367750361397037     
          18          22   1.2654350682054913     
          21          22   1.2634305620513961     
          21          23   1.3517661382402393     
           2          24   1.1669864772012954     
          23          24   1.3549583387437911     
           1          25  0.53255860134355404     
           4          25   1.2886723175917558     
          24          25   1.2487870724472518     
           2          26  0.97230867847451707     
           3          27  0.97069858353563498     
           7          28  0.97069238074185082     
           8          29  0.97231441434635391     
          11          30  0.96382349042398563     
          13          31  0.97221022411342573     
          14          32  0.97222898816931136     
          17          33  0.96421983867414207     
          19          34  0.97222860581921433     
          20          35  0.97220644202525441     
          23          36  0.96381502438359401     
          38          39   1.6501867858623029     
          39          40   1.1750256471156666     
          40          41   1.2483226577041817     
          41          42   1.2487276085682744     
          42          43   1.1749557711771650     
          43          44   1.6502645791613988     
          44          45   1.1669099896225206     
          37          46  0.53236995540429044     
          42          46   1.2884689282019726     
          45          46   1.2489502925313358     
          45          47   1.3549263216074843     
          47          48   1.3517743098236505     
          48          49   1.1579121022004180     
          49          50   1.6660673361183349     
          50          51   1.1575264714601954     
          37          52  0.53362541896787807     
          48          52   1.2634255769638558     
          51          52   1.2653749199256938     
          51          53   1.3514830235713986     
          53          54   1.3515165597620846     
          54          55   1.1575172614191453     
          55          56   1.6660824882152394     
          56          57   1.1578957462480741     
          37          58  0.53359516581307131     
          54          58   1.2653533382208733     
          57          58   1.2634675075079802     
          57          59   1.3517448810863184     
          38          60   1.1669977522231954     
          59          60   1.3549580591223789     
          37          61  0.53236481921465617     
          40          61   1.2885472352571721     
          60          61   1.2488310342546538     
          38          62  0.97230873046620037     
          39          63  0.97069454314901060     
          43          64  0.97068634543964438     
          44          65  0.97230866949779471     
          47          66  0.96381946415814956     
          49          67  0.97220895440560517     
          50          68  0.97222808143570716     
          53          69  0.96421603103805897     
          55          70  0.97222714781080599     
          56          71  0.97220947834360827     
          59          72  0.96381699998570514     
           5          73   1.1882681656861358     
          73          74   2.4415300723576077     
          74          75   1.3328918998337311     
          73          76  0.19261496075502443     
          75          76   2.3556279340673290     
          76          77   1.3337636754954394     
          75          78  0.19241440778915428     
          77          78   2.4387295115869856     
          79          80   2.4390778857570936     
          80          81   1.3333486103295349     
          79          82  0.19236918124550090     
          81          82   2.3560695462334338     
          82          83   1.3324195700246244     
          41          84   1.1877691556217882     
          81          84  0.19254479454731022     
          83          84   2.4420075472583855     
          86          87   1.6492966837121052     
          87          88   1.1755177838978357     
          78          89   1.1911798221806364     
          88          89   1.2451882124873179     
          89          90   1.2457450326461803     
          90          91   1.1755193535569151     
          91          92   1.6492611450911792     
          92          93   1.1677805127305194     
          85          94  0.52697069820105658     
          90          94   1.2914332235905566     
          93          94   1.2483126456704161     
          93          95   1.3539338181573846     
          95          96   1.3539484565800086     
          96          97   1.1677861908930391     
          97          98   1.6493348153904226     
          98          99   1.1754517489795342     
          85         100  0.52693571682239237     
          96         100   1.2482610415756146     
          99         100   1.2914641090252350     
          79         101   1.1907606560478678     
          99         101   1.2455047153752208     
         101         102   1.2458064076418138     
         102         103   1.1754858091278013     
         103         104   1.6492889425904949     
         104         105   1.1677770243858638     
          85         106  0.52689923543190231     
         102         106   1.2913710635693014     
         105         106   1.2483596816848119     
         105         107   1.3538918544602323     
          86         108   1.1677783630209824     
         107         108   1.3540158006925225     
          85         109  0.52694497473271062     
          88         109   1.2915888157427418     
         108         109   1.2481990533731644     
          86         110  0.97235580721024928     
          87         111  0.97079643778212465     
          91         112  0.97078814174819050     
          92         113  0.97236022325770888     
          95         114  0.96354647468043830     
          97         115  0.97235704934751521     
          98         116  0.97079023832797584     
         103         117  0.97078999837726287     
         104         118  0.97235583917462065     
         107         119  0.96354066060771926     
