    0.56080314
   -0.05414014
   -0.05433606
    0.07040889
    0.00993072
    0.07046145
   -0.05425242
   -0.05415043
    0.06432800
   -0.21435382
   -0.06020930
    0.06554500
   -0.05336734
   -0.05506642
    0.07045715
   -0.21257823
   -0.05896835
    0.07045432
   -0.05506759
   -0.05336936
    0.06554723
   -0.21258292
   -0.06019861
    0.06431359
   -0.21430060
    0.03038742
    0.03295319
    0.03292002
    0.03035794
    0.04940699
    0.03079768
    0.03110400
    0.04744096
    0.03110342
    0.03079918
    0.04942171
    0.56077424
   -0.05414561
   -0.05428594
    0.07042629
    0.00992728
    0.07042956
   -0.05429524
   -0.05414448
    0.06433073
   -0.21434240
   -0.06021604
    0.06554917
   -0.05336936
   -0.05506716
    0.07045382
   -0.21257883
   -0.05897098
    0.07045246
   -0.05506627
   -0.05336823
    0.06555038
   -0.21258249
   -0.06021777
    0.06433024
   -0.21432630
    0.03037662
    0.03292098
    0.03293790
    0.03037327
    0.04940926
    0.03079702
    0.03110257
    0.04743756
    0.03110334
    0.03079676
    0.04940959
   -0.02096274
   -0.01197692
   -0.00363863
   -0.00384810
   -0.01177762
   -0.02117235
   -0.02112961
   -0.01176274
   -0.00381817
   -0.00360619
   -0.01196376
   -0.02091597
    0.56330165
   -0.05406848
   -0.05434042
    0.07079518
    0.00991667
    0.07079211
   -0.05433801
   -0.05406931
    0.06412887
   -0.21545117
   -0.05843900
    0.06413072
   -0.05406658
   -0.05434015
    0.07079060
   -0.21543567
    0.00991970
    0.07078663
   -0.05433217
   -0.05407044
    0.06413335
   -0.21545916
   -0.05844188
    0.06412238
   -0.21542693
    0.03031807
    0.03275768
    0.03275882
    0.03030924
    0.04992109
    0.03032184
    0.03275389
    0.03274953
    0.03031227
    0.04991952
