           2           3   1.6439432784953354     
           3           4   1.1824176446764443     
           4           5   1.2547744732243267     
           5           6   1.2552937776726223     
           6           7   1.1823870037160902     
           7           8   1.6439411298466267     
           8           9   1.1711152647269578     
           1          10  0.65663759738180083     
           6          10   1.2574124025525117     
           9          10   1.2164053226145759     
           9          11   1.3612816909783914     
          11          12   1.3608730932788589     
          12          13   1.1627428217116884     
          13          14   1.6599254657900797     
          14          15   1.1638491673868718     
           1          16  0.65970917183632105     
          12          16   1.2265817703805664     
          15          16   1.2387510461581879     
          15          17   1.3579082132600564     
          17          18   1.3579159375348737     
          18          19   1.1638574444372711     
          19          20   1.6599050202371428     
          20          21   1.1627595324556577     
           1          22  0.65966895327813924     
          18          22   1.2387305691450285     
          21          22   1.2266257936350389     
          21          23   1.3608254918108893     
           2          24   1.1711299613427193     
          23          24   1.3613539571593034     
           1          25  0.65659155513005718     
           4          25   1.2575255163011834     
          24          25   1.2162847754954982     
           2          26  0.97225204501463025     
           3          27  0.97116513018282968     
           7          28  0.97115937982250378     
           8          29  0.97225493096890681     
          11          30  0.96293713062822972     
          13          31  0.97214390052876476     
          14          32  0.97241151757693023     
          17          33  0.96491020885898182     
          19          34  0.97241228172438354     
          20          35  0.97214289353425654     
          23          36  0.96293139694495589     
          38          39   1.6440255826078958     
          39          40   1.1823290435792218     
          40          41   1.2552671215396556     
          41          42   1.2552248650068036     
          42          43   1.1823462523658288     
          43          44   1.6440029052138898     
          44          45   1.1710983327532045     
          37          46  0.65662525029038343     
          42          46   1.2573737383193773     
          45          46   1.2163886581497121     
          45          47   1.3613104597877064     
          47          48   1.3608726420444601     
          48          49   1.1627470591040487     
          49          50   1.6599187881876958     
          50          51   1.1638558274409951     
          37          52  0.65973203647039802     
          48          52   1.2265984198712379     
          51          52   1.2387296352064523     
          51          53   1.3579200070163679     
          53          54   1.3579430027854149     
          54          55   1.1638468561077926     
          55          56   1.6599324685173791     
          56          57   1.1627370803368773     
          37          58  0.65971703956823513     
          54          58   1.2387178184366212     
          57          58   1.2266182177253255     
          57          59   1.3608653361307601     
          38          60   1.1710845947033128     
          59          60   1.3613100353738483     
          37          61  0.65668671213435237     
          40          61   1.2573663862755544     
          60          61   1.2163889498576590     
          38          62  0.97225339020212764     
          39          63  0.97115647903374525     
          43          64  0.97116101616568451     
          44          65  0.97225322289000982     
          47          66  0.96293344662643154     
          49          67  0.97214322496956229     
          50          68  0.97241195249205070     
          53          69  0.96490948142108468     
          55          70  0.97241202009446470     
          56          71  0.97214307026273206     
          59          72  0.96293593519600107     
           5          73   1.1859585623226008     
          73          74   2.4469822319854302     
          74          75   1.3294268765265456     
          73          76  0.19346507062182589     
          75          76   2.3613070695345804     
          76          77   1.3301765042391025     
          75          78  0.19327881868075364     
          77          78   2.4445427195466523     
          79          80   2.4448925499308349     
          80          81   1.3297684704677206     
          79          82  0.19321873287782099     
          81          82   2.3617065652364735     
          82          83   1.3289974326226650     
          41          84   1.1855282497606106     
          81          84  0.19339864040225258     
          83          84   2.4473926377903226     
          86          87   1.6430643953596822     
          87          88   1.1827123281676133     
          78          89   1.1884968056554435     
          88          89   1.2523627123218368     
          89          90   1.2524171545374747     
          90          91   1.1827579175453764     
          91          92   1.6429922328774247     
          92          93   1.1721074531692635     
          85          94  0.65181979384920363     
          90          94   1.2603089343030551     
          93          94   1.2149739716042769     
          93          95   1.3608216601454073     
          95          96   1.3608756642925528     
          96          97   1.1720488770322597     
          97          98   1.6431097527510117     
          98          99   1.1826570978278168     
          85         100  0.65186664348402390     
          96         100   1.2149571858900170     
          99         100   1.2602767130755799     
          79         101   1.1881096391206571     
          99         101   1.2525248237329738     
         101         102   1.2526094726546000     
         102         103   1.1827241869654508     
         103         104   1.6430245213357237     
         104         105   1.1720922093216390     
          85         106  0.65184910999041112     
         102         106   1.2601956054126640     
         105         106   1.2150266747273357     
         105         107   1.3607676005988050     
          86         108   1.1720509208698877     
         107         108   1.3609312662816579     
          85         109  0.65191154883444091     
          88         109   1.2603394371228760     
         108         109   1.2149029356703005     
          86         110  0.97224784667463160     
          87         111  0.97118993908005524     
          91         112  0.97119982210072264     
          92         113  0.97224795936498520     
          95         114  0.96268665573266898     
          97         115  0.97224816526474267     
          98         116  0.97118689883682363     
         103         117  0.97119368112400772     
         104         118  0.97224867260045889     
         107         119  0.96268633323967745     
