    0.09200319
   -0.05323496
   -0.05236135
    0.07206810
    0.01927460
    0.07220807
   -0.05166584
   -0.05323771
    0.07076596
   -0.12838893
   -0.04832245
    0.07214391
   -0.05250426
   -0.05254826
    0.07241962
   -0.12679914
   -0.04995030
    0.07240524
   -0.05255475
   -0.05251256
    0.07210287
   -0.12666193
   -0.04830756
    0.07072846
   -0.12818272
    0.03429271
    0.03527382
    0.03416997
    0.03423982
    0.04971325
    0.03436660
    0.03433696
    0.04920567
    0.03435339
    0.03437504
    0.04975117
    0.09242928
   -0.05319929
   -0.05252382
    0.07194615
    0.01935609
    0.07223420
   -0.05129853
   -0.05323734
    0.07077081
   -0.12845562
   -0.04833449
    0.07212487
   -0.05251297
   -0.05254131
    0.07238941
   -0.12671841
   -0.04994598
    0.07238964
   -0.05257274
   -0.05251172
    0.07211203
   -0.12677609
   -0.04828622
    0.07072877
   -0.12813473
    0.03434669
    0.03571577
    0.03363302
    0.03425710
    0.04971963
    0.03439051
    0.03436700
    0.04921519
    0.03434604
    0.03438710
    0.04977617
   -0.02691435
   -0.02885322
   -0.02709938
   -0.02755943
   -0.02843389
   -0.02670452
   -0.02904087
   -0.02743947
   -0.02712232
   -0.02923343
   -0.02726668
   -0.02802505
   -0.02875666
   -0.02709493
    0.09013447
   -0.05333193
   -0.05229994
    0.07166151
    0.02151611
    0.07176683
   -0.05159891
   -0.05335684
    0.07010266
   -0.12728591
   -0.04498792
    0.06998476
   -0.05317871
   -0.05243824
    0.07201739
   -0.12740054
    0.02050033
    0.07210960
   -0.05193688
   -0.05318285
    0.06997189
   -0.12757669
   -0.04496901
    0.07005947
   -0.12709699
    0.03436003
    0.03529969
    0.03423494
    0.03431131
    0.05066221
    0.03440080
    0.03507542
    0.03430776
    0.03433698
    0.05064923
    0.08997896
   -0.05321292
   -0.05187379
    0.07199579
    0.02096988
    0.07193518
   -0.05240357
   -0.05320676
    0.06986674
   -0.12715659
   -0.04466559
    0.06992272
   -0.05328209
   -0.05169125
    0.07184975
   -0.12712945
    0.02145576
    0.07174959
   -0.05228639
   -0.05326536
    0.06991376
   -0.12695764
   -0.04467025
    0.06989026
   -0.12729882
    0.03439334
    0.03417568
    0.03493652
    0.03443944
    0.05076105
    0.03441098
    0.03413950
    0.03514555
    0.03445836
    0.05076305
    0.09090935
   -0.05310841
   -0.05249974
    0.07241152
    0.01952246
    0.07245867
   -0.05182946
   -0.05316846
    0.07048982
   -0.12861851
   -0.04612575
    0.07082957
   -0.05326354
   -0.05177644
    0.07157989
   -0.12798701
    0.02055989
    0.07164419
   -0.05201533
   -0.05340873
    0.07085954
   -0.12822681
   -0.04610357
    0.07053118
   -0.12857487
    0.03432287
    0.03514443
    0.03408610
    0.03421556
    0.05041932
    0.03419053
    0.03525075
    0.03573029
    0.03411814
    0.05045035
    0.09090149
   -0.05323593
   -0.05233847
    0.07219847
    0.01872798
    0.07236741
   -0.05168120
   -0.05321284
    0.07145820
   -0.12995170
   -0.04763286
    0.07142158
   -0.05313183
   -0.05208594
    0.07235753
   -0.12979925
    0.01863808
    0.07231536
   -0.05170859
   -0.05331137
    0.07123437
   -0.12973124
   -0.04753805
    0.07125499
   -0.12947383
    0.03397114
    0.03496460
    0.03496148
    0.03383483
    0.04997598
    0.03390823
    0.03537543
    0.03394329
    0.03385511
    0.05002663
    0.09168235
   -0.05341774
   -0.05153350
    0.07162237
    0.02083863
    0.07142940
   -0.05200851
   -0.05323524
    0.07061046
   -0.12768780
   -0.04581319
    0.07035506
   -0.05319385
   -0.05136371
    0.07232120
   -0.12849194
    0.01995715
    0.07217395
   -0.05271007
   -0.05309027
    0.07036267
   -0.12828496
   -0.04577204
    0.07064962
   -0.12799126
    0.03417689
    0.03482922
    0.03557602
    0.03429310
    0.05048763
    0.03424194
    0.03350912
    0.03565932
    0.03443448
    0.05053124
    0.09156112
   -0.05322489
   -0.05259064
    0.07175834
    0.02081156
    0.07203680
   -0.05135757
   -0.05324285
    0.07002004
   -0.12775473
   -0.04512370
    0.07007153
   -0.05328321
   -0.05247697
    0.07159968
   -0.12734697
    0.02124553
    0.07186077
   -0.05130823
   -0.05330379
    0.07007139
   -0.12761722
   -0.04511363
    0.07001639
   -0.12746806
    0.03441982
    0.03565647
    0.03352587
    0.03434283
    0.05061203
    0.03436981
    0.03571053
    0.03367573
    0.03431177
    0.05062866
