           2           3   1.6394793736340638     
           3           4   1.1838446392993580     
           4           5   1.2494185774025528     
           5           6   1.2510255536451607     
           6           7   1.1838404216380038     
           7           8   1.6394637162003836     
           8           9   1.1741136382456345     
           1          10  0.72160731094945008     
           6          10   1.2658350531113016     
           9          10   1.2249976009752750     
           9          11   1.3592530388730695     
          11          12   1.3533395265849599     
          12          13   1.1664166838585097     
          13          14   1.6557153842109076     
          14          15   1.1655374244187253     
           1          16  0.72659414625180829     
          12          16   1.2394985260330218     
          15          16   1.2411546826311275     
          15          17   1.3545823456378669     
          17          18   1.3548494493511680     
          18          19   1.1655335516725527     
          19          20   1.6556000793720715     
          20          21   1.1665962368212717     
           1          22  0.72717168083088257     
          18          22   1.2407839397195206     
          21          22   1.2395152105774629     
          21          23   1.3530396174073693     
           2          24   1.1741099818595746     
          23          24   1.3596732427784994     
           1          25  0.72176159918279392     
           4          25   1.2664926988739109     
          24          25   1.2244108308170079     
           2          26  0.97199610347175747     
           3          27  0.96782806217162443     
           7          28  0.96763562862421493     
           8          29  0.97200213239833100     
          11          30  0.96367984873249324     
          13          31  0.97195678761276938     
          14          32  0.97198339883946860     
          17          33  0.96393563274093708     
          19          34  0.97198001130214562     
          20          35  0.97195113149979540     
          23          36  0.96367123914869268     
          38          39   1.6396408636221986     
          39          40   1.1834480443912732     
          40          41   1.2495336903214562     
          41          42   1.2512961607262660     
          42          43   1.1840771076591090     
          43          44   1.6393066091359614     
          44          45   1.1741247126016912     
          37          46  0.72183618801390070     
          42          46   1.2657065785879575     
          45          46   1.2248289533297381     
          45          47   1.3593139661840883     
          47          48   1.3530497690258259     
          48          49   1.1665926910222804     
          49          50   1.6555683889920230     
          50          51   1.1655627229326426     
          37          52  0.72740381084250949     
          48          52   1.2395174443928096     
          51          52   1.2405251677328790     
          51          53   1.3549062469168509     
          53          54   1.3543732265859141     
          54          55   1.1656671627092736     
          55          56   1.6555057094639440     
          56          57   1.1665458835193439     
          37          58  0.72677647576245663     
          54          58   1.2411056478480331     
          57          58   1.2394596876544650     
          57          59   1.3530878580483807     
          38          60   1.1742000342825718     
          59          60   1.3594267004837202     
          37          61  0.72205091295609480     
          40          61   1.2662154310810676     
          60          61   1.2244140916413804     
          38          62  0.97198227620980915     
          39          63  0.96836451949440450     
          43          64  0.96747890373717915     
          44          65  0.97201002898836730     
          47          66  0.96369577460854583     
          49          67  0.97195547573374375     
          50          68  0.97197962241633662     
          53          69  0.96394050373535156     
          55          70  0.97198610931789997     
          56          71  0.97195800437609958     
          59          72  0.96368327270002729     
           5          73   1.1839115524001482     
          73          74   2.5611495734536178     
          75          76   2.5512681890893223     
          77          78   2.5555956533076682     
          79          80   2.5770943523943166     
          81          82   2.5746906433871342     
          83          84   2.5556409950892056     
          41          86   1.1833867438062511     
          85          86   2.5615171488909141     
          88          89   1.6363544133565164     
          89          90   1.1854678125781319     
          74          91   1.1877813571694149     
          90          91   1.2448485242185030     
          91          92   1.2468807260543524     
          92          93   1.1854116149973462     
          93          94   1.6362688479138712     
          94          95   1.1768573071150970     
          87          96  0.72218451037094455     
          92          96   1.2671358458718118     
          95          96   1.2244684591373733     
          95          97   1.3537134145943421     
          97          98   1.3571634753358035     
          98          99   1.1763458787592387     
          99         100   1.6367219045954486     
         100         101   1.1852944392289093     
          87         102  0.72101501334730433     
          98         102   1.2219180473091029     
         101         102   1.2702353387109955     
          75         103   1.1926245159165030     
         101         103   1.2426503637757320     
         103         104   1.2442651158684019     
         104         105   1.1851275985684311     
         105         106   1.6366969029605662     
         106         107   1.1765500874892671     
          87         108  0.72058330858883024     
         104         108   1.2695346822116511     
         107         108   1.2228667132473341     
         107         109   1.3561970410512785     
          88         110   1.1766956521897418     
         109         110   1.3547858336358813     
          87         111  0.72233976520019583     
          90         111   1.2682975820606255     
         110         111   1.2232839564607201     
          88         112  0.97200548320648894     
          89         113  0.96799802774358512     
          93         114  0.96777689430871761     
          94         115  0.97201679990385514     
          97         116  0.96358913001460667     
          99         117  0.97201535733958377     
         100         118  0.96819346839226561     
         105         119  0.96819759351728807     
         106         120  0.97202199201104222     
         109         121  0.96358285133014521     
         123         124   1.6359079613369272     
         124         125   1.1856824496505092     
          76         126   1.1936976873735190     
         125         126   1.2433020161273522     
         126         127   1.2416662370927891     
         127         128   1.1857488696276477     
         128         129   1.6359175001336808     
         129         130   1.1768063468112118     
         122         131  0.72132301339723592     
         127         131   1.2704350019180979     
         130         131   1.2219144567177018     
         130         132   1.3561885630074952     
         132         133   1.3543914359915274     
         133         134   1.1770999335371766     
         134         135   1.6357861387659973     
         135         136   1.1857486016051024     
         122         137  0.72208722052112528     
         133         137   1.2233052189778473     
         136         137   1.2686440817316196     
          77         138   1.1914480340282498     
         136         138   1.2443172988548625     
         138         139   1.2429633549411756     
         139         140   1.1858087191347486     
         140         141   1.6358037694162288     
         141         142   1.1769766707862885     
         122         143  0.72252241755242175     
         139         143   1.2692133533881520     
         142         143   1.2224890423422567     
         142         144   1.3551328540436853     
         123         145   1.1768735120626610     
         144         145   1.3553627920825804     
         122         146  0.72125181044533959     
         125         146   1.2695089616350288     
         145         146   1.2228432563977205     
         123         147  0.97202134997508560     
         124         148  0.96826881793977004     
         128         149  0.96827666019829051     
         129         150  0.97201585651079891     
         132         151  0.96361235978196336     
         134         152  0.97201537326421206     
         135         153  0.96770317467909761     
         140         154  0.96800388603172871     
         141         155  0.97200525982265829     
         144         156  0.96361314821317579     
         158         159   1.6388098171447520     
         159         160   1.1841010710065987     
          78         161   1.1880769768260688     
         160         161   1.2460623516590292     
         161         162   1.2480870849786583     
         162         163   1.1842337840667327     
         163         164   1.6384029589708318     
         164         165   1.1753819601934845     
         157         166  0.71872656064853668     
         162         166   1.2688908776548062     
         165         166   1.2238144571559273     
         165         167   1.3585358935106948     
         167         168   1.3546438148436672     
         168         169   1.1752395717253761     
         169         170   1.6402029227198760     
         170         171   1.1829413980786785     
         157         172  0.72165728495529757     
         168         172   1.2268063522960817     
         171         172   1.2636156198897850     
          79         173   1.1698107252270900     
         171         173   1.2560839590368242     
         173         174   1.2570763475782361     
         174         175   1.1829255391791027     
         175         176   1.6399107907620241     
         176         177   1.1755689040299087     
         157         178  0.72105574717445919     
         174         178   1.2620221961584250     
         177         178   1.2285916929608556     
         177         179   1.3526765203621123     
         158         180   1.1747347535902197     
         179         180   1.3603120013833438     
         157         181  0.71834174251667093     
         160         181   1.2703090822100784     
         180         181   1.2224561067767403     
         158         182  0.97198218462846242     
         159         183  0.96776697438755599     
         163         184  0.96749913209015870     
         164         185  0.97200155117541220     
         167         186  0.96340382119987356     
         169         187  0.97202157374389020     
         170         188  0.96939737983498975     
         175         189  0.96752054437010626     
         176         190  0.97203037426092986     
         179         191  0.96338036729305621     
         193         194   1.6419770288075983     
         194         195   1.1821577546832274     
          80         196   1.1673837400121316     
         195         196   1.2574423307147202     
         196         197   1.2616303543426910     
         197         198   1.1815277021704116     
         198         199   1.6425677539241805     
         199         200   1.1738044931298948     
         192         201  0.71725373414627736     
         197         201   1.2626954959659948     
         200         201   1.2290333293928586     
         200         202   1.3574261516839332     
         202         203   1.3595786046258507     
         203         204   1.1734587509180590     
         204         205   1.6426974920344599     
         205         206   1.1818678309684725     
         192         207  0.71719859353750992     
         203         207   1.2270282334135245     
         206         207   1.2648058680871843     
          81         208   1.1693356975726894     
         206         208   1.2585873895443696     
         208         209   1.2588942538740369     
         209         210   1.1821978755365734     
         210         211   1.6416678690777116     
         211         212   1.1744753366618095     
         192         213  0.71732504503234285     
         209         213   1.2639009383493836     
         212         213   1.2279397150711999     
         212         214   1.3576758569260208     
         193         215   1.1739255143028853     
         214         215   1.3596544096546745     
         192         216  0.71811770540344444     
         195         216   1.2651768826541918     
         215         216   1.2260717472011049     
         193         217  0.97199812797766527     
         194         218  0.96736503513836281     
         198         219  0.96931107159908370     
         199         220  0.97202351149744515     
         202         221  0.96312591742209863     
         204         222  0.97201928253271830     
         205         223  0.96924498166966921     
         210         224  0.96629910055045720     
         211         225  0.97202368173094100     
         214         226  0.96305319521669475     
         228         229   1.6389191773341780     
         229         230   1.1835886684363690     
          82         231   1.1732856701440491     
         230         231   1.2555916392783384     
         231         232   1.2530514503936998     
         232         233   1.1836197806937621     
         233         234   1.6392833948419139     
         234         235   1.1755344993193233     
         227         236  0.72285299898363742     
         232         236   1.2644308555388826     
         235         236   1.2254738195469805     
         235         237   1.3547911615701167     
         237         238   1.3571199104664382     
         238         239   1.1757139085502240     
         239         240   1.6377861846866228     
         240         241   1.1845666737619853     
         227         242  0.71970519116984111     
         238         242   1.2240663937842509     
         241         242   1.2680427855043492     
          83         243   1.1886696636402305     
         241         243   1.2481951768170481     
         243         244   1.2441953389611711     
         244         245   1.1843710325498618     
         245         246   1.6381230546370737     
         246         247   1.1751561231819110     
         227         248  0.71942308713926872     
         244         248   1.2705793744985916     
         247         248   1.2215978075169007     
         247         249   1.3597115369771817     
         228         250   1.1759571059168692     
         249         250   1.3520436699571334     
         227         251  0.72238505335966463     
         230         251   1.2620404466739701     
         250         251   1.2279987576779312     
         228         252  0.97203773081307998     
         229         253  0.96648798636045385     
         233         254  0.96948283851607331     
         234         255  0.97202095009936196     
         237         256  0.96349051280122977     
         239         257  0.97201544218268521     
         240         258  0.96775683825704084     
         245         259  0.96838127416266062     
         246         260  0.97197836044089403     
         249         261  0.96345788216165151     
         263         264   1.6365418766448154     
         264         265   1.1851392067777842     
          84         266   1.1902388968009452     
         265         266   1.2436430113796284     
         266         267   1.2453874048780105     
         267         268   1.1855559507953322     
         268         269   1.6363866071106097     
         269         270   1.1765310813215362     
         262         271  0.72142588887963888     
         267         271   1.2686457991259363     
         270         271   1.2229982789409799     
         270         272   1.3557611166566099     
         272         273   1.3549453963488323     
         273         274   1.1767001197560596     
         274         275   1.6367561464887022     
         275         276   1.1849355127340089     
         262         277  0.72263573978033324     
         273         277   1.2232672214264317     
         276         277   1.2676882496684163     
          85         278   1.1870074567411573     
         276         278   1.2454814776853649     
         278         279   1.2469307102216942     
         279         280   1.1855054266711496     
         280         281   1.6363869605592105     
         281         282   1.1766936478820496     
         262         283  0.72235828131468449     
         279         283   1.2674268798394706     
         282         283   1.2236138058940931     
         282         284   1.3546932029982650     
         263         285   1.1766760447134748     
         284         285   1.3559743820385990     
         262         286  0.72190862086596919     
         265         286   1.2688711515694682     
         285         286   1.2225420722092166     
         263         287  0.97200390104852730     
         264         288  0.96850009309130536     
         268         289  0.96785362429394206     
         269         290  0.97202701365074762     
         272         291  0.96360443890697489     
         274         292  0.97200272731511950     
         275         293  0.96851931612319186     
         280         294  0.96760978905900641     
         281         295  0.97202220856582833     
         284         296  0.96360149279972096     
