   -0.05496661
   -0.05368871
    0.08619647
    0.01287377
    0.06380416
   -0.04934229
   -0.05187941
    0.06439090
   -0.08101555
   -0.05527454
    0.08674663
   -0.05380977
   -0.05385413
    0.08640514
   -0.32108299
   -0.05697035
    0.06496109
   -0.05115781
   -0.05095568
    0.06552845
   -0.08112079
   -0.05520838
    0.08531016
   -0.32420834
    0.01850668
    0.01979626
    0.04276860
    0.04147563
    0.21415999
    0.04683990
    0.01931067
    0.01933714
    0.04594528
    0.04174941
    0.04168208
    0.21439369
    0.04685146
   -0.05474831
   -0.05249602
    0.08679251
    0.01293444
    0.06323995
   -0.05053621
   -0.05223154
    0.06414489
   -0.08076586
   -0.05528888
    0.08665329
   -0.05384527
   -0.05386450
    0.08640093
   -0.32105846
   -0.05696248
    0.06495817
   -0.05112491
   -0.05090794
    0.06564973
   -0.08112405
   -0.05511764
    0.08558876
   -0.32444793
    0.01879628
    0.02104210
    0.04131643
    0.04114411
    0.21425129
    0.04673094
    0.01924944
    0.01933327
    0.04594827
    0.04177414
    0.04177175
    0.21436176
    0.04701809
   -0.02985261
   -0.03069298
   -0.03020422
   -0.03014852
   -0.03072416
   -0.02988141
   -0.05477877
   -0.05296608
    0.08606864
    0.01322410
    0.06320500
   -0.05002993
   -0.05189871
    0.06410952
   -0.08116186
   -0.05308075
    0.08519086
   -0.05455590
   -0.05338202
    0.08640358
   -0.32367886
    0.01275703
    0.06316905
   -0.04995730
   -0.05208433
    0.06397361
   -0.08161610
   -0.05347760
    0.08510400
   -0.32354774
    0.01848701
    0.01900044
    0.04328623
    0.04140312
    0.21469688
    0.04780973
    0.01902355
    0.02239377
    0.04051449
    0.04089484
    0.21456620
    0.04731473
   -0.05457190
   -0.05341966
    0.08642321
    0.01274673
    0.06308466
   -0.04996994
   -0.05209250
    0.06405751
   -0.08160635
   -0.05335917
    0.08529406
   -0.05459909
   -0.05229384
    0.08652771
   -0.32371221
    0.01319217
    0.06269637
   -0.05085159
   -0.05223474
    0.06395343
   -0.08109953
   -0.05318834
    0.08519202
   -0.32357004
    0.01896457
    0.02266304
    0.04041558
    0.04092126
    0.21461691
    0.04749713
    0.01878342
    0.02089241
    0.04113903
    0.04104385
    0.21481074
    0.04769781
