           1           2   1.7164902016611558     
           2           3   1.1213006804010575     
           3           4   1.2492809497885200     
           4           5   1.2544940248021232     
           5           6   1.2358346853141344     
           6           7   1.5935287609035014     
           7           8   1.2232807098757608     
           5           9   1.2244747788869383     
           8           9   1.2030640382779862     
           8          10   1.3440570602249959     
          10          11   1.3574519429982226     
          11          12   1.1067548237596285     
          12          13   1.7309728848659423     
          13          14   1.1088189755684017     
          11          15   1.3239019269568009     
          14          15   1.3254209645052315     
          14          16   1.3536689687536789     
          16          17   1.3466704536949368     
          17          18   1.2155128720894006     
          18          19   1.6083718515573568     
          19          20   1.2149100510583344     
          17          21   1.2099017533159060     
          20          21   1.2108781703726945     
          20          22   1.3429048061773945     
           1          23   1.1151153117632095     
          22          23   1.3651149749598273     
           3          24   1.3597207373234323     
          23          24   1.3008561184978693     
           1          25  0.97277388859608771     
           2          26  0.96946295497081514     
           6          27  0.97014481462287894     
           7          28  0.97291794716375646     
           9          29  0.89993498894089941     
          10          30  0.96372006459852100     
          12          31  0.97274512809179525     
          13          32  0.97279833866522347     
          16          33  0.96475928435095659     
          18          34  0.97290971679051452     
          19          35  0.97284013982164197     
          21          36  0.90027875646875122     
          22          37  0.96357243239716162     
          38          39   1.7171874425487350     
          39          40   1.1209490091958192     
          40          41   1.2505363311606768     
          41          42   1.2517115914492793     
          42          43   1.2371431941704791     
          43          44   1.5919935096238325     
          44          45   1.2243808213352869     
          42          46   1.2252845974734263     
          45          46   1.2028053613507896     
          45          47   1.3432287607980182     
          47          48   1.3581342811348285     
          48          49   1.1067912260008219     
          49          50   1.7309192778535079     
          50          51   1.1088606912324803     
          48          52   1.3233072762080109     
          51          52   1.3259204610335078     
          51          53   1.3531526692578417     
          53          54   1.3470460349772231     
          54          55   1.2154081194841835     
          55          56   1.6085056393846313     
          56          57   1.2147928073121292     
          54          58   1.2096920985535680     
          57          58   1.2110307054611831     
          57          59   1.3427868107992780     
          38          60   1.1145141894022119     
          59          60   1.3653227295483106     
          40          61   1.3590717663608736     
          60          61   1.3010683064366948     
          38          62  0.97277883245487340     
          39          63  0.96905467117819644     
          43          64  0.96958122313229800     
          44          65  0.97293897804539431     
          46          66  0.89981884022345771     
          47          67  0.96370891349171994     
          49          68  0.97274667101134027     
          50          69  0.97280322880978687     
          53          70  0.96476982758476981     
          55          71  0.97290495103365204     
          56          72  0.97283103850719832     
          58          73  0.90024257527589369     
          59          74  0.96354180754969943     
           4          75   1.1760121164667572     
          75          76   2.5669974555430866     
          77          78   2.5606859075697339     
          41          80   1.1776896838843618     
          79          80   2.5659302820255405     
          81          82   1.7159761081289158     
          82          83   1.1230312511341007     
          76          84   1.1785255392225964     
          83          84   1.2498228106908802     
          84          85   1.2489921427076334     
          85          86   1.2396505580935344     
          86          87   1.5886005998897044     
          87          88   1.2271894332939355     
          85          89   1.2256098533848101     
          88          89   1.2040125477574115     
          88          90   1.3357366287698027     
          90          91   1.3714483824435351     
          91          92   1.1149847765447038     
          92          93   1.7158815956068123     
          93          94   1.1226234715350820     
          91          95   1.2951634545739670     
          94          95   1.3620029398441251     
          77          96   1.1812102994047613     
          94          96   1.2443800141524406     
          96          97   1.2513282407026360     
          97          98   1.2396780442266069     
          98          99   1.5886866411765579     
          99         100   1.2267443993004254     
          97         101   1.2251090649751550     
         100         101   1.2039532582402315     
         100         102   1.3367983884577477     
          81         103   1.1146299900053356     
         102         103   1.3689729233656172     
          83         104   1.3589059590297659     
         103         104   1.2986142735028172     
          81         105  0.97276874578368577     
          82         106  0.96996323880093183     
          86         107  0.96991200879995543     
          87         108  0.97290556209672796     
          89         109  0.89746414167694610     
          90         110  0.96301847298609855     
          92         111  0.97272687043818329     
          93         112  0.96909853564901838     
          98         113  0.97162579726299869     
          99         114  0.97295328188892283     
         101         115  0.89742397282093322     
         102         116  0.96311000093894295     
         117         118   1.7163081514661180     
         118         119   1.1225156408665855     
          78         120   1.1811620008144013     
         119         120   1.2446791768774577     
         120         121   1.2513375537357507     
         121         122   1.2397523214914756     
         122         123   1.5886289584120663     
         123         124   1.2267966167298936     
         121         125   1.2251383708973518     
         124         125   1.2042245682164447     
         124         126   1.3364361217055081     
         126         127   1.3696795772149521     
         127         128   1.1143468094759965     
         128         129   1.7163576302424075     
         129         130   1.1228891873407154     
         127         131   1.2980264973401567     
         130         131   1.3589731268563718     
          79         132   1.1803283815630130     
         130         132   1.2494692795612377     
         132         133   1.2477601996842695     
         133         134   1.2405570451609527     
         134         135   1.5876362832156012     
         135         136   1.2278002187122634     
         133         137   1.2260597443509338     
         136         137   1.2040714222291955     
         136         138   1.3351597830556989     
         117         139   1.1147569819479204     
         138         139   1.3718342900872418     
         119         140   1.3617813063979372     
         139         140   1.2951231869866591     
         117         141  0.97272685013410531     
         118         142  0.96903845358401319     
         122         143  0.97163426910834350     
         123         144  0.97295102965166613     
         125         145  0.89714433853276065     
         126         146  0.96304733850812074     
         128         147  0.97276362114468840     
         129         148  0.96919709346541216     
         134         149  0.96973362522614071     
         135         150  0.97293097059837397     
         137         151  0.89707039156982216     
         138         152  0.96296959892477907     
