   -0.05474088
   -0.05315784
    0.08702189
    0.01141741
    0.06402048
   -0.04988377
   -0.05186325
    0.06437007
   -0.08143763
   -0.05509104
    0.08681557
   -0.05377182
   -0.05379260
    0.08639140
   -0.32094073
   -0.05681111
    0.06493019
   -0.05107914
   -0.05089745
    0.06571931
   -0.08110355
   -0.05500673
    0.08558854
   -0.32492716
    0.01853645
    0.02119207
    0.04322403
    0.04121888
    0.21411919
    0.04684633
    0.01936174
    0.01940701
    0.04602150
    0.04181969
    0.04177871
    0.21447599
    0.04697918
   -0.02095699
   -0.01195731
   -0.00383447
   -0.00383644
   -0.01195770
   -0.02095485
   -0.05377220
   -0.05379327
    0.08639295
   -0.05681190
    0.06493374
   -0.05107939
   -0.05089590
    0.06571689
   -0.08110388
   -0.05500736
    0.08558919
   -0.05473963
   -0.05314482
    0.08702682
   -0.32493994
    0.01142009
    0.06401287
   -0.04989420
   -0.05186239
    0.06436940
   -0.08142751
   -0.05508758
    0.08681435
   -0.32093988
    0.01936205
    0.01940692
    0.04602170
    0.04181949
    0.04177855
    0.21446964
    0.04697269
    0.01853189
    0.02118821
    0.04322676
    0.04122321
    0.21412091
    0.04684839
