           1           2   1.7162886638969028     
           2           3   1.1218950659924860     
           3           4   1.2423113424699139     
           4           5   1.2479346863557699     
           5           6   1.2375979342729875     
           6           7   1.5922195679024653     
           7           8   1.2240234409348649     
           5           9   1.2253984945417520     
           8           9   1.2023214374666016     
           8          10   1.3441459563236293     
          10          11   1.3573004619218334     
          11          12   1.1066647050536860     
          12          13   1.7309452898105619     
          13          14   1.1089988545351288     
          11          15   1.3241210953423441     
          14          15   1.3250943242024427     
          14          16   1.3537770849835458     
          16          17   1.3465962449031150     
          17          18   1.2157254696382527     
          18          19   1.6082246959826105     
          19          20   1.2149604586337892     
          17          21   1.2097377342271183     
          20          21   1.2113281598592696     
          20          22   1.3421249217836522     
           1          23   1.1150132035486793     
          22          23   1.3663865486669176     
           3          24   1.3615251070992358     
          23          24   1.2989330046766216     
           1          25  0.97278292210021222     
           2          26  0.97142431376305249     
           6          27  0.97188135406602261     
           7          28  0.97293448339516253     
           9          29  0.89968323214382762     
          10          30  0.96367408291972800     
          12          31  0.97274434970818413     
          13          32  0.97279542219820614     
          16          33  0.96478233230015109     
          18          34  0.97290369962874579     
          19          35  0.97283108063258017     
          21          36  0.89998368570550580     
          22          37  0.96349908807486306     
           4          38   1.1932336296429256     
          38          39   2.4368518043774481     
          39          40   1.3350690417249624     
          38          41  0.19209155698399999     
          40          41   2.3529345487582116     
          41          42   1.3350671038418909     
          40          43  0.19209120355577947     
          42          43   2.4368694755315867     
          44          45   1.7309477424239117     
          45          46   1.1089934535623118     
          46          47   1.3537664472026105     
          47          48   1.3466041835754763     
          48          49   1.2157156180071271     
          49          50   1.6082336322517747     
          50          51   1.2149572747705613     
          48          52   1.2097424233621017     
          51          52   1.2113115390827149     
          51          53   1.3421456896640520     
          53          54   1.3663568982187162     
          54          55   1.1150125758546570     
          55          56   1.7162813896871196     
          56          57   1.1219020605283911     
          54          58   1.2989714513911759     
          57          58   1.3614818140265150     
          43          59   1.1932233776369345     
          57          59   1.2424082961178282     
          59          60   1.2478444557817063     
          60          61   1.2376175438626291     
          61          62   1.5922008324377805     
          62          63   1.2240430734511323     
          60          64   1.2254188201690928     
          63          64   1.2023049177506664     
          63          65   1.3441367059841496     
          44          66   1.1066656144418354     
          65          66   1.3573128344370056     
          46          67   1.3251101063628918     
          66          67   1.3241100119068774     
          44          68  0.97274439346855324     
          45          69  0.97279559252097747     
          47          70  0.96478202573999050     
          49          71  0.97290364968507215     
          50          72  0.97283119706686427     
          52          73  0.89999235506066355     
          53          74  0.96349962281474300     
          55          75  0.97278358456907843     
          56          76  0.97142704408424851     
          61          77  0.97187802320023808     
          62          78  0.97293395746644773     
          64          79  0.89968634279557969     
          65          80  0.96367418459708554     
