    0.09200236
   -0.05323498
   -0.05236112
    0.07206798
    0.01927479
    0.07220800
   -0.05166596
   -0.05323765
    0.07076585
   -0.12838854
   -0.04832233
    0.07214378
   -0.05250413
   -0.05254817
    0.07241960
   -0.12679898
   -0.04995022
    0.07240512
   -0.05255456
   -0.05251252
    0.07210270
   -0.12666165
   -0.04830750
    0.07072850
   -0.12818269
    0.03429269
    0.03527363
    0.03417012
    0.03423977
    0.04971326
    0.03436653
    0.03433694
    0.04920571
    0.03435336
    0.03437506
    0.04975133
    0.09243079
   -0.05319953
   -0.05252389
    0.07194616
    0.01935605
    0.07223416
   -0.05129844
   -0.05323757
    0.07077115
   -0.12845602
   -0.04833507
    0.07212511
   -0.05251326
   -0.05254149
    0.07238956
   -0.12671889
   -0.04994624
    0.07238972
   -0.05257270
   -0.05251171
    0.07211235
   -0.12677656
   -0.04828707
    0.07072923
   -0.12813511
    0.03434653
    0.03571580
    0.03363290
    0.03425699
    0.04971927
    0.03439050
    0.03436706
    0.04921519
    0.03434584
    0.03438696
    0.04977602
   -0.02691438
   -0.02885329
   -0.02709931
   -0.02755862
   -0.02843158
   -0.02670376
   -0.02904116
   -0.02743904
   -0.02712184
   -0.02923302
   -0.02726732
   -0.02802572
   -0.02875841
   -0.02709633
    0.09013297
   -0.05333177
   -0.05229985
    0.07166175
    0.02151625
    0.07176696
   -0.05159879
   -0.05335693
    0.07010281
   -0.12728574
   -0.04498793
    0.06998489
   -0.05317867
   -0.05243810
    0.07201761
   -0.12740034
    0.02050028
    0.07210966
   -0.05193679
   -0.05318260
    0.06997190
   -0.12757633
   -0.04496884
    0.07005950
   -0.12709690
    0.03435993
    0.03529979
    0.03423512
    0.03431145
    0.05066226
    0.03440094
    0.03507563
    0.03430806
    0.03433705
    0.05064925
    0.08998013
   -0.05321337
   -0.05187383
    0.07199522
    0.02097014
    0.07193453
   -0.05240357
   -0.05320726
    0.06986722
   -0.12715675
   -0.04466813
    0.06992300
   -0.05328234
   -0.05169112
    0.07184929
   -0.12712976
    0.02145507
    0.07174895
   -0.05228622
   -0.05326568
    0.06991415
   -0.12695813
   -0.04467275
    0.06989084
   -0.12729913
    0.03439296
    0.03417527
    0.03493599
    0.03443909
    0.05076027
    0.03441086
    0.03413897
    0.03514497
    0.03445813
    0.05076220
    0.09090182
   -0.05310775
   -0.05249916
    0.07241199
    0.01952298
    0.07245927
   -0.05182890
   -0.05316802
    0.07049055
   -0.12861758
   -0.04612563
    0.07083026
   -0.05326315
   -0.05177601
    0.07158002
   -0.12798587
    0.02056078
    0.07164438
   -0.05201477
   -0.05340846
    0.07086004
   -0.12822566
   -0.04610360
    0.07053169
   -0.12857354
    0.03432356
    0.03514518
    0.03408674
    0.03421624
    0.05041937
    0.03419088
    0.03525135
    0.03573070
    0.03411860
    0.05045053
    0.09089883
   -0.05323596
   -0.05233874
    0.07219840
    0.01872785
    0.07236731
   -0.05168124
   -0.05321278
    0.07145820
   -0.12995175
   -0.04763259
    0.07142147
   -0.05313203
   -0.05208613
    0.07235768
   -0.12979907
    0.01863831
    0.07231540
   -0.05170873
   -0.05331151
    0.07123450
   -0.12973103
   -0.04753785
    0.07125519
   -0.12947385
    0.03397090
    0.03496428
    0.03496096
    0.03383460
    0.04997594
    0.03390824
    0.03537534
    0.03394315
    0.03385502
    0.05002656
    0.09168352
   -0.05341766
   -0.05153377
    0.07162214
    0.02083889
    0.07142919
   -0.05200861
   -0.05323522
    0.07061020
   -0.12768794
   -0.04581279
    0.07035486
   -0.05319427
   -0.05136408
    0.07232103
   -0.12849235
    0.01995766
    0.07217363
   -0.05271052
   -0.05309074
    0.07036249
   -0.12828523
   -0.04577170
    0.07064937
   -0.12799131
    0.03417669
    0.03482919
    0.03557588
    0.03429302
    0.05048750
    0.03424159
    0.03350866
    0.03565895
    0.03443403
    0.05053125
    0.09155902
   -0.05322504
   -0.05259059
    0.07175784
    0.02081092
    0.07203624
   -0.05135758
   -0.05324298
    0.07001948
   -0.12775129
   -0.04512458
    0.07007115
   -0.05328344
   -0.05247707
    0.07159902
   -0.12734323
    0.02124505
    0.07186017
   -0.05130826
   -0.05330412
    0.07007107
   -0.12761359
   -0.04511465
    0.07001614
   -0.12746442
    0.03442034
    0.03565701
    0.03352649
    0.03434325
    0.05061214
    0.03437017
    0.03571127
    0.03367632
    0.03431220
    0.05062859
