           2           3   1.6394787395396062     
           3           4   1.1838455348444659     
           4           5   1.2494190861152112     
           5           6   1.2510248530767665     
           6           7   1.1838404203955113     
           7           8   1.6394632764936814     
           8           9   1.1741141262441124     
           1          10  0.72160707020394510     
           6          10   1.2658358680599573     
           9          10   1.2249972235502882     
           9          11   1.3592529066815908     
          11          12   1.3533394783732633     
          12          13   1.1664170242852974     
          13          14   1.6557153689024540     
          14          15   1.1655371793935481     
           1          16  0.72659404886964907     
          12          16   1.2394982760849749     
          15          16   1.2411550496095956     
          15          17   1.3545823551279694     
          17          18   1.3548492503009584     
          18          19   1.1655331730051313     
          19          20   1.6556010850544687     
          20          21   1.1665951939205348     
           1          22  0.72717162265986235     
          18          22   1.2407843594651082     
          21          22   1.2395151120208434     
          21          23   1.3530406689572048     
           2          24   1.1741100823915385     
          23          24   1.3596722959137171     
           1          25  0.72176149842576787     
           4          25   1.2664914381193229     
          24          25   1.2244117885097472     
           2          26  0.97199611925699414     
           3          27  0.96782797194328707     
           7          28  0.96763571897853839     
           8          29  0.97200212177190615     
          11          30  0.96367986298761688     
          13          31  0.97195674703669366     
          14          32  0.97198338828526865     
          17          33  0.96393566683114240     
          19          34  0.97197996496071826     
          20          35  0.97195112096521585     
          23          36  0.96367126304807393     
          38          39   1.6396413669613683     
          39          40   1.1834475209738928     
          40          41   1.2495352603757539     
          41          42   1.2512958567318628     
          42          43   1.1840773459356400     
          43          44   1.6393066998205936     
          44          45   1.1741247171499105     
          37          46  0.72183672801615983     
          42          46   1.2657065877721618     
          45          46   1.2248287537392692     
          45          47   1.3593140789837124     
          47          48   1.3530503158676832     
          48          49   1.1665928254574003     
          49          50   1.6555678119627331     
          50          51   1.1655633520139346     
          37          52  0.72740359698705748     
          48          52   1.2395169421618430     
          51          52   1.2405256949101866     
          51          53   1.3549053906962842     
          53          54   1.3543737573575625     
          54          55   1.1656664930756615     
          55          56   1.6555063202193296     
          56          57   1.1665460483119696     
          37          58  0.72677658890950370     
          54          58   1.2411059966558038     
          57          58   1.2394592063681908     
          57          59   1.3530881278919047     
          38          60   1.1742000169546851     
          59          60   1.3594265252333517     
          37          61  0.72205162662136968     
          40          61   1.2662147586605310     
          60          61   1.2244143576201743     
          38          62  0.97198226637422269     
          39          63  0.96836456054766451     
          43          64  0.96747883336014318     
          44          65  0.97201002368153555     
          47          66  0.96369569535730104     
          49          67  0.97195553780582045     
          50          68  0.97197967154199483     
          53          69  0.96394058047920339     
          55          70  0.97198606361178386     
          56          71  0.97195792720099106     
          59          72  0.96368331833411025     
           5          73   1.1839115966398635     
          73          74   2.5611499486224849     
          75          76   2.5512655158588942     
          77          78   2.5555933277301572     
          79          80   2.5770937479731701     
          81          82   2.5746914526672642     
          83          84   2.5556421161031446     
          41          86   1.1833857877450278     
          85          86   2.5615199116761036     
          88          89   1.6363531519211234     
          89          90   1.1854685341706528     
          74          91   1.1877806943255451     
          90          91   1.2448480370730763     
          91          92   1.2468815955360095     
          92          93   1.1854114348682236     
          93          94   1.6362689242304123     
          94          95   1.1768571066193283     
          87          96  0.72218521206490294     
          92          96   1.2671354918505433     
          95          96   1.2244689098747470     
          95          97   1.3537134868844551     
          97          98   1.3571631965138293     
          98          99   1.1763458787029548     
          99         100   1.6367215779701303     
         100         101   1.1852947559078961     
          87         102  0.72101524351899571     
          98         102   1.2219184778496066     
         101         102   1.2702353226903951     
          75         103   1.1926261947957140     
         101         103   1.2426502985768080     
         103         104   1.2442633607713505     
         104         105   1.1851277307678334     
         105         106   1.6366966901655586     
         106         107   1.1765503216278905     
          87         108  0.72058379202141398     
         104         108   1.2695357917802861     
         107         108   1.2228661711400153     
         107         109   1.3561973442603479     
          88         110   1.1766968029480942     
         109         110   1.3547852354974153     
          87         111  0.72234063933196746     
          90         111   1.2682978707427497     
         110         111   1.2232835162811853     
          88         112  0.97200541624961856     
          89         113  0.96799804182320071     
          93         114  0.96777695738945591     
          94         115  0.97201682444992299     
          97         116  0.96358905817306983     
          99         117  0.97201535700586972     
         100         118  0.96819343465731444     
         105         119  0.96819755438580435     
         106         120  0.97202193474524456     
         109         121  0.96358278995085878     
         123         124   1.6359083789921718     
         124         125   1.1856814044115396     
          76         126   1.1936992034964193     
         125         126   1.2433019735365853     
         126         127   1.2416639387430546     
         127         128   1.1857489975507205     
         128         129   1.6359167603294069     
         129         130   1.1768070793639249     
         122         131  0.72132679864331084     
         127         131   1.2704365965431268     
         130         131   1.2219131860870798     
         130         132   1.3561884349462550     
         132         133   1.3543906395654837     
         133         134   1.1771001112296477     
         134         135   1.6357856933816404     
         135         136   1.1857488781498033     
         122         137  0.72209050471819236     
         133         137   1.2233051022752632     
         136         137   1.2686449081064466     
          77         138   1.1914498462104992     
         136         138   1.2443160109020048     
         138         139   1.2429617159800019     
         139         140   1.1858095616776141     
         140         141   1.6358028738319479     
         141         142   1.1769770082171800     
         122         143  0.72252567032646653     
         139         143   1.2692136258858775     
         142         143   1.2224893827170744     
         142         144   1.3551315467945437     
         123         145   1.1768735111268283     
         144         145   1.3553637027119332     
         122         146  0.72125569872587036     
         125         146   1.2695101190475577     
         145         146   1.2228418227488185     
         123         147  0.97202136246654369     
         124         148  0.96826887751943902     
         128         149  0.96827670748831030     
         129         150  0.97201589267476662     
         132         151  0.96361242496518829     
         134         152  0.97201542860852241     
         135         153  0.96770324355474491     
         140         154  0.96800395512761905     
         141         155  0.97200532189195399     
         144         156  0.96361309264225226     
         158         159   1.6388101226548444     
         159         160   1.1841003816013482     
          78         161   1.1880778913807639     
         160         161   1.2460618219317592     
         161         162   1.2480870912008635     
         162         163   1.1842344342436721     
         163         164   1.6384018945186758     
         164         165   1.1753826207634772     
         157         166  0.71872634376578282     
         162         166   1.2688910440116066     
         165         166   1.2238145960817621     
         165         167   1.3585361652103036     
         167         168   1.3546432549718406     
         168         169   1.1752397039738565     
         169         170   1.6402029115138324     
         170         171   1.1829414332015400     
         157         172  0.72165761572509124     
         168         172   1.2268073932880210     
         171         172   1.2636150340152126     
          79         173   1.1698113597826947     
         171         173   1.2560845719198699     
         173         174   1.2570755935897950     
         174         175   1.1829263194551123     
         175         176   1.6399104268908331     
         176         177   1.1755688757999685     
         157         178  0.72105576013633965     
         174         178   1.2620220966062747     
         177         178   1.2285925654331711     
         177         179   1.3526761514372980     
         158         180   1.1747350473142042     
         179         180   1.3603119108354518     
         157         181  0.71834095103841034     
         160         181   1.2703105058667692     
         180         181   1.2224562868568458     
         158         182  0.97198210400207063     
         159         183  0.96776697050108262     
         163         184  0.96749913187630199     
         164         185  0.97200153987197424     
         167         186  0.96340368327199633     
         169         187  0.97202150526584119     
         170         188  0.96939735267319171     
         175         189  0.96752043196941750     
         176         190  0.97203035774403201     
         179         191  0.96338032485907854     
         193         194   1.6419763533166702     
         194         195   1.1821578977063212     
          80         196   1.1673837232232906     
         195         196   1.2574426779132453     
         196         197   1.2616298130800256     
         197         198   1.1815277712787990     
         198         199   1.6425674136077213     
         199         200   1.1738044665300142     
         192         201  0.71725475880161904     
         197         201   1.2626954936345731     
         200         201   1.2290324380224424     
         200         202   1.3574266531759815     
         202         203   1.3595785746820670     
         203         204   1.1734589310924834     
         204         205   1.6426968785060412     
         205         206   1.1818676238204873     
         192         207  0.71719944293644722     
         203         207   1.2270275064327183     
         206         207   1.2648061563235291     
          81         208   1.1693350957888995     
         206         208   1.2585872617230811     
         208         209   1.2588947907046966     
         209         210   1.1821975713670545     
         210         211   1.6416675995988825     
         211         212   1.1744752910702103     
         192         213  0.71732585876022803     
         209         213   1.2639003386321979     
         212         213   1.2279400844729338     
         212         214   1.3576752381704233     
         193         215   1.1739255264358894     
         214         215   1.3596547272033892     
         192         216  0.71811860533255489     
         195         216   1.2651762802409889     
         215         216   1.2260715296479407     
         193         217  0.97199810630315375     
         194         218  0.96736505487010160     
         198         219  0.96931098555074990     
         199         220  0.97202345489688169     
         202         221  0.96312572931417761     
         204         222  0.97201931542571507     
         205         223  0.96924501625639459     
         210         224  0.96629914464143640     
         211         225  0.97202368174465514     
         214         226  0.96305307393440898     
         228         229   1.6389189159125119     
         229         230   1.1835883168697297     
          82         231   1.1732851334144654     
         230         231   1.2555922030132391     
         231         232   1.2530514858736983     
         232         233   1.1836204387253804     
         233         234   1.6392824342331216     
         234         235   1.1755351240394147     
         227         236  0.72285372798628378     
         232         236   1.2644300918013398     
         235         236   1.2254739924070954     
         235         237   1.3547903747656158     
         237         238   1.3571207954469136     
         238         239   1.1757131079300021     
         239         240   1.6377869614589475     
         240         241   1.1845660482006521     
         227         242  0.71970663210462660     
         238         242   1.2240661946009042     
         241         242   1.2680426970700960     
          83         243   1.1886690515853260     
         241         243   1.2481959712422239     
         243         244   1.2441955878856599     
         244         245   1.1843704177632461     
         245         246   1.6381239086242627     
         246         247   1.1751551607668880     
         227         248  0.71942450582069550     
         244         248   1.2705791888118947     
         247         248   1.2215980311501227     
         247         249   1.3597120151750928     
         228         250   1.1759575116741248     
         249         250   1.3520434560647068     
         227         251  0.72238545097540918     
         230         251   1.2620403550060462     
         250         251   1.2279986167395891     
         228         252  0.97203770379865884     
         229         253  0.96648807805815518     
         233         254  0.96948285512389720     
         234         255  0.97202097286439182     
         237         256  0.96349042315468858     
         239         257  0.97201546590189625     
         240         258  0.96775685877667006     
         245         259  0.96838132774955521     
         246         260  0.97197837763904471     
         249         261  0.96345779958368893     
         263         264   1.6365417373894633     
         264         265   1.1851405968856292     
          84         266   1.1902384703212630     
         265         266   1.2436450903954495     
         266         267   1.2453870434540830     
         267         268   1.1855581815240612     
         268         269   1.6363853763958085     
         269         270   1.1765325272852916     
         262         271  0.72141535824705483     
         267         271   1.2686433579489607     
         270         271   1.2229966414999800     
         270         272   1.3557611414788333     
         272         273   1.3549465873160638     
         273         274   1.1767001719802579     
         274         275   1.6367571530692215     
         275         276   1.1849356276470926     
         262         277  0.72262447432933963     
         273         277   1.2232656881709323     
         276         277   1.2676867305064896     
          85         278   1.1870054009855577     
         276         278   1.2454828424926294     
         278         279   1.2469321002779714     
         279         280   1.1855066425223189     
         280         281   1.6363863286092517     
         281         282   1.1766948882168276     
         262         283  0.72234744206968460     
         279         283   1.2674245188277466     
         282         283   1.2236125337847723     
         282         284   1.3546931226490686     
         263         285   1.1766765705988085     
         284         285   1.3559746747488690     
         262         286  0.72189809988654929     
         265         286   1.2688674920657945     
         285         286   1.2225416555895230     
         263         287  0.97200395265969963     
         264         288  0.96850003583490252     
         268         289  0.96785360906462881     
         269         290  0.97202704660176686     
         272         291  0.96360487985877630     
         274         292  0.97200277872173457     
         275         293  0.96851934308270282     
         280         294  0.96760979364155641     
         281         295  0.97202227699474730     
         284         296  0.96360200452870148     
