    0.55994444
   -0.05592691
   -0.05277620
    0.06609865
    0.00793254
    0.06608425
   -0.05281535
   -0.05592529
    0.06892044
   -0.21469585
   -0.05747020
    0.07000152
   -0.05501319
   -0.05353031
    0.06591831
   -0.21273239
   -0.06180136
    0.06593569
   -0.05353794
   -0.05502730
    0.06998344
   -0.21272061
   -0.05749049
    0.06895212
   -0.21477033
    0.03063006
    0.03352494
    0.03354467
    0.03065481
    0.04792040
    0.03099073
    0.03045725
    0.04842889
    0.03048057
    0.03099965
    0.04791076
   -0.02039576
   -0.01383813
   -0.00488830
   -0.00489761
   -0.01381881
   -0.02043607
    0.56008745
   -0.05591756
   -0.05278698
    0.06607837
    0.00795452
    0.06611799
   -0.05278815
   -0.05591719
    0.06893645
   -0.21476737
   -0.05745001
    0.06994535
   -0.05502661
   -0.05353364
    0.06590103
   -0.21267186
   -0.06180987
    0.06589936
   -0.05353816
   -0.05502229
    0.06999434
   -0.21273587
   -0.05748386
    0.06893678
   -0.21475781
    0.03063464
    0.03353730
    0.03347133
    0.03063995
    0.04792406
    0.03099541
    0.03049686
    0.04843063
    0.03050065
    0.03100895
    0.04791009
