           2           3   1.6453812865424626     
           3           4   1.1796092539731682     
           4           5   1.2606467401536436     
           5           6   1.2602393145603328     
           6           7   1.1795594865238850     
           7           8   1.6455495862994882     
           8           9   1.1722142998995007     
           1          10  0.65337441479143377     
           6          10   1.2481659142819210     
           9          10   1.2260870538003878     
           9          11   1.3595344022663036     
          11          12   1.3591253519606437     
          12          13   1.1645658019879475     
          13          14   1.6597851162013699     
          14          15   1.1621915488616319     
           1          16  0.66000803357023918     
          12          16   1.2351991902648098     
          15          16   1.2293995130912383     
          15          17   1.3604032903323562     
          17          18   1.3601698174873684     
          18          19   1.1623727466654878     
          19          20   1.6596476888961955     
          20          21   1.1646201308284592     
           1          22  0.66022667322900508     
          18          22   1.2294586252230773     
          21          22   1.2350310530391193     
          21          23   1.3592840775782786     
           2          24   1.1724036778554610     
          23          24   1.3591733520041065     
           1          25  0.65324309057038954     
           4          25   1.2479629301973481     
          24          25   1.2263661936637764     
           2          26  0.97248622388418027     
           3          27  0.97001411453796227     
           7          28  0.97000096914705181     
           8          29  0.97247767235049176     
          11          30  0.96458212455591730     
          13          31  0.97239073584781832     
          14          32  0.97217892188676136     
          17          33  0.96326527353023172     
          19          34  0.97218845126464259     
          20          35  0.97239809866089766     
          23          36  0.96459984610051164     
           5          37   1.1763115443934209     
          37          38   2.4546319422252494     
          38          39   1.3252343495404160     
          37          40  0.19448887677648066     
          39          40   2.3679756642667495     
          40          41   1.3252698480617919     
          39          42  0.19448223704689077     
          41          42   2.4544590181370940     
          44          45   1.6454616478376054     
          45          46   1.1795488621902022     
          42          47   1.1764388299444077     
          46          47   1.2607108129513693     
          47          48   1.2599431215937711     
          48          49   1.1797613528322768     
          49          50   1.6450916108711113     
          50          51   1.1726118112775583     
          43          52  0.65338536524931023     
          48          52   1.2483852010776189     
          51          52   1.2258131807419623     
          51          53   1.3594428504282943     
          53          54   1.3591542747314411     
          54          55   1.1645528142828845     
          55          56   1.6597349058887927     
          56          57   1.1622777917405562     
          43          58  0.66055409438657875     
          54          58   1.2350796925087222     
          57          58   1.2292541991399593     
          57          59   1.3603305539149693     
          59          60   1.3601957318435614     
          60          61   1.1623594274783693     
          61          62   1.6596373316304978     
          62          63   1.1646262430149505     
          43          64  0.66046429109414950     
          60          64   1.2293769215757056     
          63          64   1.2349613882300783     
          63          65   1.3593047365048554     
          44          66   1.1722992220236650     
          65          66   1.3592044836221269     
          43          67  0.65339637370010750     
          46          67   1.2478193615691986     
          66          67   1.2263718034300006     
          44          68  0.97247745303327637     
          45          69  0.97000931669540702     
          49          70  0.97001608676369888     
          50          71  0.97247456062013460     
          53          72  0.96458025718278506     
          55          73  0.97239332950330082     
          56          74  0.97218684118040577     
          59          75  0.96326532269482923     
          61          76  0.97219457464799497     
          62          77  0.97239506916716023     
          65          78  0.96458920674777704     
