    0.24432672
   -0.05206142
   -0.05048312
    0.07666637
    0.01817486
    0.07665552
   -0.05050320
   -0.05206242
    0.07569415
   -0.17637645
   -0.05006219
    0.07684205
   -0.05106079
   -0.05120867
    0.07737429
   -0.17473868
   -0.05173365
    0.07737070
   -0.05121300
   -0.05106110
    0.07683602
   -0.17469966
   -0.05005880
    0.07569075
   -0.17640883
    0.03379639
    0.03492010
    0.03495420
    0.03379881
    0.04911802
    0.03419418
    0.03412729
    0.04847316
    0.03413085
    0.03419956
    0.04911749
    0.24435221
   -0.05209726
   -0.05055397
    0.07668856
    0.01821146
    0.07670182
   -0.05051890
   -0.05208970
    0.07565418
   -0.17638485
   -0.05001363
    0.07682634
   -0.05105964
   -0.05121024
    0.07738362
   -0.17468965
   -0.05170424
    0.07738801
   -0.05120595
   -0.05106192
    0.07683464
   -0.17472919
   -0.05001675
    0.07564944
   -0.17634445
    0.03379056
    0.03496188
    0.03493310
    0.03378357
    0.04914471
    0.03420795
    0.03414229
    0.04848843
    0.03413913
    0.03420450
    0.04914626
   -0.02837006
   -0.02914629
   -0.02859113
   -0.02888495
   -0.02864413
   -0.02876169
   -0.02870216
   -0.02870856
   -0.02875473
   -0.02865490
   -0.02886982
   -0.02859538
   -0.02918489
   -0.02841808
    0.24583934
   -0.05189480
   -0.05043621
    0.07685471
    0.01859034
    0.07685999
   -0.05044563
   -0.05188997
    0.07525355
   -0.17631640
   -0.04814901
    0.07512515
   -0.05192087
   -0.05059963
    0.07700902
   -0.17635731
    0.01817874
    0.07697636
   -0.05067761
   -0.05192102
    0.07512701
   -0.17632630
   -0.04815175
    0.07525968
   -0.17632666
    0.03399267
    0.03521546
    0.03525115
    0.03398771
    0.04987751
    0.03393782
    0.03495253
    0.03503934
    0.03395408
    0.04988704
    0.24602293
   -0.05193004
   -0.05057374
    0.07698062
    0.01849255
    0.07697017
   -0.05056936
   -0.05192294
    0.07512208
   -0.17629662
   -0.04794735
    0.07508933
   -0.05192958
   -0.05064684
    0.07702616
   -0.17632259
    0.01833171
    0.07701763
   -0.05062654
   -0.05191984
    0.07509501
   -0.17632353
   -0.04795118
    0.07512078
   -0.17631354
    0.03399697
    0.03507723
    0.03506541
    0.03400522
    0.04999329
    0.03398954
    0.03502711
    0.03500734
    0.03399294
    0.04998998
    0.24607868
   -0.05192387
   -0.05057665
    0.07702293
    0.01846040
    0.07700885
   -0.05064433
   -0.05192737
    0.07508944
   -0.17628169
   -0.04787468
    0.07507450
   -0.05193743
   -0.05065006
    0.07703249
   -0.17630220
    0.01842044
    0.07704393
   -0.05063576
   -0.05193953
    0.07507386
   -0.17629828
   -0.04788715
    0.07509742
   -0.17631049
    0.03401398
    0.03503657
    0.03509841
    0.03402553
    0.05004596
    0.03401678
    0.03502934
    0.03502741
    0.03400822
    0.05003475
    0.24609801
   -0.05193947
   -0.05066707
    0.07702293
    0.01842908
    0.07704281
   -0.05061298
   -0.05194049
    0.07507750
   -0.17632274
   -0.04787556
    0.07508859
   -0.05192439
   -0.05061465
    0.07702554
   -0.17629164
    0.01844907
    0.07702719
   -0.05062420
   -0.05192706
    0.07509012
   -0.17631473
   -0.04787525
    0.07507476
   -0.17628680
    0.03401916
    0.03505443
    0.03498745
    0.03400726
    0.05004116
    0.03402297
    0.03505322
    0.03507206
    0.03401959
    0.05004578
    0.24605175
   -0.05192451
   -0.05065672
    0.07703046
    0.01834793
    0.07703117
   -0.05062874
   -0.05192854
    0.07508294
   -0.17632805
   -0.04791977
    0.07509547
   -0.05194631
   -0.05057737
    0.07699225
   -0.17629625
    0.01851041
    0.07698780
   -0.05059897
   -0.05194576
    0.07509891
   -0.17629898
   -0.04792194
    0.07507899
   -0.17632648
    0.03399391
    0.03503007
    0.03500064
    0.03399283
    0.05000629
    0.03399591
    0.03502837
    0.03507615
    0.03399430
    0.05000980
    0.24590743
   -0.05194240
   -0.05066517
    0.07700018
    0.01822539
    0.07700657
   -0.05063018
   -0.05195031
    0.07509588
   -0.17633554
   -0.04810228
    0.07520228
   -0.05192814
   -0.05048519
    0.07689459
   -0.17633366
    0.01861191
    0.07689283
   -0.05048072
   -0.05192519
    0.07519423
   -0.17632941
   -0.04808153
    0.07509097
   -0.17636451
    0.03393210
    0.03497904
    0.03494497
    0.03393374
    0.04990340
    0.03396562
    0.03521066
    0.03517788
    0.03396770
    0.04990541
