           2           3   1.6516859830767991     
           3           4   1.1778674602231112     
           4           5   1.2595318454085944     
           5           6   1.2595458662723165     
           6           7   1.1778758048964171     
           7           8   1.6516843187625874     
           8           9   1.1704791640297825     
           1          10  0.48892131448462112     
           6          10   1.2837230470367527     
           9          10   1.2487032733877503     
           9          11   1.3566269981968151     
          11          12   1.3547514945029393     
          12          13   1.1625308614559087     
          13          14   1.6659287481880933     
          14          15   1.1618843862748001     
           1          16  0.49178426676712256     
          12          16   1.2606820735187660     
          15          16   1.2632522617639794     
          15          17   1.3542259450071226     
          17          18   1.3541837324272279     
          18          19   1.1619309145361592     
          19          20   1.6658600601225544     
          20          21   1.1625956723840671     
           1          22  0.49193714747850453     
          18          22   1.2632399896656790     
          21          22   1.2606027288751238     
          21          23   1.3547495816004798     
           2          24   1.1704834739524992     
          23          24   1.3566445664390390     
           1          25  0.48886617998812676     
           4          25   1.2837656868650620     
          24          25   1.2486830156609603     
           2          26  0.97241069286638893     
           3          27  0.96919822911103848     
           7          28  0.96923713786378485     
           8          29  0.97241036384477209     
          11          30  0.96393842959843901     
          13          31  0.97234101506050397     
          14          32  0.97236253126447414     
          17          33  0.96425306347548601     
          19          34  0.97236199139083235     
          20          35  0.97233994621482067     
          23          36  0.96393639466683467     
          38          39   1.6513615023332811     
          39          40   1.1781878319531915     
          40          41   1.2585917347686626     
          41          42   1.2586556199365286     
          42          43   1.1781905793274512     
          43          44   1.6513540526540282     
          44          45   1.1706373793952225     
          37          46  0.48884952588382674     
          42          46   1.2841089572771458     
          45          46   1.2484851803234620     
          45          47   1.3566686169638913     
          47          48   1.3546809960808179     
          48          49   1.1626145081235097     
          49          50   1.6658233926845796     
          50          51   1.1619419222348901     
          37          52  0.49186430859664049     
          48          52   1.2606043284198738     
          51          52   1.2632829968094037     
          51          53   1.3541280246541381     
          53          54   1.3541950275816821     
          54          55   1.1618919578746254     
          55          56   1.6658853194930361     
          56          57   1.1625607372964148     
          37          58  0.49171205956191122     
          54          58   1.2632775838254762     
          57          58   1.2606907792755566     
          57          59   1.3546656563437316     
          38          60   1.1706268410734766     
          59          60   1.3566898544148331     
          37          61  0.48891665070559676     
          40          61   1.2841021005481403     
          60          61   1.2484650267051505     
          38          62  0.97241033265698440     
          39          63  0.96868823178615537     
          43          64  0.96873737591528675     
          44          65  0.97241104441652215     
          47          66  0.96392629102977589     
          49          67  0.97234040475825378     
          50          68  0.97236146594656447     
          53          69  0.96425440374944327     
          55          70  0.97236238486705251     
          56          71  0.97234114635727276     
          59          72  0.96392522787761181     
           5          73   1.1657025262362055     
          73          74   2.5798064794015967     
          75          76   2.5741880490744204     
          77          78   2.5730872234720570     
          79          80   2.5724453017116775     
          81          82   2.5728590269529796     
          83          84   2.5735289612204548     
          41          86   1.1676630622244195     
          85          86   2.5786110448721651     
          88          89   1.6496038957680168     
          89          90   1.1791664971699198     
          74          91   1.1670771642027664     
          90          91   1.2577656936468058     
          91          92   1.2577125324905083     
          92          93   1.1791502180506337     
          93          94   1.6496239355680078     
          94          95   1.1722801324600811     
          87          96  0.48907587881692610     
          92          96   1.2846500123474849     
          95          96   1.2468661891794364     
          95          97   1.3554056532968926     
          97          98   1.3566505678164076     
          98          99   1.1723828591484020     
          99         100   1.6491952386726016     
         100         101   1.1796044427260290     
          87         102  0.48917850934602208     
          98         102   1.2457204916695426     
         101         102   1.2859779582696629     
          75         103   1.1721508802463372     
         101         103   1.2553949017939632     
         103         104   1.2552093226786163     
         104         105   1.1795599777239583     
         105         106   1.6492587136809278     
         106         107   1.1723384789120768     
          87         108  0.48917316031235619     
         104         108   1.2860212172426471     
         107         108   1.2456836209608251     
         107         109   1.3567129266822622     
          88         110   1.1722857654353775     
         109         110   1.3553574400005439     
          87         111  0.48905368358687301     
          90         111   1.2845910763759871     
         110         111   1.2469156493414411     
          88         112  0.97239285663165809     
          89         113  0.96919394497685007     
          93         114  0.96922747964116651     
          94         115  0.97239317135279291     
          97         116  0.96360803119930916     
          99         117  0.97239510103373283     
         100         118  0.96818071733004651     
         105         119  0.96806676922340285     
         106         120  0.97239309299805399     
         109         121  0.96360476008617213     
         123         124   1.6487154393732422     
         124         125   1.1799402249950905     
          76         126   1.1724508383810328     
         125         126   1.2550613831573119     
         126         127   1.2550417232710631     
         127         128   1.1799181532671812     
         128         129   1.6487580249893368     
         129         130   1.1727367668951290     
         122         131  0.48895741583120977     
         127         131   1.2858926912070663     
         130         131   1.2459650692611679     
         130         132   1.3557806461721718     
         132         133   1.3562230913687094     
         133         134   1.1727189157902886     
         134         135   1.6487229932494452     
         135         136   1.1799598064832748     
         122         137  0.48898641315451169     
         133         137   1.2456084783628956     
         136         137   1.2862681867588273     
          77         138   1.1735311824092258     
         136         138   1.2544781806092293     
         138         139   1.2545680668484316     
         139         140   1.1799612110427971     
         140         141   1.6487534773509380     
         141         142   1.1726794040779993     
         122         143  0.48899696490043826     
         139         143   1.2861889021807338     
         142         143   1.2456513651064312     
         142         144   1.3562306763613110     
         123         145   1.1727687895190773     
         144         145   1.3557535443697488     
         122         146  0.48898615589802674     
         125         146   1.2858765446583560     
         145         146   1.2459637365099625     
         123         147  0.97239612920227225     
         124         148  0.96808919818589323     
         128         149  0.96818737205500205     
         129         150  0.97239595464588635     
         132         151  0.96356326848888041     
         134         152  0.97239578753626787     
         135         153  0.96776352589636416     
         140         154  0.96787537991021200     
         141         155  0.97239565322195443     
         144         156  0.96356272819735755     
         158         159   1.6485809901517234     
         159         160   1.1800863817351799     
          78         161   1.1736250658882872     
         160         161   1.2545830306064969     
         161         162   1.2543279224041362     
         162         163   1.1800424607705231     
         163         164   1.6485888581684793     
         164         165   1.1728383505118352     
         157         166  0.48892691978652453     
         162         166   1.2862770139570749     
         165         166   1.2456604433440110     
         165         167   1.3559464039613214     
         167         168   1.3560861778223761     
         168         169   1.1728392998599726     
         169         170   1.6485162515965484     
         170         171   1.1801454324619378     
         157         172  0.48890045993404946     
         168         172   1.2455593661278863     
         171         172   1.2864131739520674     
          79         173   1.1745133857697974     
         171         173   1.2540162101481713     
         173         174   1.2540672069538101     
         174         175   1.1801848234079704     
         175         176   1.6484633405161082     
         176         177   1.1728799839708488     
         157         178  0.48902256086796669     
         174         178   1.2863843060864952     
         177         178   1.2455307474678823     
         177         179   1.3560840935510745     
         158         180   1.1727971703683393     
         179         180   1.3558804747963926     
         157         181  0.48893315381115782     
         160         181   1.2861082025759147     
         180         181   1.2458090005763964     
         158         182  0.97239651338504807     
         159         183  0.96788329192774425     
         163         184  0.96775742010863097     
         164         185  0.97239320736180979     
         167         186  0.96354618432258943     
         169         187  0.97239408836299923     
         170         188  0.96739645066321767     
         175         189  0.96739381639717836     
         176         190  0.97239608010510870     
         179         191  0.96355218569921941     
         193         194   1.6484635439650814     
         194         195   1.1801886654911384     
          80         196   1.1745209651314241     
         195         196   1.2539528137335096     
         196         197   1.2541106032931510     
         197         198   1.1801936330914438     
         198         199   1.6484471073884004     
         199         200   1.1728844800436034     
         192         201  0.48892675002632230     
         197         201   1.2863449515603023     
         200         201   1.2456109073719259     
         200         202   1.3559882571317248     
         202         203   1.3560002228746422     
         203         204   1.1728390366016488     
         204         205   1.6485599176176433     
         205         206   1.1800819253552168     
         192         207  0.48896170381970333     
         203         207   1.2456204728802749     
         206         207   1.2862973354591678     
          81         208   1.1738735941702589     
         206         208   1.2543118217156501     
         208         209   1.2543520834048039     
         209         210   1.1800783219307887     
         210         211   1.6485552140262456     
         211         212   1.1728406188335270     
         192         213  0.48890294355318209     
         209         213   1.2862666025729113     
         212         213   1.2456699705274488     
         212         214   1.3559604751275867     
         193         215   1.1728782727468370     
         214         215   1.3560503900212975     
         192         216  0.48897659420132694     
         195         216   1.2863905836561678     
         215         216   1.2455373573278110     
         193         217  0.97239482862367677     
         194         218  0.96738769217335541     
         198         219  0.96740607676969825     
         199         220  0.97239615551627034     
         202         221  0.96354932126661441     
         204         222  0.97239534906897407     
         205         223  0.96775045581520125     
         210         224  0.96771096749838570     
         211         225  0.97239487693160798     
         214         226  0.96354730197708682     
         228         229   1.6486747455989481     
         229         230   1.1799947269703697     
          82         231   1.1738111997649461     
         230         231   1.2543352685607734     
         231         232   1.2544102559384109     
         232         233   1.1800272071623006     
         233         234   1.6486511744876289     
         234         235   1.1727517483291630     
         227         236  0.48896249250105422     
         232         236   1.2862762707894499     
         235         236   1.2456117056605407     
         235         237   1.3561789773750594     
         237         238   1.3557994888226501     
         238         239   1.1728427334107621     
         239         240   1.6485622839816407     
         240         241   1.1800992607485941     
         227         242  0.48897176468879100     
         238         242   1.2458239719265018     
         241         242   1.2860795649940291     
          83         243   1.1733945811577895     
         241         243   1.2545672007980664     
         243         244   1.2546150334551043     
         244         245   1.1801196515331678     
         245         246   1.6485499566614137     
         246         247   1.1728399719657578     
         227         248  0.48895924301608118     
         244         248   1.2859994534361263     
         247         248   1.2458915056670712     
         247         249   1.3557443954202362     
         228         250   1.1727459951201058     
         249         250   1.3562392369975198     
         227         251  0.48895809007424679     
         230         251   1.2863465939323953     
         250         251   1.2455463405233478     
         228         252  0.97239623061286196     
         229         253  0.96770392138351358     
         233         254  0.96775731072757043     
         234         255  0.97239822368877704     
         237         256  0.96355582554426467     
         239         257  0.97239604389154521     
         240         258  0.96777427479637101     
         245         259  0.96779026227896858     
         246         260  0.97239603714104061     
         249         261  0.96355592372519605     
         263         264   1.6489316076803260     
         264         265   1.1798502765758243     
          84         266   1.1731714768492136     
         265         266   1.2546962475811638     
         266         267   1.2548458152937463     
         267         268   1.1798077799292155     
         268         269   1.6489900137672659     
         269         270   1.1724962485799941     
         262         271  0.48914811979904727     
         267         271   1.2861126074720635     
         270         271   1.2456619223642504     
         270         272   1.3565313113009809     
         272         273   1.3554517339963510     
         273         274   1.1724365254912117     
         274         275   1.6493047877385076     
         275         276   1.1794641007186806     
         262         277  0.48900745645461868     
         273         277   1.2466405320091805     
         276         277   1.2850189136310688     
          85         278   1.1691075218077769     
         276         278   1.2568193282345781     
         278         279   1.2566705278985228     
         279         280   1.1795414740364139     
         280         281   1.6492011654466678     
         281         282   1.1725230323702138     
         262         283  0.48903823151959930     
         279         283   1.2850976389690194     
         282         283   1.2465329501268458     
         282         284   1.3554608751239050     
         263         285   1.1725387230069575     
         284         285   1.3565403232027993     
         262         286  0.48905165567806375     
         265         286   1.2861935509432361     
         285         286   1.2456104155853978     
         263         287  0.97239673074530830     
         264         288  0.96778499373180005     
         268         289  0.96776805786482223     
         269         290  0.97239704236976598     
         272         291  0.96358558263536864     
         274         292  0.97239567372662961     
         275         293  0.96869984258437802     
         280         294  0.96874137367323832     
         281         295  0.97239578529225490     
         284         296  0.96357933500818072     
