    0.10414054
   -0.05294579
   -0.05142851
    0.07274296
    0.01699664
    0.07275520
   -0.05140458
   -0.05294888
    0.07188573
   -0.13135670
   -0.04990062
    0.07301107
   -0.05204985
   -0.05213797
    0.07331650
   -0.12971451
   -0.05164124
    0.07331499
   -0.05213861
   -0.05204973
    0.07301147
   -0.12972104
   -0.04989654
    0.07188405
   -0.13134755
    0.03438635
    0.03660816
    0.03661430
    0.03438442
    0.05000709
    0.03489376
    0.03478860
    0.04937404
    0.03478786
    0.03489263
    0.05000957
    0.10405580
   -0.05294336
   -0.05141608
    0.07272000
    0.01701018
    0.07273848
   -0.05138793
   -0.05294435
    0.07189878
   -0.13133860
   -0.04990224
    0.07301589
   -0.05204560
   -0.05213119
    0.07331939
   -0.12971186
   -0.05163700
    0.07331885
   -0.05213381
   -0.05204292
    0.07301588
   -0.12971771
   -0.04989545
    0.07189708
   -0.13131304
    0.03439926
    0.03660957
    0.03660649
    0.03439070
    0.05000861
    0.03489859
    0.03479688
    0.04937375
    0.03479262
    0.03489776
    0.05001513
   -0.01981219
   -0.01021945
   -0.00213767
   -0.00236131
   -0.00998453
   -0.02000213
   -0.01977237
   -0.01001771
   -0.00211245
   -0.00216027
   -0.00995752
   -0.01980359
   -0.01975037
   -0.00996245
   -0.00210009
   -0.00210114
   -0.00995836
   -0.01975371
   -0.01980447
   -0.00994959
   -0.00215594
   -0.00210867
   -0.01000674
   -0.01977724
   -0.01996011
   -0.00996212
   -0.00232127
   -0.00210701
   -0.01018553
   -0.01977859
    0.10325111
   -0.05286850
   -0.05151281
    0.07305971
    0.01707569
    0.07307150
   -0.05147286
   -0.05286875
    0.07174137
   -0.13210236
   -0.04783146
    0.07172472
   -0.05284516
   -0.05151012
    0.07311553
   -0.13210662
    0.01699283
    0.07310561
   -0.05151965
   -0.05284538
    0.07172209
   -0.13212725
   -0.04782505
    0.07173569
   -0.13206596
    0.03423088
    0.03632089
    0.03631212
    0.03422120
    0.05040088
    0.03424673
    0.03632020
    0.03632561
    0.03424800
    0.05040705
    0.10307088
   -0.05284053
   -0.05151960
    0.07310210
    0.01706908
    0.07311819
   -0.05149865
   -0.05284261
    0.07172599
   -0.13203696
   -0.04775098
    0.07172400
   -0.05283687
   -0.05150830
    0.07312482
   -0.13204272
    0.01704900
    0.07311242
   -0.05151911
   -0.05283577
    0.07172509
   -0.13205862
   -0.04774993
    0.07172635
   -0.13204378
    0.03427083
    0.03633819
    0.03632787
    0.03426580
    0.05045142
    0.03427216
    0.03632665
    0.03633469
    0.03427268
    0.05045360
    0.10306056
   -0.05283311
   -0.05153279
    0.07310374
    0.01704993
    0.07313440
   -0.05148897
   -0.05283874
    0.07173022
   -0.13206385
   -0.04775562
    0.07173154
   -0.05284483
   -0.05149289
    0.07310390
   -0.13202686
    0.01707034
    0.07309353
   -0.05151613
   -0.05284568
    0.07172971
   -0.13202932
   -0.04775058
    0.07172837
   -0.13206431
    0.03427796
    0.03633661
    0.03632266
    0.03426570
    0.05044868
    0.03426494
    0.03632391
    0.03633451
    0.03427088
    0.05045604
    0.10321621
   -0.05284488
   -0.05150806
    0.07310184
    0.01699160
    0.07310703
   -0.05150194
   -0.05284630
    0.07173565
   -0.13212824
   -0.04784279
    0.07175593
   -0.05286638
   -0.05149767
    0.07304166
   -0.13207575
    0.01707610
    0.07305479
   -0.05146425
   -0.05286899
    0.07175964
   -0.13209895
   -0.04784703
    0.07173586
   -0.13211837
    0.03424906
    0.03632111
    0.03632080
    0.03424609
    0.05040436
    0.03423543
    0.03631247
    0.03630176
    0.03422469
    0.05040046
