           2           3   1.6413975495330264     
           3           4   1.1835165466489364     
           4           5   1.2560706849506089     
           5           6   1.2562035688088882     
           6           7   1.1835057339747861     
           7           8   1.6414015529114363     
           8           9   1.1743521014952865     
           1          10  0.72217444185554858     
           6          10   1.2612259613298291     
           9          10   1.2274164398493423     
           9          11   1.3592711434272857     
          11          12   1.3585982801922201     
          12          13   1.1656665594740405     
          13          14   1.6574075878457748     
          14          15   1.1651040703372433     
           1          16  0.72368184527768120     
          12          16   1.2387464841256235     
          15          16   1.2418212548212715     
          15          17   1.3576649278548283     
          17          18   1.3576517530162147     
          18          19   1.1651043076662158     
          19          20   1.6574104453076128     
          20          21   1.1656603091602058     
           1          22  0.72364537431756204     
          18          22   1.2418332299290022     
          21          22   1.2387560477976547     
          21          23   1.3585998393665750     
           2          24   1.1743677962174099     
          23          24   1.3592752786071798     
           1          25  0.72213759180520054     
           4          25   1.2612676476182234     
          24          25   1.2273968932442116     
           2          26  0.97197434151026652     
           3          27  0.97010321420939483     
           7          28  0.97010201504015714     
           8          29  0.97197560290378682     
          11          30  0.96323641192892917     
          13          31  0.97187432759725423     
          14          32  0.97190075600569592     
          17          33  0.96354237339243176     
          19          34  0.97190128788837160     
          20          35  0.97187389714590033     
          23          36  0.96323504539709826     
          38          39   1.6414505172530944     
          39          40   1.1834750281657305     
          40          41   1.2562801962894481     
          41          42   1.2564443688658540     
          42          43   1.1834707332019549     
          43          44   1.6414645666704688     
          44          45   1.1743126816475373     
          37          46  0.72222667025193188     
          42          46   1.2610894665581314     
          45          46   1.2274793584715076     
          45          47   1.3592288303669959     
          47          48   1.3585967407182082     
          48          49   1.1656379177491287     
          49          50   1.6574472393511785     
          50          51   1.1650761774629559     
          37          52  0.72364912351870858     
          48          52   1.2387800935152109     
          51          52   1.2417982893365564     
          51          53   1.3576971905283806     
          53          54   1.3576177989604337     
          54          55   1.1650942856998279     
          55          56   1.6574421941169377     
          56          57   1.1656191145394816     
          37          58  0.72359840800036102     
          54          58   1.2418720755642216     
          57          58   1.2387394680860870     
          57          59   1.3586502103611500     
          38          60   1.1743503190242175     
          59          60   1.3591801889107302     
          37          61  0.72224230375728804     
          40          61   1.2610740970858068     
          60          61   1.2274834771430785     
          38          62  0.97197189252035276     
          39          63  0.97009955071745158     
          43          64  0.97010232267202379     
          44          65  0.97197344046204592     
          47          66  0.96323852434299306     
          49          67  0.97187461370093686     
          50          68  0.97190046694785115     
          53          69  0.96354519729571697     
          55          70  0.97190048813618723     
          56          71  0.97187342396582810     
          59          72  0.96323541007049962     
           5          73   1.1812408952801674     
          73          74   2.4492549877562619     
          74          75   1.3284997254153654     
          73          76  0.19358963309459182     
          75          76   2.3623874940569642     
          76          77   1.3292576133380012     
          75          78  0.19340394467779626     
          77          78   2.4467992892566675     
          79          80   2.4450993500003038     
          80          81   1.3306472437387742     
          79          82  0.19312135420227583     
          81          82   2.3596361515955020     
          82          83   1.3306676946695388     
          81          84  0.19310607588041709     
          83          84   2.4450194949210040     
          85          86   2.4448954451939251     
          86          87   1.3307606721727663     
          85          88  0.19308855215937387     
          87          88   2.3594731446409432     
          88          89   1.3307563168974346     
          87          90  0.19308737841758580     
          89          90   2.4449002121051882     
          91          92   2.4451837163281827     
          92          93   1.3305234005966267     
          91          94  0.19308935590357923     
          93          94   2.3598282697207775     
          94          95   1.3304967146703937     
          93          96  0.19310840225491399     
          95          96   2.4452982460231949     
          97          98   2.4473763241929634     
          98          99   1.3286874126664032     
          97         100  0.19332227217355269     
          99         100   2.3630128471129503     
         100         101   1.3279341765682642     
          41         102   1.1807498871235762     
          99         102  0.19350674552518465     
         101         102   2.4498238584499328     
         104         105   1.6406186275029211     
         105         106   1.1837362330830219     
          78         107   1.1837218806870706     
         106         107   1.2535754023687968     
         107         108   1.2538530380404036     
         108         109   1.1837303567212116     
         109         110   1.6406143621342189     
         110         111   1.1751267344866294     
         103         112  0.71820448871872422     
         108         112   1.2641955989467628     
         111         112   1.2261083120177017     
         111         113   1.3589789273900914     
         113         114   1.3591611735740052     
         114         115   1.1751411055487850     
         115         116   1.6405334515632592     
         116         117   1.1838027234466737     
         103         118  0.71809964109462576     
         114         118   1.2259304344853510     
         117         118   1.2644692559354715     
          79         119   1.1845167930661533     
         117         119   1.2533110516910688     
         119         120   1.2532895747083435     
         120         121   1.1838141371476514     
         121         122   1.6405162937193776     
         122         123   1.1751560352584729     
         103         124  0.71798468036871410     
         120         124   1.2644784660838781     
         123         124   1.2259751866133364     
         123         125   1.3591168393609787     
         104         126   1.1751336402945600     
         125         126   1.3590443090310096     
         103         127  0.71824256255065122     
         106         127   1.2642758036076871     
         126         127   1.2260115563125009     
         104         128  0.97197582425503259     
         105         129  0.97012978995991517     
         109         130  0.97014374661758684     
         110         131  0.97197809184301354     
         113         132  0.96298112049093143     
         115         133  0.97197664439949549     
         116         134  0.97012882192601768     
         121         135  0.97014304720319899     
         122         136  0.97197728671614148     
         125         137  0.96297807550265091     
         139         140   1.6404961914747411     
         140         141   1.1838348504872973     
          84         142   1.1846089257954351     
         141         142   1.2531746669805364     
         142         143   1.2532799610014753     
         143         144   1.1838124845325153     
         144         145   1.6405016682108235     
         145         146   1.1751765612966873     
         138         147  0.71806226977162568     
         143         147   1.2645197435787046     
         146         147   1.2259714083981630     
         146         148   1.3590502372385942     
         148         149   1.3590966017709594     
         149         150   1.1751694588771691     
         150         151   1.6405116211898361     
         151         152   1.1838038392186085     
         138         153  0.71802206075055386     
         149         153   1.2259384089078043     
         152         153   1.2645720514517902     
          85         154   1.1846746665563215     
         152         154   1.2532042425575058     
         154         155   1.2531733070695228     
         155         156   1.1838301087224168     
         156         157   1.6404981277822739     
         157         158   1.1751720067183222     
         138         159  0.71795771232652150     
         155         159   1.2645450734224233     
         158         159   1.2259711342557866     
         158         160   1.3590772915711755     
         139         161   1.1751773648334487     
         160         161   1.3590554872012723     
         138         162  0.71800339971903804     
         141         162   1.2645285104903894     
         161         162   1.2259745040551540     
         139         163  0.97197576380553619     
         140         164  0.97014159535241429     
         144         165  0.97013013916002522     
         145         166  0.97197562763180401     
         148         167  0.96297533481777131     
         150         168  0.97197546341994501     
         151         169  0.97012761529226366     
         156         170  0.97014400465526973     
         157         171  0.97197557162025494     
         160         172  0.96297426086226678     
         174         175   1.6405043828013168     
         175         176   1.1838344584085503     
          90         177   1.1846724242400319     
         176         177   1.2530884965147826     
         177         178   1.2532969087410795     
         178         179   1.1838074070010689     
         179         180   1.6405138843222518     
         180         181   1.1751560919359068     
         173         182  0.71801615347418679     
         178         182   1.2645324260048127     
         181         182   1.2259589789360934     
         181         183   1.3590892592371469     
         183         184   1.3590242266960932     
         184         185   1.1751821480254070     
         185         186   1.6404823743801480     
         186         187   1.1838561066120945     
         173         188  0.71811154389075171     
         184         188   1.2259832580944496     
         187         188   1.2644564920388925     
          91         189   1.1845370854084196     
         187         189   1.2532968063390724     
         189         190   1.2532149099927752     
         190         191   1.1838534900141531     
         191         192   1.6404817618173622     
         192         193   1.1751886884537495     
         173         194  0.71808954664959423     
         190         194   1.2644649194431248     
         193         194   1.2259664550301572     
         193         195   1.3590301129638584     
         174         196   1.1751672805757032     
         195         196   1.3590971201865583     
         173         197  0.71790626569153171     
         176         197   1.2645751328242727     
         196         197   1.2259485665801642     
         174         198  0.97197593848590191     
         175         199  0.97014594418851641     
         179         200  0.97012932235514249     
         180         201  0.97197724354244175     
         183         202  0.96297403088889155     
         185         203  0.97197588922791545     
         186         204  0.97014033202426475     
         191         205  0.97013763118559015     
         192         206  0.97197529060981003     
         195         207  0.96297045469798859     
         209         210   1.6405654312681663     
         210         211   1.1838095220943450     
          96         212   1.1844168577841472     
         211         212   1.2533466892080400     
         212         213   1.2533708343142687     
         213         214   1.1838174077689811     
         214         215   1.6405462425494641     
         215         216   1.1751211013824712     
         208         217  0.71801124805079974     
         213         217   1.2644279033918571     
         216         217   1.2260012491261418     
         216         218   1.3591303909170716     
         218         219   1.3589918248686110     
         219         220   1.1750819258953604     
         220         221   1.6406909243436703     
         221         222   1.1836970083371630     
         208         223  0.71826164529358316     
         219         223   1.2261162519907043     
         222         223   1.2641037255023939     
          97         224   1.1832181164969771     
         222         224   1.2538691440592715     
         224         225   1.2540492304575726     
         225         226   1.1836999305677731     
         226         227   1.6406769003783668     
         227         228   1.1750866640842363     
         208         229  0.71825384823573368     
         225         229   1.2640515516750757     
         228         229   1.2261784659953596     
         228         230   1.3589429119890355     
         209         231   1.1751061267202245     
         230         231   1.3591612229246708     
         208         232  0.71805076848486205     
         211         232   1.2644326767320175     
         231         232   1.2259761908342677     
         209         233  0.97197676080419382     
         210         234  0.97013654380476166     
         214         235  0.97014002727375492     
         215         236  0.97197700412163490     
         218         237  0.96297667631115424     
         220         238  0.97197541598773651     
         221         239  0.97013089228412475     
         226         240  0.97013888464430453     
         227         241  0.97197678356295159     
         230         242  0.96297902013354575     
