   -0.05477277
   -0.05310027
    0.08707230
    0.01178749
    0.06417060
   -0.04981153
   -0.05178261
    0.06426467
   -0.08105560
   -0.05493103
    0.08680375
   -0.05372944
   -0.05377586
    0.08649030
   -0.32084979
   -0.05667422
    0.06503923
   -0.05105892
   -0.05086977
    0.06565400
   -0.08089296
   -0.05493363
    0.08550399
   -0.32472742
    0.01856329
    0.02067813
    0.04326233
    0.04145474
    0.21409060
    0.04702416
    0.01950775
    0.01953140
    0.04621646
    0.04195930
    0.04190619
    0.21438411
    0.04704845
   -0.05476588
   -0.05308137
    0.08710815
    0.01179570
    0.06416569
   -0.04982997
   -0.05177663
    0.06424924
   -0.08100891
   -0.05490973
    0.08679325
   -0.05373046
   -0.05377808
    0.08649925
   -0.32085653
   -0.05666720
    0.06504646
   -0.05106272
   -0.05087315
    0.06563919
   -0.08085829
   -0.05490787
    0.08548998
   -0.32473529
    0.01856126
    0.02066319
    0.04325607
    0.04146802
    0.21408525
    0.04703332
    0.01951323
    0.01953231
    0.04622925
    0.04196281
    0.04190856
    0.21436435
    0.04704106
   -0.02168501
   -0.01136351
   -0.01047006
   -0.02253002
   -0.02187136
   -0.01071669
   -0.01052450
   -0.02202716
   -0.02203046
   -0.01054084
   -0.01072659
   -0.02185517
   -0.02254528
   -0.01049995
   -0.01138667
   -0.02171612
   -0.05455109
   -0.05296106
    0.08688467
    0.01229231
    0.06360665
   -0.05008036
   -0.05183073
    0.06400554
   -0.08115209
   -0.05271217
    0.08516089
   -0.05453140
   -0.05303152
    0.08700783
   -0.32395471
    0.01187672
    0.06371424
   -0.05017181
   -0.05178129
    0.06392834
   -0.08122274
   -0.05264529
    0.08519648
   -0.32388924
    0.01871787
    0.02075716
    0.04302629
    0.04130779
    0.21437050
    0.04778460
    0.01873355
    0.02066486
    0.04293630
    0.04130548
    0.21435100
    0.04779632
   -0.05452784
   -0.05301399
    0.08692801
    0.01205148
    0.06361353
   -0.05014194
   -0.05180658
    0.06400669
   -0.08128859
   -0.05255785
    0.08515951
   -0.05452322
   -0.05298068
    0.08692929
   -0.32376181
    0.01205779
    0.06358598
   -0.05016599
   -0.05180618
    0.06402169
   -0.08127149
   -0.05254810
    0.08516021
   -0.32373628
    0.01877614
    0.02069768
    0.04296311
    0.04131276
    0.21449906
    0.04787953
    0.01876436
    0.02067817
    0.04297666
    0.04132478
    0.21452358
    0.04789107
   -0.05452699
   -0.05301465
    0.08702653
    0.01187810
    0.06371112
   -0.05019781
   -0.05178197
    0.06391041
   -0.08117769
   -0.05262356
    0.08517715
   -0.05455183
   -0.05295600
    0.08689592
   -0.32389238
    0.01229124
    0.06360365
   -0.05009085
   -0.05183093
    0.06399983
   -0.08113066
   -0.05269858
    0.08515514
   -0.32396271
    0.01872539
    0.02064744
    0.04295165
    0.04131480
    0.21434751
    0.04780310
    0.01871349
    0.02071494
    0.04302773
    0.04130499
    0.21435489
    0.04777968
