           1           2   1.7165572289354418     
           2           3   1.1214556743534829     
           3           4   1.2430027228926084     
           4           5   1.2481219225680187     
           5           6   1.2373052128495226     
           6           7   1.5922757648735972     
           7           8   1.2241706503229519     
           5           9   1.2259979937270273     
           8           9   1.2019446104067164     
           8          10   1.3442946965500602     
          10          11   1.3572010145010927     
          11          12   1.1067765957189213     
          12          13   1.7309911469003341     
          13          14   1.1088205754702420     
          11          15   1.3240377864817094     
          14          15   1.3252059851840881     
          14          16   1.3538169833270739     
          16          17   1.3464498023206990     
          17          18   1.2157595206392151     
          18          19   1.6079000373807149     
          19          20   1.2154285115687125     
          17          21   1.2098119415345181     
          20          21   1.2112352322494093     
          20          22   1.3415935136532116     
           1          23   1.1149673321675055     
          22          23   1.3670319747450697     
           3          24   1.3624606849746335     
          23          24   1.2984435765329876     
           1          25  0.97278322893318558     
           2          26  0.97150040954813888     
           6          27  0.97187453739838781     
           7          28  0.97292254769118902     
           9          29  0.90006228862965598     
          10          30  0.96370947214590552     
          12          31  0.97274168540753625     
          13          32  0.97278991284640037     
          16          33  0.96471190532754592     
          18          34  0.97289405597239320     
          19          35  0.97282640523539898     
          21          36  0.90039242027732813     
          22          37  0.96354496828043268     
          38          39   1.7165007713088540     
          39          40   1.1214404573915735     
          40          41   1.2428140024346805     
          41          42   1.2477518948458532     
          42          43   1.2373805681237742     
          43          44   1.5921672590890439     
          44          45   1.2242489458443182     
          42          46   1.2261531783203905     
          45          46   1.2018454301920745     
          45          47   1.3442965428771323     
          47          48   1.3571773613003439     
          48          49   1.1068257482719994     
          49          50   1.7309592693099576     
          50          51   1.1088103251023427     
          48          52   1.3240097677285774     
          51          52   1.3252142087383698     
          51          53   1.3538249290081845     
          53          54   1.3464022114360812     
          54          55   1.2157874767319949     
          55          56   1.6078248078373290     
          56          57   1.2155108679873823     
          54          58   1.2098193535255359     
          57          58   1.2112269307780947     
          57          59   1.3414798031039230     
          38          60   1.1150254044229435     
          59          60   1.3671673904369928     
          40          61   1.3627441618425613     
          60          61   1.2982270223027714     
          38          62  0.97278408126702076     
          39          63  0.97151505409640682     
          43          64  0.97186554050803120     
          44          65  0.97292173704342966     
          46          66  0.90010644877513080     
          47          67  0.96371994709415909     
          49          68  0.97274237587761747     
          50          69  0.97278961905751582     
          53          70  0.96470284776298820     
          55          71  0.97289357166189327     
          56          72  0.97282650410693416     
          58          73  0.90044343859342724     
          59          74  0.96355519704646986     
           4          75   1.1917436085724895     
          75          76   2.4609703832439247     
          76          77   1.3107254970199251     
          75          78  0.20155722368754628     
          77          78   2.4585882455427126     
          79          80   2.4540342667334953     
          80          81   1.3146608826982957     
          79          82  0.20107133295740881     
          81          82   2.4538757631981691     
          83          84   2.4538669780296045     
          84          85   1.3146764869298024     
          83          86  0.20106909426863812     
          85          86   2.4540483606833461     
          87          88   2.4580739226917019     
          88          89   1.3112900688729887     
          41          90   1.1922827945832912     
          87          90  0.20167179290853260     
          89          90   2.4604279798966497     
          91          92   1.7155283190771689     
          92          93   1.1234596667538255     
          78          94   1.1956341844942697     
          93          94   1.2413474874359542     
          94          95   1.2434670623167534     
          95          96   1.2416376121107249     
          96          97   1.5868575608931303     
          97          98   1.2284655886887026     
          95          99   1.2264614332774895     
          98          99   1.2034226556397032     
          98         100   1.3347203755936863     
         100         101   1.3726809441067367     
         101         102   1.1149729631038878     
         102         103   1.7156551580684392     
         103         104   1.1232673259932815     
         101         105   1.2936931956902000     
         104         105   1.3644038283404654     
          79         106   1.1981761854943824     
         104         106   1.2396093681784786     
         106         107   1.2426203720723441     
         107         108   1.2416829985474787     
         108         109   1.5868757016612185     
         109         110   1.2283016006561009     
         107         111   1.2270720466583751     
         110         111   1.2027652797808353     
         110         112   1.3357953392632660     
          91         113   1.1150535204818701     
         112         113   1.3713079059424238     
          93         114   1.3627660821948102     
         113         114   1.2950559859701376     
          91         115  0.97276879674633931     
          92         116  0.97162460427262065     
          96         117  0.97203818656197749     
          97         118  0.97292312808572057     
          99         119  0.89789423184004213     
         100         120  0.96300877814276786     
         102         121  0.97276580213150710     
         103         122  0.97163078996181063     
         108         123  0.97205020834705813     
         109         124  0.97292247172524537     
         111         125  0.89787396858922175     
         112         126  0.96300863673067683     
         127         128   1.7153289993486038     
         128         129   1.1236409900986239     
          82         130   1.1985314664867068     
         129         130   1.2395181860376776     
         130         131   1.2423335205276556     
         131         132   1.2420752008232576     
         132         133   1.5864992733662944     
         133         134   1.2284889438886850     
         131         135   1.2269992475445322     
         134         135   1.2032271183815033     
         134         136   1.3349375152227347     
         136         137   1.3723332214106367     
         137         138   1.1151110197416834     
         138         139   1.7152958303013917     
         139         140   1.1237007278522513     
         137         141   1.2939041905422981     
         140         141   1.3639577646493697     
          83         142   1.1985238381807353     
         140         142   1.2396764606542217     
         142         143   1.2422040936914960     
         143         144   1.2420654116787091     
         144         145   1.5865148896307786     
         145         146   1.2284776655951233     
         143         147   1.2270391541110097     
         146         147   1.2032241961484258     
         146         148   1.3349287558961078     
         127         149   1.1151226042858686     
         148         149   1.3723976099375095     
         129         150   1.3640863133985739     
         149         150   1.2938002750557951     
         127         151  0.97276417603827414     
         128         152  0.97164410894555353     
         132         153  0.97206847335785618     
         133         154  0.97292062613259067     
         135         155  0.89736817428141769     
         136         156  0.96295940052461948     
         138         157  0.97276613864863026     
         139         158  0.97164954175819618     
         144         159  0.97206235231503457     
         145         160  0.97291819447913608     
         147         161  0.89732649333862724     
         148         162  0.96295514784115188     
         163         164   1.7156662474778004     
         164         165   1.1232396627606203     
          86         166   1.1981817589657944     
         165         166   1.2397566166828593     
         166         167   1.2424337959962224     
         167         168   1.2417011889322644     
         168         169   1.5868311891809888     
         169         170   1.2283664698200631     
         167         171   1.2271525235497385     
         170         171   1.2026999184805809     
         170         172   1.3357632673625002     
         172         173   1.3713960628443607     
         173         174   1.1151078586779175     
         174         175   1.7154620743136295     
         175         176   1.1234978873761816     
         173         177   1.2948947721628066     
         176         177   1.3629906832761323     
          87         178   1.1961669100403423     
         176         178   1.2410441788938247     
         178         179   1.2433142032660358     
         179         180   1.2416989510261063     
         180         181   1.5867738040620920     
         181         182   1.2285332489520941     
         179         183   1.2265419603770984     
         182         183   1.2033700798444298     
         182         184   1.3346974652507821     
         163         185   1.1149766002062282     
         184         185   1.3726846204876928     
         165         186   1.3643957819248236     
         185         186   1.2937093333885727     
         163         187  0.97276565276598848     
         164         188  0.97163518772499935     
         168         189  0.97204213036224063     
         169         190  0.97292212377390763     
         171         191  0.89792407871306457     
         172         192  0.96300983724849643     
         174         193  0.97276883377864731     
         175         194  0.97162762789126744     
         180         195  0.97203628677988008     
         181         196  0.97292469413415483     
         183         197  0.89794141144741169     
         184         198  0.96301345515593961     
