    0.19602609
   -0.05082033
   -0.04901171
    0.07861260
    0.01700318
    0.07853480
   -0.04912068
   -0.05083147
    0.07702184
   -0.17191194
   -0.04963061
    0.07831545
   -0.04982915
   -0.04998845
    0.07896198
   -0.17022011
   -0.05135369
    0.07897426
   -0.04999115
   -0.04982031
    0.07832699
   -0.17025250
   -0.04963841
    0.07705157
   -0.17196369
    0.03388456
    0.03574234
    0.03576854
    0.03396858
    0.04944715
    0.03457321
    0.03450277
    0.04874715
    0.03451984
    0.03457192
    0.04942827
   -0.02055384
   -0.00944858
   -0.00939384
   -0.02066831
    0.19610037
   -0.05081834
   -0.04901982
    0.07861273
    0.01706978
    0.07856834
   -0.04907431
   -0.05082365
    0.07703796
   -0.17190068
   -0.04961552
    0.07833749
   -0.04981178
   -0.04997514
    0.07896769
   -0.17019584
   -0.05136119
    0.07898764
   -0.04998497
   -0.04980697
    0.07833447
   -0.17021344
   -0.04960294
    0.07705398
   -0.17191736
    0.03396579
    0.03573051
    0.03583928
    0.03397164
    0.04946386
    0.03461550
    0.03454631
    0.04877632
    0.03454690
    0.03460110
    0.04945998
