           2           3   1.6508832270220504     
           3           4   1.1744874945347850     
           4           5   1.2501675682750633     
           5           6   1.2496090085196017     
           6           7   1.1743249259443429     
           7           8   1.6510096089807638     
           8           9   1.1664955125023344     
           1          10  0.53101386730080391     
           6          10   1.2891653782208723     
           9          10   1.2493953620247735     
           9          11   1.3551260908217133     
          11          12   1.3514246042577318     
          12          13   1.1579009168216787     
          13          14   1.6661399213339863     
          14          15   1.1574523597493951     
           1          16  0.53260429043849067     
          12          16   1.2639441677908061     
          15          16   1.2656982331490181     
          15          17   1.3514192148665811     
          17          18   1.3514093855951326     
          18          19   1.1574414333863592     
          19          20   1.6661442112372304     
          20          21   1.1578988117520552     
           1          22  0.53244317263879881     
          18          22   1.2657765161996970     
          21          22   1.2638421738268069     
          21          23   1.3516208280762310     
           2          24   1.1664932337024099     
          23          24   1.3548773734785371     
           1          25  0.53126106795355432     
           4          25   1.2887846666617369     
          24          25   1.2496343672378298     
           2          26  0.97234003599444685     
           3          27  0.97079665220998812     
           7          28  0.97084988884504408     
           8          29  0.97234827404428859     
          11          30  0.96389026716344506     
          13          31  0.97224175255903322     
          14          32  0.97225829308330147     
          17          33  0.96427210661062002     
          19          34  0.97226756849003171     
          20          35  0.97224150283595401     
          23          36  0.96388909739069017     
           5          37   1.1844913332502476     
          37          38   2.4713933668885653     
          38          39   1.3039338206014275     
          37          40  0.20326790322582133     
          39          40   2.4712298721127528     
          42          43   1.6507174376778466     
          43          44   1.1745222407385327     
          40          45   1.1846190122098865     
          44          45   1.2498702782336542     
          45          46   1.2497217143468720     
          46          47   1.1746154361794114     
          47          48   1.6506824313386947     
          48          49   1.1666225626592153     
          41          50  0.53130511378661993     
          46          50   1.2888853112448506     
          49          50   1.2494518972979232     
          49          51   1.3548743703843504     
          51          52   1.3516099411931399     
          52          53   1.1579203441538102     
          53          54   1.6660975194879737     
          54          55   1.1574909593371814     
          41          56  0.53281535659824064     
          52          56   1.2637730122062132     
          55          56   1.2656516354696574     
          55          57   1.3514012259091612     
          57          58   1.3513899319797711     
          58          59   1.1575724644444494     
          59          60   1.6659297833857540     
          60          61   1.1580711588740784     
          41          62  0.53283254231527466     
          58          62   1.2656486496846258     
          61          62   1.2636797484814919     
          61          63   1.3515439198663421     
          42          64   1.1666121617703675     
          63          64   1.3550172553212487     
          41          65  0.53137580305323540     
          44          65   1.2889164907117872     
          64          65   1.2493345877723920     
          42          66  0.97233656273121627     
          43          67  0.97080959678544709     
          47          68  0.97084806351018693     
          48          69  0.97234125981868003     
          51          70  0.96388560158428416     
          53          71  0.97223833392702352     
          54          72  0.97226213720807964     
          57          73  0.96426770041787480     
          59          74  0.97226118899402725     
          60          75  0.97223781636313134     
          63          76  0.96387470672278897     
