   -0.29249685
   -0.05225041
   -0.05044483
    0.07347810
    0.02564442
    0.07350952
   -0.05044605
   -0.05224745
    0.07306612
   -0.04772888
   -0.04152613
    0.07419683
   -0.05130219
   -0.05138544
    0.07451460
   -0.04684846
   -0.04329236
    0.07452973
   -0.05138113
   -0.05129534
    0.07420402
   -0.04695227
   -0.04153076
    0.07309352
   -0.04776411
    0.03514424
    0.03718353
    0.03713683
    0.03514917
    0.04896027
    0.03563653
    0.03555348
    0.04831278
    0.03555084
    0.03563235
    0.04895053
   -0.02151487
   -0.00901237
   -0.00895382
   -0.02162539
   -0.29364284
   -0.05222894
   -0.05048087
    0.07343632
    0.02575041
    0.07350339
   -0.05038716
   -0.05223024
    0.07301359
   -0.04736758
   -0.04140567
    0.07414317
   -0.05129674
   -0.05136851
    0.07446299
   -0.04653497
   -0.04314623
    0.07446279
   -0.05138269
   -0.05129304
    0.07413499
   -0.04659963
   -0.04137452
    0.07299432
   -0.04745169
    0.03516236
    0.03706831
    0.03710403
    0.03515650
    0.04887679
    0.03563152
    0.03555863
    0.04824027
    0.03554129
    0.03562222
    0.04887909
