           2           3   1.6456157525354287     
           3           4   1.1784041337255482     
           4           5   1.2533779268185279     
           5           6   1.2531131111599170     
           6           7   1.1783622661571032     
           7           8   1.6455976761067515     
           8           9   1.1697194783055753     
           1          10  0.75287674234460789     
           6          10   1.2616423356505087     
           9          10   1.2269062574836194     
           9          11   1.3552995590065466     
          11          12   1.3534207113160757     
          12          13   1.1612178568213742     
          13          14   1.6610391868861725     
          14          15   1.1605735490926878     
           1          16  0.75128184720323898     
          12          16   1.2393715304744932     
          15          16   1.2421993170539722     
          15          17   1.3530161066716089     
          17          18   1.3529767143499669     
          18          19   1.1605604015191708     
          19          20   1.6610466748236967     
          20          21   1.1612214669143885     
           1          22  0.75105966254483569     
          18          22   1.2423294660786430     
          21          22   1.2393587610866363     
          21          23   1.3534992523884863     
           2          24   1.1696499764591488     
          23          24   1.3551934852301923     
           1          25  0.75286835690675513     
           4          25   1.2613796754228557     
          24          25   1.2271070865650209     
           2          26  0.97179960162048229     
           3          27  0.97003596328209285     
           7          28  0.97002317442573471     
           8          29  0.97179873516646520     
          11          30  0.96378935542463318     
          13          31  0.97169880239998685     
          14          32  0.97172387250659076     
          17          33  0.96410920263850031     
          19          34  0.97172662841933577     
          20          35  0.97170111074128873     
          23          36  0.96378893609617067     
           5          37   1.1787522920531874     
          37          38   2.4781936352495562     
          38          39   1.2999371124512940     
          37          40  0.20404977515308562     
          39          40   2.4776881570999221     
          42          43   1.6450743299492081     
          43          44   1.1786169384310439     
          40          45   1.1796998427468368     
          44          45   1.2520407349276081     
          45          46   1.2525333984935478     
          46          47   1.1786023446085296     
          47          48   1.6451017460100477     
          48          49   1.1697463427962451     
          41          50  0.75313467267920664     
          46          50   1.2615312308650610     
          49          50   1.2266075384939243     
          49          51   1.3549654292263305     
          51          52   1.3526645456662125     
          52          53   1.1614259635155291     
          53          54   1.6606650507360008     
          54          55   1.1606455170486010     
          41          56  0.75142627130718465     
          52          56   1.2393923524600396     
          55          56   1.2418603982698504     
          55          57   1.3527198227866026     
          57          58   1.3522821420917859     
          58          59   1.1607769613170764     
          59          60   1.6606360967199190     
          60          61   1.1613812871639826     
          41          62  0.75124313176659163     
          58          62   1.2422389434280925     
          61          62   1.2391283559084463     
          61          63   1.3529613273632548     
          42          64   1.1698858382536470     
          63          64   1.3548170505355013     
          41          65  0.75276368701893892     
          44          65   1.2616495769519078     
          64          65   1.2267173281587487     
          42          66  0.97180073907058673     
          43          67  0.97011421280979659     
          47          68  0.97009923303573453     
          48          69  0.97180005148105253     
          51          70  0.96389235353219338     
          53          71  0.97170636306355729     
          54          72  0.97172731878108232     
          57          73  0.96419429708179472     
          59          74  0.97173223725243818     
          60          75  0.97170624930826011     
          63          76  0.96387923112745966     
