    0.19843538
   -0.05058336
   -0.04884944
    0.07866980
    0.01723354
    0.07868204
   -0.04883236
   -0.05058445
    0.07714978
   -0.17135973
   -0.04950665
    0.07846670
   -0.04954684
   -0.04972956
    0.07917433
   -0.16970127
   -0.05131361
    0.07917439
   -0.04972983
   -0.04954672
    0.07846472
   -0.16969797
   -0.04950138
    0.07714549
   -0.17134865
    0.03461594
    0.03632974
    0.03634828
    0.03460998
    0.05012646
    0.03529556
    0.03522965
    0.04940679
    0.03522950
    0.03529510
    0.05012966
    0.19840461
   -0.05058334
   -0.04883832
    0.07865754
    0.01725336
    0.07866933
   -0.04882501
   -0.05058442
    0.07716157
   -0.17136705
   -0.04954635
    0.07846243
   -0.04954523
   -0.04972264
    0.07918770
   -0.16971005
   -0.05130684
    0.07918834
   -0.04972415
   -0.04954561
    0.07846018
   -0.16971080
   -0.04954111
    0.07715771
   -0.17135682
    0.03461777
    0.03635754
    0.03637685
    0.03461534
    0.05012559
    0.03529311
    0.03523232
    0.04939830
    0.03523181
    0.03529215
    0.05012815
   -0.02047599
   -0.00893653
   -0.00912311
   -0.02013301
   -0.02025916
   -0.00891758
   -0.00900689
   -0.02016542
   -0.02022466
   -0.00894967
   -0.00897902
   -0.02020617
   -0.02020272
   -0.00897875
   -0.00895348
   -0.02022987
   -0.02016858
   -0.00899864
   -0.00890795
   -0.02026883
   -0.02009689
   -0.00907818
   -0.00889412
   -0.02043828
    0.20038193
   -0.05058780
   -0.04920932
    0.07903544
    0.01707587
    0.07905026
   -0.04918715
   -0.05058896
    0.07655897
   -0.17287695
   -0.04729431
    0.07654014
   -0.05059840
   -0.04916326
    0.07904563
   -0.17278721
    0.01723691
    0.07903684
   -0.04917936
   -0.05059843
    0.07653508
   -0.17277527
   -0.04728508
    0.07655254
   -0.17285963
    0.03406206
    0.03553990
    0.03555785
    0.03405565
    0.05029839
    0.03408797
    0.03567989
    0.03567926
    0.03409149
    0.05030457
    0.20067772
   -0.05057932
   -0.04919527
    0.07906227
    0.01710636
    0.07905813
   -0.04919910
   -0.05057693
    0.07648809
   -0.17275746
   -0.04722605
    0.07648874
   -0.05058219
   -0.04918448
    0.07905106
   -0.17274360
    0.01716303
    0.07905399
   -0.04918922
   -0.05058072
    0.07649080
   -0.17274851
   -0.04722782
    0.07648962
   -0.17276504
    0.03409243
    0.03562921
    0.03563564
    0.03409300
    0.05034678
    0.03410173
    0.03565891
    0.03567274
    0.03410176
    0.05034585
    0.20075515
   -0.05057642
   -0.04918705
    0.07905460
    0.01712059
    0.07904925
   -0.04920061
   -0.05057502
    0.07648734
   -0.17272585
   -0.04721731
    0.07648909
   -0.05057607
   -0.04918633
    0.07906617
   -0.17274020
    0.01711713
    0.07904228
   -0.04920230
   -0.05057202
    0.07648717
   -0.17273145
   -0.04721719
    0.07648811
   -0.17273620
    0.03410812
    0.03566720
    0.03566316
    0.03411303
    0.05035670
    0.03410861
    0.03566891
    0.03566073
    0.03411302
    0.05035681
    0.20067297
   -0.05058012
   -0.04919278
    0.07905406
    0.01716323
    0.07905533
   -0.04918243
   -0.05057895
    0.07649235
   -0.17275332
   -0.04722887
    0.07649089
   -0.05058022
   -0.04919168
    0.07905575
   -0.17275441
    0.01710730
    0.07905194
   -0.04919693
   -0.05057830
    0.07649163
   -0.17275720
   -0.04722748
    0.07649119
   -0.17274669
    0.03410498
    0.03566762
    0.03567077
    0.03410039
    0.05034624
    0.03409248
    0.03563345
    0.03563515
    0.03409334
    0.05034878
    0.20035224
   -0.05059854
   -0.04915194
    0.07905670
    0.01724443
    0.07904553
   -0.04916784
   -0.05059647
    0.07653364
   -0.17279574
   -0.04733147
    0.07656502
   -0.05058545
   -0.04920794
    0.07902296
   -0.17287046
    0.01709775
    0.07904436
   -0.04916979
   -0.05059016
    0.07657045
   -0.17288664
   -0.04733871
    0.07653665
   -0.17279241
    0.03408353
    0.03567372
    0.03568035
    0.03408513
    0.05030254
    0.03406542
    0.03557194
    0.03558050
    0.03405554
    0.05029642
