           2           3   1.6499844805108332     
           3           4   1.1751280716468706     
           4           5   1.2494485662188002     
           5           6   1.2496009442699472     
           6           7   1.1751188820037541     
           7           8   1.6499911605656057     
           8           9   1.1670896603207694     
           1          10  0.53377485530581337     
           6          10   1.2881192391458385     
           9          10   1.2486822936617044     
           9          11   1.3548565850577443     
          11          12   1.3519515534928772     
          12          13   1.1581594245071065     
          13          14   1.6657214807845313     
          14          15   1.1577204444207481     
           1          16  0.53513116539614125     
          12          16   1.2628424897847199     
          15          16   1.2650230086597904     
          15          17   1.3515001189924023     
          17          18   1.3514851872526115     
          18          19   1.1577208992524712     
          19          20   1.6657169476878979     
          20          21   1.1581629110420730     
           1          22  0.53509317277894253     
          18          22   1.2650373594459903     
          21          22   1.2628476956377352     
          21          23   1.3519439810484257     
           2          24   1.1671036047881915     
          23          24   1.3548755184201278     
           1          25  0.53378810232335017     
           4          25   1.2881679664897088     
          24          25   1.2486377453131396     
           2          26  0.97228839427094071     
           3          27  0.97075691860957314     
           7          28  0.97075780208372053     
           8          29  0.97228941040592654     
          11          30  0.96378396912554032     
          13          31  0.97218379563293578     
          14          32  0.97220570322608713     
          17          33  0.96418155366976888     
          19          34  0.97220605486537970     
          20          35  0.97218381641699236     
          23          36  0.96378265143737185     
          38          39   1.6500801758609445     
          39          40   1.1750885598318515     
          40          41   1.2498760198690950     
          41          42   1.2500052382477262     
          42          43   1.1750791161652425     
          43          44   1.6500874920795461     
          44          45   1.1670243226507655     
          37          46  0.53381071853806983     
          42          46   1.2877996292259650     
          45          46   1.2488804452615789     
          45          47   1.3547549456054326     
          47          48   1.3520223454670028     
          48          49   1.1580936146104572     
          49          50   1.6657829641676485     
          50          51   1.1577063800274336     
          37          52  0.53508821837415910     
          48          52   1.2628838579135739     
          51          52   1.2650022014203106     
          51          53   1.3515310880599829     
          53          54   1.3515084367176691     
          54          55   1.1577095088875966     
          55          56   1.6657766564648742     
          56          57   1.1580993522905587     
          37          58  0.53508550453687709     
          54          58   1.2650172447075665     
          57          58   1.2628789169232231     
          57          59   1.3520193036737100     
          38          60   1.1670370344322212     
          59          60   1.3547638945400613     
          37          61  0.53377365604470373     
          40          61   1.2878509381864709     
          60          61   1.2488546928595443     
          38          62  0.97228704156079104     
          39          63  0.97075460044254802     
          43          64  0.97075162954374594     
          44          65  0.97228750117090879     
          47          66  0.96377878367580672     
          49          67  0.97218500047956491     
          50          68  0.97220505259219947     
          53          69  0.96418732076482172     
          55          70  0.97220507668570300     
          56          71  0.97218486870487253     
          59          72  0.96377803993289768     
           5          73   1.1854824929766172     
          73          74   2.4690657507987375     
          74          75   1.3058134627871831     
          73          76  0.20271288296818951     
          75          76   2.4671796267810242     
          77          78   2.4639339477717002     
          78          79   1.3085010257415122     
          77          80  0.20225521981274575     
          79          80   2.4638431539760006     
          81          82   2.4636018417936452     
          82          83   1.3087019654903220     
          81          84  0.20222182110614223     
          83          84   2.4635789665588490     
          85          86   2.4635960819684781     
          86          87   1.3087028160111216     
          85          88  0.20222431349254860     
          87          88   2.4635912300805143     
          89          90   2.4640710008540765     
          90          91   1.3083187126337490     
          89          92  0.20222227342923915     
          91          92   2.4641723863472165     
          93          94   2.4680810437361460     
          94          95   1.3048720573430606     
          41          96   1.1845907788623082     
          93          96  0.20249344586727352     
          95          96   2.4699620937668687     
          98          99   1.6490254571299845     
          99         100   1.1756052267214310     
          76         101   1.1880340801057345     
         100         101   1.2466524201304845     
         101         102   1.2468525581538474     
         102         103   1.1755976199470475     
         103         104   1.6490347136013546     
         104         105   1.1679706910313696     
          97         106  0.52861979637503953     
         102         106   1.2910098244910297     
         105         106   1.2477865414793601     
         105         107   1.3541258830340697     
         107         108   1.3538718636473368     
         108         109   1.1681921615654387     
         109         110   1.6486575456995685     
         110         111   1.1759197786478506     
          97         112  0.52868207536567124     
         108         112   1.2477487392842206     
         111         112   1.2912124734355312     
          77         113   1.1897276260756293     
         111         113   1.2460574576410097     
         113         114   1.2459418923025738     
         114         115   1.1759251679642553     
         115         116   1.6486482654103289     
         116         117   1.1682074501128543     
          97         118  0.52867626271633661     
         114         118   1.2912575648151283     
         117         118   1.2477160077502794     
         117         119   1.3538799093512530     
          98         120   1.1679896611912957     
         119         120   1.3541423599390230     
          97         121  0.52858387553700115     
         100         121   1.2910866460137500     
         120         121   1.2477391020095010     
          98         122  0.97233179489124288     
          99         123  0.97085809237238896     
         103         124  0.97085876362241130     
         104         125  0.97233286683552211     
         107         126  0.96350835098204424     
         109         127  0.97233248942119321     
         110         128  0.97085238622340597     
         115         129  0.97085147339451938     
         116         130  0.97233150189336415     
         119         131  0.96350574191266414     
         133         134   1.6485142530620351     
         134         135   1.1759956869051174     
          80         136   1.1898299750248305     
         135         136   1.2458551936303093     
         136         137   1.2458323684644890     
         137         138   1.1759945830712044     
         138         139   1.6485165533119872     
         139         140   1.1682949433507162     
         132         141  0.52898240323057089     
         137         141   1.2913145109165538     
         140         141   1.2473909789453033     
         140         142   1.3540895378446047     
         142         143   1.3539494581961076     
         143         144   1.1683562876397473     
         144         145   1.6484313541918023     
         145         146   1.1760616472611238     
         132         147  0.52906103094771395     
         143         147   1.2474376741066497     
         146         147   1.2912827742098416     
          81         148   1.1899837150970347     
         146         148   1.2457782067774741     
         148         149   1.2457874612735620     
         149         150   1.1760517179980827     
         150         151   1.6484433113712731     
         151         152   1.1683403306338418     
         132         153  0.52896845246607105     
         149         153   1.2912875383191560     
         152         153   1.2474569147636883     
         152         154   1.3539527163063982     
         133         155   1.1682976696981267     
         154         155   1.3540903410525136     
         132         156  0.52904484765694693     
         135         156   1.2912974193856679     
         155         156   1.2473829910251115     
         133         157  0.97232964894147511     
         134         158  0.97085190346657169     
         138         159  0.97085568683809487     
         139         160  0.97233011287447058     
         142         161  0.96349490362439361     
         144         162  0.97233006497930230     
         145         163  0.97085177987205906     
         150         164  0.97085210141338685     
         151         165  0.97233060034436192     
         154         166  0.96349447472876570     
         168         169   1.6484028734926581     
         169         170   1.1760671579551580     
          84         171   1.1899796193762002     
         170         171   1.2458192575393050     
         171         172   1.2457242352096136     
         172         173   1.1760585367876686     
         173         174   1.6484096319058579     
         174         175   1.1683852502510859     
         167         176  0.52912745019785867     
         172         176   1.2913099860905386     
         175         176   1.2473073714729987     
         175         177   1.3540371923754504     
         177         178   1.3540435531255934     
         178         179   1.1683810396326986     
         179         180   1.6484134142496321     
         180         181   1.1760462987286493     
         167         182  0.52915131155094319     
         178         182   1.2473096807407509     
         181         182   1.2912999278370765     
          85         183   1.1899714174337686     
         181         183   1.2458250773456039     
         183         184   1.2457217988202771     
         184         185   1.1760624702074223     
         185         186   1.6484116807260794     
         186         187   1.1683841657750069     
         167         188  0.52912350375967254     
         184         188   1.2913077531110049     
         187         188   1.2473083774706961     
         187         189   1.3540440791262793     
         168         190   1.1683831705770176     
         189         190   1.3540235337966515     
         167         191  0.52916353150270312     
         170         191   1.2912692290363881     
         190         191   1.2473330478332150     
         168         192  0.97232872065939635     
         169         193  0.97085082201381478     
         173         194  0.97084759644571417     
         174         195  0.97232812011758418     
         177         196  0.96349491587663527     
         179         197  0.97232888432277442     
         180         198  0.97084403724865220     
         185         199  0.97085409291117619     
         186         200  0.97232830822361538     
         189         201  0.96349507291815906     
         203         204   1.6484467988829432     
         204         205   1.1760421905477059     
          88         206   1.1899820209881615     
         205         206   1.2457447641525539     
         206         207   1.2458359655450719     
         207         208   1.1760445949214577     
         208         209   1.6484452726425465     
         209         210   1.1683396787663360     
         202         211  0.52907846351674837     
         207         211   1.2912778156879523     
         210         211   1.2474522778353572     
         210         212   1.3539601452416121     
         212         213   1.3540750728084368     
         213         214   1.1683075866381731     
         214         215   1.6485051149941286     
         215         216   1.1760072800043571     
         202         217  0.52915458888147826     
         213         217   1.2473858327307230     
         216         217   1.2912639074201822     
          89         218   1.1897054102098747     
         216         218   1.2458915998424200     
         218         219   1.2458932980812576     
         219         220   1.1760029320601215     
         220         221   1.6485090649046423     
         221         222   1.1683014665284022     
         202         223  0.52908158082671763     
         219         223   1.2912606377311724     
         222         223   1.2474090407925194     
         222         224   1.3540618827356303     
         203         225   1.1683461295832789     
         224         225   1.3539838221273461     
         202         226  0.52912047897056391     
         205         226   1.2913112703080938     
         225         226   1.2474104089520568     
         203         227  0.97232990109790640     
         204         228  0.97084794320797563     
         208         229  0.97085294177531845     
         209         230  0.97233064663570268     
         212         231  0.96349560870202933     
         214         232  0.97232918735303764     
         215         233  0.97085331456943391     
         220         234  0.97085373374880479     
         221         235  0.97232898405429835     
         224         236  0.96349454192546125     
         238         239   1.6487192517046978     
         239         240   1.1759064904938299     
          92         241   1.1896044264669878     
         240         241   1.2460874926286918     
         241         242   1.2460658015653578     
         242         243   1.1759290236730036     
         243         244   1.6487044870419667     
         244         245   1.1681222085836145     
         237         246  0.52874499233785022     
         242         246   1.2911421059588644     
         245         246   1.2478128225136305     
         245         247   1.3539111627561924     
         247         248   1.3540528145256843     
         248         249   1.1678998756831938     
         249         250   1.6491334983600217     
         250         251   1.1755598291221157     
         237         252  0.52866205888988616     
         248         252   1.2479457622851626     
         251         252   1.2907749432180751     
          93         253   1.1871409113455316     
         251         253   1.2470321913863489     
         253         254   1.2473037335716148     
         254         255   1.1755474686778093     
         255         256   1.6491384651656795     
         256         257   1.1678820147419786     
         237         258  0.52873093730281118     
         254         258   1.2906756448335510     
         257         258   1.2480147682589418     
         257         259   1.3540121956266742     
         238         260   1.1681183968098796     
         259         260   1.3539345462154508     
         237         261  0.52874991071599164     
         240         261   1.2911799438235261     
         260         261   1.2477915786682769     
         238         262  0.97233327829844085     
         239         263  0.97085188183847826     
         243         264  0.97085837528816221     
         244         265  0.97233225992593508     
         247         266  0.96349861505289225     
         249         267  0.97233043548350151     
         250         268  0.97085651843374332     
         255         269  0.97085229956824382     
         256         270  0.97233134867275139     
         259         271  0.96350223890569331     
