   -0.05462963
   -0.05308591
    0.08727631
    0.01136059
    0.06419030
   -0.04995942
   -0.05172444
    0.06435957
   -0.08112854
   -0.05487861
    0.08685209
   -0.05369499
   -0.05373727
    0.08654694
   -0.32081541
   -0.05658627
    0.06507732
   -0.05097421
   -0.05080705
    0.06576563
   -0.08082593
   -0.05487532
    0.08564254
   -0.32492522
    0.01874695
    0.02124787
    0.04338777
    0.04152306
    0.21410865
    0.04709989
    0.01960133
    0.01962501
    0.04633662
    0.04207203
    0.04203650
    0.21439091
    0.04716986
   -0.05464033
   -0.05308305
    0.08727214
    0.01136514
    0.06416604
   -0.04995521
   -0.05172693
    0.06436489
   -0.08115132
   -0.05485319
    0.08685140
   -0.05368689
   -0.05373790
    0.08653676
   -0.32079561
   -0.05658881
    0.06505920
   -0.05096939
   -0.05080638
    0.06578311
   -0.08084622
   -0.05487004
    0.08564324
   -0.32490384
    0.01874657
    0.02124855
    0.04338295
    0.04151312
    0.21413274
    0.04710903
    0.01960119
    0.01963036
    0.04633610
    0.04207473
    0.04203676
    0.21441950
    0.04717652
   -0.02020227
   -0.01197794
   -0.00300675
   -0.00374038
   -0.01101078
   -0.02100316
   -0.02050354
   -0.01120127
   -0.00314614
   -0.00314984
   -0.01119005
   -0.02049873
   -0.02101172
   -0.01102117
   -0.00374774
   -0.00302145
   -0.01196523
   -0.02023600
   -0.05440724
   -0.05293108
    0.08705205
    0.01187511
    0.06365204
   -0.05018909
   -0.05172986
    0.06417230
   -0.08135035
   -0.05264086
    0.08537188
   -0.05438042
   -0.05296848
    0.08712866
   -0.32405668
    0.01156473
    0.06372184
   -0.05024476
   -0.05168778
    0.06413072
   -0.08139562
   -0.05259387
    0.08539450
   -0.32396447
    0.01894328
    0.02131590
    0.04320241
    0.04141479
    0.21447845
    0.04795322
    0.01895768
    0.02125797
    0.04313629
    0.04142059
    0.21447432
    0.04796944
   -0.05438073
   -0.05298457
    0.08711898
    0.01155994
    0.06371307
   -0.05024172
   -0.05169594
    0.06412803
   -0.08141126
   -0.05257561
    0.08537279
   -0.05441061
   -0.05295282
    0.08705168
   -0.32394218
    0.01184994
    0.06364089
   -0.05017986
   -0.05172878
    0.06417649
   -0.08140911
   -0.05262884
    0.08537750
   -0.32402017
    0.01895824
    0.02125798
    0.04312796
    0.04140934
    0.21450804
    0.04797498
    0.01894042
    0.02132184
    0.04319202
    0.04139986
    0.21450996
    0.04795436
