           1           2   1.7165674316772601     
           2           3   1.1214573364263090     
           3           4   1.2423011990778607     
           4           5   1.2472989240300281     
           5           6   1.2372514072206378     
           6           7   1.5924191093371900     
           7           8   1.2240672184241279     
           5           9   1.2259041875488936     
           8           9   1.2018554905351868     
           8          10   1.3445434383359824     
          10          11   1.3570472068261137     
          11          12   1.1068641348993429     
          12          13   1.7309356057040324     
          13          14   1.1088121780834344     
          11          15   1.3240467068893647     
          14          15   1.3252435105466975     
          14          16   1.3537549585550914     
          16          17   1.3466843232223127     
          17          18   1.2156108449670386     
          18          19   1.6081767852971010     
          19          20   1.2151826124244307     
          17          21   1.2097204676393152     
          20          21   1.2113724288706780     
          20          22   1.3417425185631981     
           1          23   1.1149595423665404     
          22          23   1.3669049125793240     
           3          24   1.3622262145283721     
          23          24   1.2984478067481784     
           1          25  0.97277900795630345     
           2          26  0.97141038670582969     
           6          27  0.97181587778603740     
           7          28  0.97291658809334769     
           9          29  0.90006636374569282     
          10          30  0.96370615835032336     
          12          31  0.97274115973310038     
          13          32  0.97278636499511062     
          16          33  0.96468735766953317     
          18          34  0.97288020332889102     
          19          35  0.97281647730295584     
          21          36  0.90040636172883703     
          22          37  0.96353843174007170     
          38          39   1.7164859453836947     
          39          40   1.1215580080072831     
          40          41   1.2421737447613814     
          41          42   1.2469865700583356     
          42          43   1.2374340577415130     
          43          44   1.5922634154099269     
          44          45   1.2241224895473541     
          42          46   1.2259732703381310     
          45          46   1.2018736227827020     
          45          47   1.3444609363729036     
          47          48   1.3571229596152634     
          48          49   1.1068817366114065     
          49          50   1.7309102530426737     
          50          51   1.1088409098537932     
          48          52   1.3239420649227487     
          51          52   1.3253073742083177     
          51          53   1.3536749024504533     
          53          54   1.3467088967189411     
          54          55   1.2156104910614987     
          55          56   1.6082054796926382     
          56          57   1.2151332591445274     
          54          58   1.2097048320547230     
          57          58   1.2114339314068829     
          57          59   1.3417023775355801     
          38          60   1.1149645129753374     
          59          60   1.3669253771623162     
          40          61   1.3622311038352612     
          60          61   1.2984183103697595     
          38          62  0.97278175301515379     
          39          63  0.97142320751646916     
          43          64  0.97181972650371562     
          44          65  0.97291574436094552     
          46          66  0.89998562496552514     
          47          67  0.96369275684644673     
          49          68  0.97273800447135284     
          50          69  0.97278818699636638     
          53          70  0.96470012294110485     
          55          71  0.97288055014280206     
          56          72  0.97281586665810782     
          58          73  0.90032253928212946     
          59          74  0.96352913661040507     
           4          75   1.1937071070517504     
          75          76   2.4349060631121251     
          76          77   1.3367198497983661     
          75          78  0.19168674007315561     
          77          78   2.3494188268994005     
          78          79   1.3378859775402991     
          77          80  0.19136857570665422     
          79          80   2.4311711937500711     
          81          82   2.4285463646423167     
          82          83   1.3401349333930692     
          81          84  0.19102322448671294     
          83          84   2.3453243705939824     
          84          85   1.3401066155002088     
          83          86  0.19099752082903251     
          85          86   2.4285778114133176     
          87          88   2.4306900428058680     
          88          89   1.3383197399224422     
          87          90  0.19140109943668396     
          89          90   2.3489078090430038     
          90          91   1.3371712705917187     
          41          92   1.1941593086741686     
          89          92  0.19173135865058671     
          91          92   2.4344223374723768     
          93          94   1.7154621928302247     
          94          95   1.1236489597626060     
          80          96   1.1983819783139715     
          95          96   1.2403507552698421     
          96          97   1.2423812524303381     
          97          98   1.2416463462652871     
          98          99   1.5871097239129188     
          99         100   1.2281067829622527     
          97         101   1.2265545812986394     
         100         101   1.2033402366351296     
         100         102   1.3352754626502659     
         102         103   1.3720432238621239     
         103         104   1.1149320802791116     
         104         105   1.7155287327668096     
         105         106   1.1235587382856675     
         103         107   1.2942385989678715     
         106         107   1.3634371815909181     
          81         108   1.1997984392342835     
         106         108   1.2392242885675213     
         108         109   1.2419972277587941     
         109         110   1.2415285502527444     
         110         111   1.5873076972122666     
         111         112   1.2278523561651877     
         109         113   1.2269047840044074     
         112         113   1.2029363912427056     
         112         114   1.3361107228222504     
          93         115   1.1149757942102581     
         114         115   1.3710237454529968     
          95         116   1.3623797027032996     
         115         116   1.2952169431049272     
          93         117  0.97276507379965427     
          94         118  0.97155183058228445     
          98         119  0.97199756770120327     
          99         120  0.97291106729606036     
         101         121  0.89748375078779763     
         102         122  0.96295209621186006     
         104         123  0.97275993088199764     
         105         124  0.97155046521142485     
         110         125  0.97200476838863936     
         111         126  0.97290626926705492     
         113         127  0.89743019515319811     
         114         128  0.96295376738738692     
         129         130   1.7155294978348781     
         130         131   1.1235576398435627     
          86         132   1.1998105658755414     
         131         132   1.2391992213919441     
         132         133   1.2419701047738119     
         133         134   1.2415979626351283     
         134         135   1.5872215850500582     
         135         136   1.2279031186786105     
         133         137   1.2268956683174883     
         136         137   1.2030099209350114     
         136         138   1.3359705164939812     
         138         139   1.3712206727827558     
         139         140   1.1150617724278118     
         140         141   1.7153990791850937     
         141         142   1.1236551972013764     
         139         143   1.2948845941520695     
         142         143   1.3627183798642615     
          87         144   1.1988285242850272     
         142         144   1.2399656140713851     
         144         145   1.2423206716999098     
         145         146   1.2417608498317065     
         146         147   1.5869919400326946     
         147         148   1.2281561801973657     
         145         149   1.2265323932299184     
         148         149   1.2033832422009829     
         148         150   1.3351984398924532     
         129         151   1.1149287664358594     
         150         151   1.3721015003514989     
         131         152   1.3634569840909117     
         151         152   1.2941880167615694     
         129         153  0.97275865780266113     
         130         154  0.97154672559809352     
         134         155  0.97201243880221111     
         135         156  0.97290833127522625     
         137         157  0.89737064685661505     
         138         158  0.96294872116789842     
         140         159  0.97276297774313070     
         141         160  0.97154309211827117     
         146         161  0.97201106876510657     
         147         162  0.97291073802557526     
         149         163  0.89740587900032232     
         150         164  0.96294668264621130     
