    0.24461073
   -0.05198417
   -0.05037578
    0.07727721
    0.01699594
    0.07730356
   -0.05032982
   -0.05198435
    0.07563436
   -0.17680086
   -0.04974456
    0.07691061
   -0.05101075
   -0.05114558
    0.07742604
   -0.17473220
   -0.05148454
    0.07742897
   -0.05114790
   -0.05101248
    0.07690859
   -0.17475540
   -0.04973146
    0.07562362
   -0.17675239
    0.03371138
    0.03541973
    0.03544626
    0.03369416
    0.04924179
    0.03430565
    0.03423365
    0.04860496
    0.03423057
    0.03430383
    0.04925109
    0.24459899
   -0.05198085
   -0.05037507
    0.07726366
    0.01699088
    0.07727435
   -0.05033599
   -0.05198246
    0.07565996
   -0.17682104
   -0.04977987
    0.07691425
   -0.05101253
   -0.05114542
    0.07742683
   -0.17474638
   -0.05150231
    0.07742852
   -0.05114632
   -0.05101344
    0.07691295
   -0.17476280
   -0.04977159
    0.07565227
   -0.17679214
    0.03371292
    0.03546275
    0.03547855
    0.03369915
    0.04922837
    0.03430017
    0.03422732
    0.04859443
    0.03422507
    0.03429994
    0.04923372
   -0.02033627
   -0.00999661
   -0.00924580
   -0.02115189
   -0.02048916
   -0.00957541
   -0.00932184
   -0.02074568
   -0.02054988
   -0.00941757
   -0.00935558
   -0.02060730
   -0.02061033
   -0.00935894
   -0.00941989
   -0.02054761
   -0.02075371
   -0.00931936
   -0.00957988
   -0.02049642
   -0.02111136
   -0.00921129
   -0.00997141
   -0.02027956
    0.24632184
   -0.05181800
   -0.05034834
    0.07746359
    0.01746039
    0.07747680
   -0.05032232
   -0.05181801
    0.07515852
   -0.17685542
   -0.04762590
    0.07510073
   -0.05177802
   -0.05043118
    0.07755422
   -0.17686746
    0.01706265
    0.07756987
   -0.05040914
   -0.05178168
    0.07510353
   -0.17690471
   -0.04761982
    0.07514765
   -0.17680709
    0.03384025
    0.03556028
    0.03559174
    0.03382489
    0.04996065
    0.03383412
    0.03543146
    0.03542361
    0.03382327
    0.04996279
    0.24634925
   -0.05177288
   -0.05036839
    0.07753814
    0.01733463
    0.07754153
   -0.05035783
   -0.05177041
    0.07511804
   -0.17676376
   -0.04752870
    0.07512044
   -0.05176736
   -0.05036994
    0.07758494
   -0.17681913
    0.01722342
    0.07756239
   -0.05039829
   -0.05176463
    0.07511793
   -0.17679922
   -0.04753100
    0.07512788
   -0.17680616
    0.03389727
    0.03554237
    0.03553032
    0.03389041
    0.05005646
    0.03389003
    0.03544562
    0.03550236
    0.03389608
    0.05005801
    0.24634502
   -0.05176198
   -0.05035472
    0.07756245
    0.01729127
    0.07755991
   -0.05038001
   -0.05176243
    0.07512785
   -0.17679891
   -0.04752166
    0.07512404
   -0.05176481
   -0.05038784
    0.07755917
   -0.17678651
    0.01729280
    0.07756385
   -0.05034617
   -0.05176032
    0.07512540
   -0.17678846
   -0.04752351
    0.07512173
   -0.17677302
    0.03390685
    0.03551453
    0.03552580
    0.03391296
    0.05008074
    0.03391755
    0.03553912
    0.03550193
    0.03390155
    0.05007490
    0.24634521
   -0.05176432
   -0.05040969
    0.07755886
    0.01721700
    0.07757455
   -0.05035936
   -0.05176182
    0.07511635
   -0.17681346
   -0.04753694
    0.07512354
   -0.05177441
   -0.05035383
    0.07754604
   -0.17678095
    0.01734135
    0.07753486
   -0.05037361
   -0.05177546
    0.07512566
   -0.17679755
   -0.04752788
    0.07511489
   -0.17680597
    0.03389917
    0.03550523
    0.03547167
    0.03388368
    0.05005114
    0.03389059
    0.03554104
    0.03553047
    0.03389533
    0.05006016
    0.24631228
   -0.05177939
   -0.05041191
    0.07756249
    0.01705622
    0.07756050
   -0.05041457
   -0.05177984
    0.07511275
   -0.17690511
   -0.04765358
    0.07517973
   -0.05181202
   -0.05035252
    0.07743924
   -0.17683059
    0.01746617
    0.07746894
   -0.05031462
   -0.05181406
    0.07519120
   -0.17688444
   -0.04766306
    0.07511331
   -0.17687530
    0.03383272
    0.03542588
    0.03543695
    0.03382893
    0.04995715
    0.03385250
    0.03561620
    0.03563380
    0.03383333
    0.04994997
