           2           3   1.6504614791893779     
           3           4   1.1793180728119603     
           4           5   1.2516324615134526     
           5           6   1.2520312024512470     
           6           7   1.1793055966484596     
           7           8   1.6504677027374859     
           8           9   1.1710251786927466     
           1          10  0.48894032748561850     
           6          10   1.2860086485892173     
           9          10   1.2468703137648474     
           9          11   1.3576187686988150     
          11          12   1.3538483582936618     
          12          13   1.1627668595586882     
          13          14   1.6656268142647934     
          14          15   1.1620613226970846     
           1          16  0.49141755997443365     
          12          16   1.2609957033084993     
          15          16   1.2631806637296512     
          15          17   1.3541050032134383     
          17          18   1.3540744836025824     
          18          19   1.1620576711079633     
          19          20   1.6656136396439636     
          20          21   1.1627812006112739     
           1          22  0.49131984898237063     
          18          22   1.2632183021838603     
          21          22   1.2610065495375928     
          21          23   1.3538229720601129     
           2          24   1.1710484695343393     
          23          24   1.3576914681916239     
           1          25  0.48895122360220672     
           4          25   1.2861525178375914     
          24          25   1.2467446705357854     
           2          26  0.97242199837460230     
           3          27  0.97097012965493823     
           7          28  0.97098552378441527     
           8          29  0.97242514300466887     
          11          30  0.96390574270973273     
          13          31  0.97233795620663410     
          14          32  0.97235518117757824     
          17          33  0.96423821546456401     
          19          34  0.97235598185020033     
          20          35  0.97233771814357917     
          23          36  0.96390110280873764     
          38          39   1.6506137118241109     
          39          40   1.1791811732003945     
          40          41   1.2522306366844504     
          41          42   1.2524800796342852     
          42          43   1.1791835014519907     
          43          44   1.6506163312933677     
          44          45   1.1709562920827330     
          37          46  0.48895591249032072     
          42          46   1.2857422581308728     
          45          46   1.2470382302145770     
          45          47   1.3575386297221412     
          47          48   1.3539354576736375     
          48          49   1.1627309664011196     
          49          50   1.6656752422146108     
          50          51   1.1620373589220176     
          37          52  0.49143951246620970     
          48          52   1.2609862339043159     
          51          52   1.2631796435197060     
          51          53   1.3541326714555351     
          53          54   1.3541117243214893     
          54          55   1.1620338958977905     
          55          56   1.6656665704973173     
          56          57   1.1627411157123186     
          37          58  0.49137799449028946     
          54          58   1.2632071223940726     
          57          58   1.2609852020044179     
          57          59   1.3539253397157980     
          38          60   1.1709717963167043     
          59          60   1.3575901591092649     
          37          61  0.48895518456985343     
          40          61   1.2858272209323842     
          60          61   1.2469486321718282     
          38          62  0.97242092603073338     
          39          63  0.97095964778029586     
          43          64  0.97097408252106965     
          44          65  0.97242340466907196     
          47          66  0.96390786811508133     
          49          67  0.97233840729548759     
          50          68  0.97235503799257805     
          53          69  0.96423832336007764     
          55          70  0.97235544898084336     
          56          71  0.97233800289469530     
          59          72  0.96390343207732354     
           5          73   1.1843573604664237     
          73          74   2.4704967449527993     
          74          75   1.3047913884531750     
          73          76  0.20277073568947099     
          75          76   2.4689153999172584     
          77          78   2.4663278413695315     
          78          79   1.3069482170847231     
          77          80  0.20233663437389299     
          79          80   2.4662492788777453     
          81          82   2.4662790801159407     
          82          83   1.3069182102000572     
          81          84  0.20227477461665405     
          83          84   2.4662648204080142     
          85          86   2.4662783434899032     
          86          87   1.3068984248345259     
          85          88  0.20226247297799263     
          87          88   2.4662910473476729     
          89          90   2.4663471076329784     
          90          91   1.3068729307373417     
          89          92  0.20234211245688183     
          91          92   2.4664520837185102     
          93          94   2.4698659909863014     
          94          95   1.3037496711523464     
          41          96   1.1832593925533683     
          93          96  0.20254006631767646     
          95          96   2.4714573448450485     
          98          99   1.6479048354454109     
          99         100   1.1810008186438439     
          76         101   1.1866214867054401     
         100         101   1.2494063399145032     
         101         102   1.2497038584538291     
         102         103   1.1809857689507339     
         103         104   1.6479109840903809     
         104         105   1.1732090725533919     
          97         106  0.48874823556521851     
         102         106   1.2870340992300400     
         105         106   1.2452042828722953     
         105         107   1.3556462499477353     
         107         108   1.3566968589028865     
         108         109   1.1730572959896435     
         109         110   1.6480504777805209     
         110         111   1.1809092228256897     
          97         112  0.48881552431871084     
         108         112   1.2444537192615177     
         111         112   1.2877086223082368     
          77         113   1.1878745865517388     
         111         113   1.2487643596306919     
         113         114   1.2488804317001692     
         114         115   1.1809081657080351     
         115         116   1.6480364902106626     
         116         117   1.1730625687293486     
          97         118  0.48874046177914232     
         114         118   1.2876972887057885     
         117         118   1.2445034604747032     
         117         119   1.3566552975164092     
          98         120   1.1732245933227816     
         119         120   1.3557086426265283     
          97         121  0.48879760905454067     
         100         121   1.2871374695994349     
         120         121   1.2451012489287843     
          98         122  0.97241436399302106     
          99         123  0.97097538689794971     
         103         124  0.97098840614600046     
         104         125  0.97241547169639397     
         107         126  0.96356259719045312     
         109         127  0.97241176622981851     
         110         128  0.97099191734281431     
         115         129  0.97099570608134300     
         116         130  0.97241272528716849     
         119         131  0.96356098654756550     
         133         134   1.6477833246912867     
         134         135   1.1811194857942107     
          80         136   1.1880337580600639     
         135         136   1.2487506830185127     
         136         137   1.2487822592830589     
         137         138   1.1811238490606701     
         138         139   1.6477868074740059     
         139         140   1.1732330641860551     
         132         141  0.48878372610555304     
         137         141   1.2875198882472652     
         140         141   1.2447894876584442     
         140         142   1.3560273509022160     
         142         143   1.3562869802446724     
         143         144   1.1731835626115648     
         144         145   1.6479123357108461     
         145         146   1.1809867311757349     
         132         147  0.48864393709033094     
         143         147   1.2446354580044749     
         146         147   1.2877365077072265     
          81         148   1.1879631355882556     
         146         148   1.2487506081739381     
         148         149   1.2487543527326725     
         149         150   1.1810618468437499     
         150         151   1.6478722931999696     
         151         152   1.1731657105696633     
         132         153  0.48877499155000353     
         149         153   1.2875774810277201     
         152         153   1.2446365226008889     
         152         154   1.3563116394523846     
         133         155   1.1732438524218440     
         154         155   1.3560344049741375     
         132         156  0.48868677491513973     
         135         156   1.2875424166788938     
         155         156   1.2447841960474086     
         133         157  0.97241098226910994     
         134         158  0.97098779490681064     
         138         159  0.97098390905831178     
         139         160  0.97241010938244543     
         142         161  0.96354471767879035     
         144         162  0.97241231531711270     
         145         163  0.97099121346761597     
         150         164  0.97098816366830454     
         151         165  0.97240922211672276     
         154         166  0.96354169047396143     
         168         169   1.6478282656847625     
         169         170   1.1811031432836090     
          84         171   1.1880085572923025     
         170         171   1.2487761106233863     
         171         172   1.2487099099312604     
         172         173   1.1810942061493199     
         173         174   1.6478263083535420     
         174         175   1.1732059134002355     
         167         176  0.48866913753075586     
         172         176   1.2875899300382614     
         175         176   1.2447260680364496     
         175         177   1.3561523187129776     
         177         178   1.3561862833223768     
         178         179   1.1731832983827004     
         179         180   1.6478589312256389     
         180         181   1.1810615746483974     
         167         182  0.48870560918143441     
         178         182   1.2446988962380798     
         181         182   1.2876139964186575     
          85         183   1.1880004336486942     
         181         183   1.2486964759555910     
         183         184   1.2487980770965983     
         184         185   1.1811297453827780     
         185         186   1.6478048356398709     
         186         187   1.1732090335775278     
         167         188  0.48872136339979394     
         184         188   1.2875384001742087     
         187         188   1.2447736148704542     
         187         189   1.3561168827143564     
         168         190   1.1731956570887547     
         189         190   1.3561600992833873     
         167         191  0.48878259333243906     
         170         191   1.2875625622044511     
         190         191   1.2447299665424931     
         168         192  0.97241031179951898     
         169         193  0.97099192352760177     
         173         194  0.97098914397869185     
         174         195  0.97240868710537709     
         177         196  0.96353920403577797     
         179         197  0.97240955466083245     
         180         198  0.97097332680932769     
         185         199  0.97100722095250092     
         186         200  0.97240970687409400     
         189         201  0.96354383562173218     
         203         204   1.6479056909970571     
         204         205   1.1810168904913585     
          88         206   1.1879741992280592     
         205         206   1.2486535306780071     
         206         207   1.2488291720770845     
         207         208   1.1810861163371804     
         208         209   1.6478518098407657     
         209         210   1.1731798974607242     
         202         211  0.48875291682348093     
         207         211   1.2875797331605348     
         210         211   1.2446817716661187     
         210         212   1.3562700626400597     
         212         213   1.3560088122282064     
         213         214   1.1732398120924765     
         214         215   1.6477795898873855     
         215         216   1.1811304872478674     
         202         217  0.48877130740577529     
         213         217   1.2448177891895109     
         216         217   1.2874897683628908     
          89         218   1.1879809038790097     
         216         218   1.2488519704678431     
         218         219   1.2487295081857488     
         219         220   1.1811188682483718     
         220         221   1.6477760938225230     
         221         222   1.1732548544326580     
         202         223  0.48866154501410086     
         219         223   1.2875554384657941     
         222         223   1.2447975089372532     
         222         224   1.3560034196490562     
         203         225   1.1731563618912431     
         224         225   1.3563597149584552     
         202         226  0.48871782901628291     
         205         226   1.2876833819273075     
         225         226   1.2445859659320724     
         203         227  0.97240847896636129     
         204         228  0.97097740832870449     
         208         229  0.97100651027364682     
         209         230  0.97241121846866019     
         212         231  0.96354855073892831     
         214         232  0.97241259470418773     
         215         233  0.97098935599715008     
         220         234  0.97098763323951509     
         221         235  0.97241000624247131     
         224         236  0.96354148531583961     
         238         239   1.6480976482017899     
         239         240   1.1808826642680352     
          92         241   1.1877831979139832     
         240         241   1.2488792049588509     
         241         242   1.2489077902972805     
         242         243   1.1808734453358187     
         243         244   1.6480985202881344     
         244         245   1.1730194234404168     
         237         246  0.48878436529860420     
         242         246   1.2876700369597456     
         245         246   1.2444976831470460     
         245         247   1.3567334330572809     
         247         248   1.3556209357297899     
         248         249   1.1731466658349450     
         249         250   1.6480652111980614     
         250         251   1.1808573487815375     
         237         252  0.48879217958843568     
         248         252   1.2452854949866343     
         251         252   1.2868511191906746     
          93         253   1.1855362093992106     
         251         253   1.2499053344168400     
         253         254   1.2502375033032438     
         254         255   1.1808422895962818     
         255         256   1.6480776628463967     
         256         257   1.1731142447597023     
         237         258  0.48875250398287806     
         254         258   1.2867538154713958     
         257         258   1.2453798819244439     
         257         259   1.3555837618754012     
         238         260   1.1730187821017728     
         259         260   1.3567495405624468     
         237         261  0.48886363070800382     
         240         261   1.2876595478904866     
         260         261   1.2444742711478425     
         238         262  0.97241205921095020     
         239         263  0.97099134421680477     
         243         264  0.97099466845020566     
         244         265  0.97241232147921053     
         247         266  0.96356184120069521     
         249         267  0.97241208341991148     
         250         268  0.97096836382722740     
         255         269  0.97097315267239526     
         256         270  0.97241417224541327     
         259         271  0.96356428396810856     
