    0.56019706
   -0.05607580
   -0.05278154
    0.06584355
    0.00839156
    0.06589673
   -0.05269685
   -0.05608034
    0.06885069
   -0.21475463
   -0.05766022
    0.06986523
   -0.05510692
   -0.05363374
    0.06587035
   -0.21286746
   -0.06194175
    0.06585315
   -0.05363831
   -0.05511487
    0.06986911
   -0.21287372
   -0.05766724
    0.06883229
   -0.21459540
    0.03050947
    0.03331451
    0.03318892
    0.03047099
    0.04774400
    0.03082696
    0.03031907
    0.04826360
    0.03031320
    0.03082958
    0.04776466
   -0.02227625
   -0.01331057
   -0.01328767
   -0.02232269
    0.56030177
   -0.05607822
   -0.05281570
    0.06580144
    0.00839996
    0.06591686
   -0.05263896
   -0.05607265
    0.06886051
   -0.21478511
   -0.05766313
    0.06986729
   -0.05510086
   -0.05362776
    0.06585426
   -0.21290121
   -0.06193784
    0.06584982
   -0.05363992
   -0.05511886
    0.06986065
   -0.21286711
   -0.05764873
    0.06882676
   -0.21456362
    0.03053973
    0.03329859
    0.03320665
    0.03046569
    0.04773367
    0.03082453
    0.03032342
    0.04826586
    0.03031810
    0.03083862
    0.04777678
