           2           3   1.6459663626174446     
           3           4   1.1791322599435239     
           4           5   1.2623575162385372     
           5           6   1.2623760832295150     
           6           7   1.1793311941245090     
           7           8   1.6457727635956290     
           8           9   1.1720922880671505     
           1          10  0.65281188548480373     
           6          10   1.2479181407673632     
           9          10   1.2267570048740057     
           9          11   1.3591346635166057     
          11          12   1.3593902017976649     
          12          13   1.1644781673830480     
          13          14   1.6597903571166892     
          14          15   1.1622645233644673     
           1          16  0.65967964871908358     
          12          16   1.2351335151880323     
          15          16   1.2296073691083154     
          15          17   1.3602927071329587     
          17          18   1.3602814625391066     
          18          19   1.1623147287051629     
          19          20   1.6596893256872076     
          20          21   1.1645674989975792     
           1          22  0.65960286998065099     
          18          22   1.2295429770321959     
          21          22   1.2352451582644386     
          21          23   1.3591728921668838     
           2          24   1.1720343837698066     
          23          24   1.3593722543638784     
           1          25  0.65347991822803964     
           4          25   1.2477932796919464     
          24          25   1.2264720998817322     
           2          26  0.97247795184119579     
           3          27  0.97011694933411785     
           7          28  0.97012930836788636     
           8          29  0.97248551815353645     
          11          30  0.96460880864836507     
          13          31  0.97240714702439968     
          14          32  0.97219811682975477     
          17          33  0.96330000594110188     
          19          34  0.97219886373944453     
          20          35  0.97240852993024329     
          23          36  0.96460913675963311     
           5          37   1.1721487197486304     
          37          38   2.4853446174122045     
          38          39   1.2955309492641538     
          37          40  0.20502759766808423     
          39          40   2.4852746914363628     
          42          43   1.6457603218639063     
          43          44   1.1793286572051240     
          40          45   1.1722270898142106     
          44          45   1.2618576643053889     
          45          46   1.2626840399842330     
          46          47   1.1793005940197472     
          47          48   1.6457927011234561     
          48          49   1.1720234298564702     
          41          50  0.65293948577655148     
          46          50   1.2478260703485624     
          49          50   1.2267803835338200     
          49          51   1.3591841459004548     
          51          52   1.3592483082274502     
          52          53   1.1645103950865707     
          53          54   1.6597249553172455     
          54          55   1.1623242738880994     
          41          56  0.65966339999911439     
          52          56   1.2352223829000757     
          55          56   1.2295281214718070     
          55          57   1.3603004938039975     
          57          58   1.3602051339536416     
          58          59   1.1623517643902184     
          59          60   1.6596174445087097     
          60          61   1.1646254605983324     
          41          62  0.65970405528047082     
          58          62   1.2295399975766543     
          61          62   1.2352020265804189     
          61          63   1.3591496686690070     
          42          64   1.1721418263927381     
          63          64   1.3593496572508421     
          41          65  0.65367660322518417     
          44          65   1.2477922291704142     
          64          65   1.2263503163698184     
          42          66  0.97247728105998876     
          43          67  0.97011613511399342     
          47          68  0.97014368783655225     
          48          69  0.97248677258732008     
          51          70  0.96461911061303318     
          53          71  0.97241050701823417     
          54          72  0.97219646210557165     
          57          73  0.96330672174052767     
          59          74  0.97220065635710307     
          60          75  0.97240857349308607     
          63          76  0.96461020441067791     
