   -0.05466098
   -0.05308208
    0.08717507
    0.01137896
    0.06413128
   -0.04994007
   -0.05176716
    0.06437077
   -0.08126871
   -0.05493047
    0.08687164
   -0.05371763
   -0.05374226
    0.08646543
   -0.32082498
   -0.05665016
    0.06500158
   -0.05100165
   -0.05083934
    0.06579435
   -0.08093491
   -0.05490527
    0.08565324
   -0.32489687
    0.01869443
    0.02122164
    0.04333053
    0.04144507
    0.21414623
    0.04704997
    0.01953899
    0.01957193
    0.04624105
    0.04200346
    0.04196017
    0.21447178
    0.04713783
   -0.05466270
   -0.05307676
    0.08719606
    0.01136744
    0.06412814
   -0.04996185
   -0.05176637
    0.06434584
   -0.08121717
   -0.05490909
    0.08686357
   -0.05371239
   -0.05374269
    0.08646995
   -0.32082377
   -0.05663608
    0.06500490
   -0.05100299
   -0.05083141
    0.06577954
   -0.08094291
   -0.05489739
    0.08563966
   -0.32489361
    0.01868622
    0.02121479
    0.04335258
    0.04145357
    0.21415011
    0.04705786
    0.01954055
    0.01957563
    0.04624198
    0.04200381
    0.04196322
    0.21446308
    0.04713735
   -0.02036441
   -0.01193958
   -0.00315937
   -0.00372996
   -0.01117887
   -0.02098249
   -0.02100133
   -0.01119833
   -0.00374887
   -0.00318784
   -0.01195040
   -0.02038710
   -0.05443830
   -0.05297971
    0.08702680
    0.01168694
    0.06366164
   -0.05022245
   -0.05175570
    0.06411150
   -0.08147373
   -0.05274311
    0.08535730
   -0.05444463
   -0.05295933
    0.08703063
   -0.32411512
    0.01167792
    0.06364133
   -0.05022933
   -0.05175820
    0.06412581
   -0.08145319
   -0.05272875
    0.08536942
   -0.32408977
    0.01884117
    0.02123614
    0.04310225
    0.04129531
    0.21444436
    0.04781644
    0.01882634
    0.02122253
    0.04310297
    0.04129706
    0.21446821
    0.04782623
