           1           2   1.7164058609261563     
           2           3   1.1217368557919507     
           3           4   1.2422869881522864     
           4           5   1.2472061158175012     
           5           6   1.2375561685530916     
           6           7   1.5922110050670679     
           7           8   1.2240721684677918     
           5           9   1.2257773396270721     
           8           9   1.2020034388770215     
           8          10   1.3444043471499452     
          10          11   1.3570927579960887     
          11          12   1.1067302601834061     
          12          13   1.7309170086546302     
          13          14   1.1089965222532705     
          11          15   1.3242063928225782     
          14          15   1.3249709764535618     
          14          16   1.3538451814254495     
          16          17   1.3465808956210241     
          17          18   1.2157059820401783     
          18          19   1.6082412754140822     
          19          20   1.2149760040223887     
          17          21   1.2097280245864244     
          20          21   1.2114816739246821     
          20          22   1.3418544846814087     
           1          23   1.1149265692913606     
          22          23   1.3667108812503006     
           3          24   1.3618625550861221     
          23          24   1.2987009063174664     
           1          25  0.97277937136697068     
           2          26  0.97142426602144138     
           6          27  0.97184381130147557     
           7          28  0.97292149275423623     
           9          29  0.89981754663136149     
          10          30  0.96367064286879245     
          12          31  0.97274276663715209     
          13          32  0.97278755533682648     
          16          33  0.96474062587825726     
          18          34  0.97288587221781087     
          19          35  0.97282116594058277     
          21          36  0.90008690773598266     
          22          37  0.96350365652693415     
          38          39   1.7163992849626086     
          39          40   1.1217373620206166     
          40          41   1.2421568117387809     
          41          42   1.2469686880001261     
          42          43   1.2375177631728160     
          43          44   1.5922498534893181     
          44          45   1.2240556630606061     
          42          46   1.2259528838995215     
          45          46   1.2019383429438921     
          45          47   1.3444479802431375     
          47          48   1.3570666597101861     
          48          49   1.1067878049135023     
          49          50   1.7308757701000164     
          50          51   1.1089973970435458     
          48          52   1.3241555659863622     
          51          52   1.3250088746384128     
          51          53   1.3538259368939878     
          53          54   1.3465577290144306     
          54          55   1.2157131243406900     
          55          56   1.6081683154914241     
          56          57   1.2150792231186440     
          54          58   1.2097468059493068     
          57          58   1.2114396859169023     
          57          59   1.3417598270099436     
          38          60   1.1149229047471110     
          59          60   1.3668259089381856     
          40          61   1.3620508980218711     
          60          61   1.2985726054317188     
          38          62  0.97278184633311460     
          39          63  0.97143147143324793     
          43          64  0.97184344779278531     
          44          65  0.97292197894128729     
          46          66  0.89980412747909300     
          47          67  0.96366686023596837     
          49          68  0.97274111297875565     
          50          69  0.97279128819971339     
          53          70  0.96474172289536564     
          55          71  0.97288827299343639     
          56          72  0.97281737670780954     
          58          73  0.90010230542512715     
          59          74  0.96350166390483838     
           4          75   1.1938683073000946     
          75          76   2.4348644142367029     
          76          77   1.3366736846632539     
          75          78  0.19169174472964104     
          77          78   2.3495171834121491     
          78          79   1.3377624091322247     
          77          80  0.19137708974140155     
          79          80   2.4313168309678779     
          81          82   2.4310854341152224     
          82          83   1.3380727641808541     
          81          84  0.19142554519387658     
          83          84   2.3492176193322627     
          84          85   1.3369834420500832     
          41          86   1.1942212365265741     
          83          86  0.19172119780815805     
          85          86   2.4345847428586365     
          87          88   1.7155653650768634     
          88          89   1.1235526737894219     
          80          90   1.1982606303184089     
          89          90   1.2401718552550838     
          90          91   1.2426312251882474     
          91          92   1.2415265925734005     
          92          93   1.5872299071665283     
          93          94   1.2280144434231546     
          91          95   1.2265448258888512     
          94          95   1.2031464454867573     
          94          96   1.3357144046359357     
          96          97   1.3714088551002184     
          97          98   1.1149155665490034     
          98          99   1.7154985769635003     
          99         100   1.1236442815781222     
          97         101   1.2949566725243082     
         100         101   1.3626533148091218     
          81         102   1.1985261877497126     
         100         102   1.2400819713527014     
         102         103   1.2425252307100350     
         103         104   1.2414381779419548     
         104         105   1.5874001148013264     
         105         106   1.2278356306610121     
         103         107   1.2266101004113321     
         106         107   1.2031596710998589     
         106         108   1.3358580989973836     
          87         109   1.1149115976169000     
         108         109   1.3713079902634844     
          89         110   1.3625946771786914     
         109         110   1.2950258520267635     
          87         111  0.97276563590495624     
          88         112  0.97154237666612453     
          92         113  0.97201783297321565     
          93         114  0.97291949365744912     
          95         115  0.89750020871178871     
          96         116  0.96297231403141847     
          98         117  0.97276707384441041     
          99         118  0.97154807738466009     
         104         119  0.97201232056743470     
         105         120  0.97291606284835819     
         107         121  0.89742210873354933     
         108         122  0.96296697182490809     
