    0.19672369
   -0.05071751
   -0.04893023
    0.07816938
    0.01839296
    0.07817568
   -0.04899268
   -0.05072888
    0.07709520
   -0.17101833
   -0.04972315
    0.07833264
   -0.04967257
   -0.04985699
    0.07908655
   -0.16964745
   -0.05147498
    0.07908602
   -0.04986415
   -0.04967482
    0.07834413
   -0.16966737
   -0.04972482
    0.07713433
   -0.17105881
    0.03447143
    0.03533024
    0.03542609
    0.03444949
    0.04983497
    0.03497099
    0.03492673
    0.04908676
    0.03492642
    0.03497362
    0.04983498
    0.19674916
   -0.05075739
   -0.04899408
    0.07818778
    0.01844106
    0.07818949
   -0.04897500
   -0.05076206
    0.07708184
   -0.17103239
   -0.04970125
    0.07832037
   -0.04966882
   -0.04985656
    0.07909894
   -0.16967288
   -0.05145675
    0.07909597
   -0.04985789
   -0.04967197
    0.07832868
   -0.16966807
   -0.04969565
    0.07708128
   -0.17102823
    0.03444250
    0.03533773
    0.03531756
    0.03444206
    0.04984565
    0.03497428
    0.03492494
    0.04908214
    0.03492357
    0.03497159
    0.04984773
   -0.02827992
   -0.02809258
   -0.02807728
   -0.02811150
   -0.02811533
   -0.02828971
    0.19819874
   -0.05071004
   -0.04915219
    0.07855899
    0.01830473
    0.07846257
   -0.04936750
   -0.05070343
    0.07657602
   -0.17224985
   -0.04763676
    0.07652649
   -0.05073342
   -0.04917426
    0.07856821
   -0.17216195
    0.01840464
    0.07850409
   -0.04933496
   -0.05075472
    0.07652979
   -0.17215090
   -0.04765237
    0.07656224
   -0.17228699
    0.03402993
    0.03450360
    0.03483970
    0.03405019
    0.05014596
    0.03403999
    0.03467829
    0.03487253
    0.03404635
    0.05013563
    0.19828694
   -0.05074746
   -0.04932890
    0.07853859
    0.01843781
    0.07853066
   -0.04914857
   -0.05073211
    0.07652653
   -0.17217586
   -0.04763580
    0.07653600
   -0.05071860
   -0.04925200
    0.07854835
   -0.17227763
    0.01833588
    0.07853417
   -0.04928744
   -0.05073611
    0.07652707
   -0.17223845
   -0.04760137
    0.07649902
   -0.17214396
    0.03405611
    0.03489765
    0.03465509
    0.03404689
    0.05015177
    0.03403127
    0.03465656
    0.03461667
    0.03403544
    0.05016794
