           2           3   1.6509596037027825     
           3           4   1.1740277524647513     
           4           5   1.2556832284742308     
           5           6   1.2553718374557445     
           6           7   1.1741167643641495     
           7           8   1.6508119304463515     
           8           9   1.1666728117914138     
           1          10  0.53305471394794379     
           6          10   1.2868468684028200     
           9          10   1.2501715590621774     
           9          11   1.3541280657272985     
          11          12   1.3524246496291854     
          12          13   1.1579095996778797     
          13          14   1.6660419330906266     
          14          15   1.1575374506166667     
           1          16  0.53463303094351855     
          12          16   1.2629641814759831     
          15          16   1.2653470715536375     
          15          17   1.3515129592577346     
          17          18   1.3514621283322237     
          18          19   1.1575346608284212     
          19          20   1.6660056511809254     
          20          21   1.1579484946335976     
           1          22  0.53462815728212398     
          18          22   1.2654002150305945     
          21          22   1.2629048419522846     
          21          23   1.3524435993724115     
           2          24   1.1665710380520293     
          23          24   1.3541059238188424     
           1          25  0.53299969115934476     
           4          25   1.2865963884595693     
          24          25   1.2503124483183050     
           2          26  0.97229557965251967     
           3          27  0.96812671361196867     
           7          28  0.96823022020859240     
           8          29  0.97229751603787462     
          11          30  0.96383125403025849     
          13          31  0.97221101798460419     
          14          32  0.97222879279023144     
          17          33  0.96422945714744213     
          19          34  0.97223389910724334     
          20          35  0.97221007435081497     
          23          36  0.96382232386558986     
          38          39   1.6506430713724463     
          39          40   1.1743041819054150     
          40          41   1.2549173586640343     
          41          42   1.2550374116987899     
          42          43   1.1743363653375090     
          43          44   1.6506224788974595     
          44          45   1.1667304109550918     
          37          46  0.53307103069980566     
          42          46   1.2867903816585498     
          45          46   1.2502286816601973     
          45          47   1.3540140300635102     
          47          48   1.3524878454195051     
          48          49   1.1579243886457120     
          49          50   1.6660174819990141     
          50          51   1.1575324154130697     
          37          52  0.53470531015333267     
          48          52   1.2628780727838416     
          51          52   1.2654119432922311     
          51          53   1.3514427015085861     
          53          54   1.3514714313721921     
          54          55   1.1575257905396750     
          55          56   1.6660369757571041     
          56          57   1.1578998101902314     
          37          58  0.53462212877611826     
          54          58   1.2653845850964416     
          57          58   1.2629585783632022     
          57          59   1.3524346450765541     
          38          60   1.1667293025895171     
          59          60   1.3540765302618474     
          37          61  0.53295110031242887     
          40          61   1.2869399934350285     
          60          61   1.2501584597377158     
          38          62  0.97229960207973987     
          39          63  0.96778477174640298     
          43          64  0.96759675153866442     
          44          65  0.97229834978208718     
          47          66  0.96381517967060792     
          49          67  0.97220919623410262     
          50          68  0.97223230579720243     
          53          69  0.96423412418311283     
          55          70  0.97223219937127281     
          56          71  0.97221016645034897     
          59          72  0.96381705675022189     
           5          73   1.1702604606170233     
          73          74   2.5759546440520324     
          75          76   2.5712063379985879     
          41          78   1.1714694749304491     
          77          78   2.5752292264068792     
          80          81   1.6501515261505766     
          81          82   1.1743405817285155     
          74          83   1.1718553140150838     
          82          83   1.2535551217156058     
          83          84   1.2529729032987487     
          84          85   1.1743339104441328     
          85          86   1.6502503740226659     
          86          87   1.1672745958108914     
          79          88  0.52861411515915102     
          84          88   1.2893553039562655     
          87          88   1.2492751873315708     
          87          89   1.3537991365691728     
          89          90   1.3537223672506375     
          90          91   1.1676134608674285     
          91          92   1.6496328164488019     
          92          93   1.1748389012100851     
          79          94  0.52871727087714915     
          90          94   1.2490049227740558     
          93          94   1.2898178686221073     
          75          95   1.1750132107060061     
          93          95   1.2519765858322025     
          95          96   1.2517108615605244     
          96          97   1.1749404384442845     
          97          98   1.6495867313936285     
          98          99   1.1675863844598051     
          79         100  0.52891252283521628     
          96         100   1.2896770657719947     
          99         100   1.2490738546380931     
          99         101   1.3536897011844302     
          80         102   1.1673455195776057     
         101         102   1.3537596970308341     
          79         103  0.52855874661017710     
          82         103   1.2893124108060587     
         102         103   1.2493151036700267     
          80         104  0.97233292825659423     
          81         105  0.96824764253424633     
          85         106  0.96830926012199547     
          86         107  0.97232822817631692     
          89         108  0.96352453273174232     
          91         109  0.97233266077249680     
          92         110  0.96791234229024581     
          97         111  0.96771768063316688     
          98         112  0.97233255470701763     
         101         113  0.96352966002094242     
         115         116   1.6495230672048384     
         116         117   1.1749379691007680     
          76         118   1.1750776849794353     
         117         118   1.2514611898286017     
         118         119   1.2521298814405917     
         119         120   1.1749644285929672     
         120         121   1.6495842440699244     
         121         122   1.1675760897974534     
         114         123  0.52882090497119827     
         119         123   1.2894641576602965     
         122         123   1.2492774578226309     
         122         124   1.3534899470084825     
         124         125   1.3539150509943350     
         125         126   1.1673100121391602     
         126         127   1.6500977534630468     
         127         128   1.1744885767809992     
         114         129  0.52859982357347157     
         125         129   1.2491442756025242     
         128         129   1.2895185700934826     
          77         130   1.1731051330886002     
         128         130   1.2527950842344491     
         130         131   1.2525662958918731     
         131         132   1.1745527765918045     
         132         133   1.6499626811940342     
         133         134   1.1674283660798790     
         114         135  0.52843509798484734     
         131         135   1.2896154051521838     
         134         135   1.2491235675032206     
         134         136   1.3537962116426687     
         115         137   1.1676905854236703     
         136         137   1.3537382025910691     
         114         138  0.52892634132693306     
         117         138   1.2899174177034134     
         137         138   1.2488425817795887     
         115         139  0.97233125450257407     
         116         140  0.96770028409775333     
         120         141  0.96793912402196591     
         121         142  0.97233567197856552     
         124         143  0.96351853939100940     
         126         144  0.97233152788202715     
         127         145  0.96788676342851732     
         132         146  0.96770016991622743     
         133         147  0.97233222853562984     
         136         148  0.96350740742872587     
