   -0.05481414
   -0.05310667
    0.08700323
    0.01184343
    0.06415724
   -0.04981019
   -0.05182544
    0.06422385
   -0.08108355
   -0.05501683
    0.08674264
   -0.05376887
   -0.05381321
    0.08646493
   -0.32096708
   -0.05678622
    0.06500662
   -0.05108947
   -0.05089435
    0.06561216
   -0.08096965
   -0.05498278
    0.08547909
   -0.32474348
    0.01848293
    0.02065462
    0.04323847
    0.04137354
    0.21408206
    0.04692233
    0.01941577
    0.01943085
    0.04610751
    0.04186014
    0.04180998
    0.21436362
    0.04695198
   -0.05481216
   -0.05307872
    0.08711455
    0.01184892
    0.06415634
   -0.04983349
   -0.05181939
    0.06416874
   -0.08102136
   -0.05500176
    0.08671922
   -0.05376783
   -0.05381499
    0.08649316
   -0.32099157
   -0.05677336
    0.06503168
   -0.05109533
   -0.05089812
    0.06557709
   -0.08090298
   -0.05495162
    0.08544109
   -0.32478209
    0.01848468
    0.02062691
    0.04324716
    0.04139661
    0.21406986
    0.04692147
    0.01942374
    0.01942789
    0.04612439
    0.04186146
    0.04181815
    0.21434445
    0.04693802
   -0.02191671
   -0.01136003
   -0.01071222
   -0.02252481
   -0.02256210
   -0.01074607
   -0.01141863
   -0.02193308
   -0.05460456
   -0.05296502
    0.08681102
    0.01204873
    0.06354656
   -0.05014014
   -0.05185381
    0.06401109
   -0.08134348
   -0.05285909
    0.08517702
   -0.05460510
   -0.05295826
    0.08685440
   -0.32407383
    0.01204116
    0.06354398
   -0.05014558
   -0.05185152
    0.06399344
   -0.08133911
   -0.05287291
    0.08519024
   -0.32409516
    0.01856171
    0.02062282
    0.04291709
    0.04115751
    0.21436934
    0.04760049
    0.01855522
    0.02059580
    0.04290732
    0.04116347
    0.21436369
    0.04760327
