           1           2   1.7164870917363748     
           2           3   1.1215505272149793     
           3           4   1.2433918237507149     
           4           5   1.2482406063894580     
           5           6   1.2373074941992179     
           6           7   1.5922361178359159     
           7           8   1.2242316368149408     
           5           9   1.2259024533393108     
           8           9   1.2019839729166888     
           8          10   1.3441706701204450     
          10          11   1.3573484974586605     
          11          12   1.1068578150377357     
          12          13   1.7309149244468045     
          13          14   1.1088318044367593     
          11          15   1.3238257400537297     
          14          15   1.3253725277940187     
          14          16   1.3536589839682491     
          16          17   1.3465639356959711     
          17          18   1.2156960779746619     
          18          19   1.6079988712143567     
          19          20   1.2153192593079505     
          17          21   1.2097846000312682     
          20          21   1.2111262400759117     
          20          22   1.3418908131269545     
           1          23   1.1149777901147615     
          22          23   1.3666161394689373     
           3          24   1.3620129756009920     
          23          24   1.2989041770142793     
           1          25  0.97278779520851089     
           2          26  0.97152423830570622     
           6          27  0.97185574802401675     
           7          28  0.97293076434988368     
           9          29  0.90010809767123334     
          10          30  0.96372606932428906     
          12          31  0.97274340156322159     
          13          32  0.97279196057560269     
          16          33  0.96472265136285229     
          18          34  0.97290154723551947     
          19          35  0.97283527485085752     
          21          36  0.90041487900656803     
          22          37  0.96356338124224383     
          38          39   1.7164153481146420     
          39          40   1.1214587649896086     
          40          41   1.2429944753275541     
          41          42   1.2478389028757249     
          42          43   1.2373864373800993     
          43          44   1.5920816399343267     
          44          45   1.2243748729769817     
          42          46   1.2260369552771067     
          45          46   1.2018695232702123     
          45          47   1.3441363625477840     
          47          48   1.3573272485558168     
          48          49   1.1069234711829135     
          49          50   1.7308972179720841     
          50          51   1.1087758090477560     
          48          52   1.3237806096718205     
          51          52   1.3254042740600775     
          51          53   1.3536816116607531     
          53          54   1.3465003292564499     
          54          55   1.2157218787296458     
          55          56   1.6078503807427873     
          56          57   1.2155152614080909     
          54          58   1.2097958533127275     
          57          58   1.2111136241351512     
          57          59   1.3416575880728718     
          38          60   1.1150852246452205     
          59          60   1.3669186228916841     
          40          61   1.3626096564740386     
          60          61   1.2984324422901565     
          38          62  0.97278935318080717     
          39          63  0.97150935091782464     
          43          64  0.97185793451462232     
          44          65  0.97293239851684710     
          46          66  0.90024108936185099     
          47          67  0.96375714675439472     
          49          68  0.97274311629760124     
          50          69  0.97278911992959438     
          53          70  0.96469668425373600     
          55          71  0.97290099394628837     
          56          72  0.97283587687360307     
          58          73  0.90054231830588727     
          59          74  0.96359356686493414     
           4          75   1.1912691628248713     
          75          76   2.4615901037192076     
          76          77   1.3102237790386224     
          75          78  0.20157215808280735     
          77          78   2.4593334699651259     
          79          80   2.4586113443564246     
          80          81   1.3109980782472204     
          41          82   1.1920067281010012     
          79          82  0.20173850216176598     
          81          82   2.4608123479641710     
          83          84   1.7155466733788229     
          84          85   1.1234934209593459     
          78          86   1.1950243806722405     
          85          86   1.2418081033308965     
          86          87   1.2437305002755692     
          87          88   1.2413442468967273     
          88          89   1.5873336063070944     
          89          90   1.2279880329353638     
          87          91   1.2264635025823798     
          90          91   1.2031750747945575     
          90          92   1.3356885395729030     
          92          93   1.3714023920959613     
          93          94   1.1149801502720620     
          94          95   1.7155331072800373     
          95          96   1.1234832112052471     
          93          97   1.2951119147751342     
          96          97   1.3627695112336520     
          79          98   1.1957510878565680     
          96          98   1.2414045043533610     
          98          99   1.2435078409800258     
          99         100   1.2413524238552518     
         100         101   1.5873472083924662     
         101         102   1.2279518957342692     
          99         103   1.2266094620432251     
         102         103   1.2030645796384998     
         102         104   1.3358580461411358     
          83         105   1.1149842374625563     
         104         105   1.3711567456397562     
          85         106   1.3623623218861038     
         105         106   1.2953781421070818     
          83         107  0.97277260387185638     
          84         108  0.97164062987818589     
          88         109  0.97203852799535206     
          89         110  0.97292890967049450     
          91         111  0.89771461147298293     
          92         112  0.96302785259031543     
          94         113  0.97277552584057581     
          95         114  0.97164609997377838     
         100         115  0.97204060400378078     
         101         116  0.97293205152352724     
         103         117  0.89774559210110205     
         104         118  0.96303040037675114     
