    0.19520025
   -0.05083911
   -0.04902797
    0.07808273
    0.01825981
    0.07805745
   -0.04907277
   -0.05084074
    0.07712102
   -0.17146364
   -0.04988279
    0.07826029
   -0.04983713
   -0.05000776
    0.07892557
   -0.16993763
   -0.05150197
    0.07893752
   -0.05000793
   -0.04985558
    0.07828396
   -0.16999728
   -0.04990891
    0.07712658
   -0.17147974
    0.03407033
    0.03498993
    0.03512548
    0.03406334
    0.04939879
    0.03454349
    0.03450123
    0.04869189
    0.03450791
    0.03454836
    0.04940007
   -0.02838106
   -0.02837672
    0.19518940
   -0.05082611
   -0.04904893
    0.07805741
    0.01827085
    0.07804696
   -0.04904495
   -0.05087298
    0.07713777
   -0.17149534
   -0.04992216
    0.07828641
   -0.04985429
   -0.05000404
    0.07894116
   -0.16995527
   -0.05150760
    0.07893607
   -0.05000467
   -0.04984498
    0.07824855
   -0.16997517
   -0.04988329
    0.07710777
   -0.17144148
    0.03405312
    0.03512384
    0.03496699
    0.03406928
    0.04939563
    0.03454801
    0.03450353
    0.04868611
    0.03450296
    0.03454360
    0.04938853
