           2           3   1.6521055652739753     
           3           4   1.1730978585795753     
           4           5   1.2573590179523162     
           5           6   1.2572505717639797     
           6           7   1.1732641090471283     
           7           8   1.6519255040605019     
           8           9   1.1660129082264423     
           1          10  0.53147347946216117     
           6          10   1.2864949736161357     
           9          10   1.2512132487482339     
           9          11   1.3540747503471426     
          11          12   1.3522982438145463     
          12          13   1.1577668524339775     
          13          14   1.6662750976620215     
          14          15   1.1574109144514269     
           1          16  0.53327330011064766     
          12          16   1.2635434198890723     
          15          16   1.2657470989804596     
          15          17   1.3514298069247781     
          17          18   1.3516363074171431     
          18          19   1.1575468606763624     
          19          20   1.6661582314756980     
          20          21   1.1578092349014064     
           1          22  0.53361432213471005     
          18          22   1.2654411333590199     
          21          22   1.2636493376021372     
          21          23   1.3521563736155036     
           2          24   1.1658669656923895     
          23          24   1.3541855468008346     
           1          25  0.53101376367087094     
           4          25   1.2865852779747842     
          24          25   1.2512990732670701     
           2          26  0.97232230084655824     
           3          27  0.96858662349896818     
           7          28  0.96905271010392324     
           8          29  0.97232500786702691     
          11          30  0.96389699995263944     
          13          31  0.97224263376793996     
          14          32  0.97226700860456872     
          17          33  0.96427911989698345     
          19          34  0.97226119691010271     
          20          35  0.97224495188286741     
          23          36  0.96389521851762305     
           5          37   1.1664242509113119     
          37          38   2.5812429346193633     
          40          41   1.6519370493838794     
          41          42   1.1732452948782024     
          38          43   1.1664309497326435     
          42          43   1.2572389397944046     
          43          44   1.2573885058262877     
          44          45   1.1732818493033490     
          45          46   1.6519589131312629     
          46          47   1.1659189426056056     
          39          48  0.53142633348123258     
          44          48   1.2862712827559801     
          47          48   1.2514281437318189     
          47          49   1.3539938905951976     
          49          50   1.3522958933714699     
          50          51   1.1575836032322584     
          51          52   1.6664468403255368     
          52          53   1.1572981523560049     
          39          54  0.53296744343863600     
          50          54   1.2637800838685009     
          53          54   1.2656868078842067     
          53          55   1.3516328119074417     
          55          56   1.3514097134075491     
          56          57   1.1575095866770855     
          57          58   1.6662237650372189     
          58          59   1.1577787894914318     
          39          60  0.53361571154086740     
          56          60   1.2656425290561306     
          59          60   1.2635065190198782     
          59          61   1.3523026908272755     
          40          62   1.1660059355016572     
          61          62   1.3540550357105063     
          39          63  0.53116567051158825     
          42          63   1.2865752453221408     
          62          63   1.2512727034465214     
          40          64  0.97232359045068184     
          41          65  0.96907156699666963     
          45          66  0.96857160701445488     
          46          67  0.97232697389815193     
          49          68  0.96389654773502131     
          51          69  0.97224796242484157     
          52          70  0.97226718807924706     
          55          71  0.96428622927301710     
          57          72  0.97226104821753356     
          58          73  0.97224464705504077     
          61          74  0.96389523526408494     
