    0.09845856
   -0.05331865
   -0.05136615
    0.07193896
    0.01838137
    0.07187493
   -0.05192895
   -0.05330494
    0.07170143
   -0.13041339
   -0.05026030
    0.07266855
   -0.05237001
   -0.05247753
    0.07296156
   -0.12910419
   -0.05185644
    0.07296513
   -0.05245521
   -0.05238465
    0.07265842
   -0.12910696
   -0.05029012
    0.07167864
   -0.13040107
    0.03391295
    0.03470151
    0.03599597
    0.03393009
    0.04933096
    0.03418768
    0.03410247
    0.04869593
    0.03410335
    0.03417068
    0.04930525
   -0.02889190
   -0.02970595
    0.09925489
   -0.05326004
   -0.05195668
    0.07151385
    0.01905178
    0.07177855
   -0.05114237
   -0.05335173
    0.07151491
   -0.13013160
   -0.04978542
    0.07245047
   -0.05233969
   -0.05247150
    0.07274119
   -0.12863557
   -0.05135477
    0.07272628
   -0.05244649
   -0.05239863
    0.07240516
   -0.12862910
   -0.04973922
    0.07139571
   -0.12957382
    0.03419059
    0.03598641
    0.03504590
    0.03403026
    0.04943617
    0.03437765
    0.03426715
    0.04884921
    0.03428015
    0.03433247
    0.04949986
