           2           3   1.6432369702976799     
           3           4   1.1815974793280009     
           4           5   1.2650428637731836     
           5           6   1.2644527325171395     
           6           7   1.1813237181069500     
           7           8   1.6433981509756421     
           8           9   1.1733635434628475     
           1          10  0.72157077667286595     
           6          10   1.2594087277774662     
           9          10   1.2294076750974838     
           9          11   1.3585333542621068     
          11          12   1.3590632915451510     
          12          13   1.1653896014548737     
          13          14   1.6576066549459103     
          14          15   1.1650429917519027     
           1          16  0.72435163963375149     
          12          16   1.2386008403330961     
          15          16   1.2419928250408763     
          15          17   1.3574712141660412     
          17          18   1.3578452040332671     
          18          19   1.1649396609797198     
          19          20   1.6575435933860003     
          20          21   1.1656259597982623     
           1          22  0.72428898496272098     
          18          22   1.2416590734923834     
          21          22   1.2390158450169335     
          21          23   1.3585388542240604     
           2          24   1.1732494410835650     
          23          24   1.3590712979304229     
           1          25  0.72207539576442548     
           4          25   1.2595843803028515     
          24          25   1.2289312653197071     
           2          26  0.97200445111572897     
           3          27  0.96805439643144564     
           7          28  0.96866857693829955     
           8          29  0.97199868415243595     
          11          30  0.96333716524070612     
          13          31  0.97192451868939544     
          14          32  0.97195219276025913     
          17          33  0.96363414083716570     
          19          34  0.97195590576995528     
          20          35  0.97192772572085728     
          23          36  0.96334312379338749     
           5          37   1.1605368464890939     
          37          38   2.5883393299361392     
          40          41   1.6422854078213480     
          41          42   1.1820424758089587     
          38          43   1.1622242990392242     
          42          43   1.2608603260958247     
          43          44   1.2646503729030956     
          44          45   1.1816685711127657     
          45          46   1.6423665649679655     
          46          47   1.1737202277770729     
          39          48  0.72285410047200982     
          44          48   1.2580725874463554     
          47          48   1.2298471943035043     
          47          49   1.3562735641459081     
          49          50   1.3583424239963100     
          50          51   1.1654556762109372     
          51          52   1.6568149131851353     
          52          53   1.1654197514785265     
          39          54  0.72624445040206409     
          50          54   1.2374313675846302     
          53          54   1.2417597489952683     
          53          55   1.3555965020672160     
          55          56   1.3568848373539224     
          56          57   1.1651686351775878     
          57          58   1.6564958734409934     
          58          59   1.1662068655549074     
          39          60  0.72580205789886432     
          56          60   1.2405389460220611     
          59          60   1.2391155839614005     
          59          61   1.3561837038512072     
          40          62   1.1735375085878985     
          61          62   1.3587572587694161     
          39          63  0.72403418646707129     
          42          63   1.2604337948742734     
          62          63   1.2269302189771700     
          40          64  0.97198477379972958     
          41          65  0.96875021152958796     
          45          66  0.96820603906680069     
          46          67  0.97201422180107733     
          49          68  0.96352160032456613     
          51          69  0.97192086266835798     
          52          70  0.97194682040893943     
          55          71  0.96379239883471357     
          57          72  0.97195914384845639     
          58          73  0.97192968696563720     
          61          74  0.96351017301861142     
