    0.24432368
   -0.05205028
   -0.05054971
    0.07663750
    0.01816740
    0.07666624
   -0.05041308
   -0.05205361
    0.07571564
   -0.17643113
   -0.05008866
    0.07684260
   -0.05106304
   -0.05121071
    0.07736614
   -0.17472121
   -0.05174676
    0.07736316
   -0.05121501
   -0.05106525
    0.07683411
   -0.17469482
   -0.05007302
    0.07570344
   -0.17643194
    0.03379358
    0.03504557
    0.03485916
    0.03379407
    0.04910267
    0.03419629
    0.03412790
    0.04846363
    0.03412850
    0.03419661
    0.04910953
    0.24436206
   -0.05209427
   -0.05065679
    0.07667799
    0.01820355
    0.07672121
   -0.05043296
   -0.05208654
    0.07566192
   -0.17642706
   -0.05002596
    0.07683424
   -0.05106407
   -0.05120884
    0.07737067
   -0.17467680
   -0.05171054
    0.07737729
   -0.05121229
   -0.05106358
    0.07683033
   -0.17472669
   -0.05000968
    0.07564394
   -0.17634142
    0.03379208
    0.03510643
    0.03479804
    0.03377756
    0.04913485
    0.03420959
    0.03414208
    0.04848172
    0.03413678
    0.03420482
    0.04914644
   -0.02835644
   -0.02913776
   -0.02861165
   -0.02887491
   -0.02866889
   -0.02875122
   -0.02875026
   -0.02867349
   -0.02885414
   -0.02859811
   -0.02919913
   -0.02844307
    0.24584147
   -0.05187126
   -0.05051786
    0.07682371
    0.01856831
    0.07689512
   -0.05034058
   -0.05187595
    0.07527352
   -0.17638565
   -0.04816091
    0.07512013
   -0.05193032
   -0.05071145
    0.07695747
   -0.17629936
    0.01819005
    0.07700294
   -0.05057063
   -0.05192970
    0.07513426
   -0.17638361
   -0.04816309
    0.07526804
   -0.17631063
    0.03400079
    0.03537638
    0.03515105
    0.03398483
    0.04987370
    0.03394874
    0.03507269
    0.03489525
    0.03393247
    0.04987588
    0.24602916
   -0.05193060
   -0.05054508
    0.07698210
    0.01849835
    0.07698292
   -0.05061196
   -0.05193490
    0.07510557
   -0.17632017
   -0.04793344
    0.07506553
   -0.05194305
   -0.05072738
    0.07700498
   -0.17628354
    0.01835963
    0.07704466
   -0.05056145
   -0.05193770
    0.07508249
   -0.17634561
   -0.04794527
    0.07511226
   -0.17630476
    0.03399626
    0.03498646
    0.03513690
    0.03398779
    0.04999865
    0.03398918
    0.03510798
    0.03491258
    0.03397343
    0.04998924
    0.24612301
   -0.05193214
   -0.05055896
    0.07704162
    0.01846270
    0.07701300
   -0.05067409
   -0.05194773
    0.07505858
   -0.17626796
   -0.04787376
    0.07505742
   -0.05195694
   -0.05052391
    0.07706267
   -0.17639021
    0.01847895
    0.07700654
   -0.05073683
   -0.05197225
    0.07504786
   -0.17626220
   -0.04787566
    0.07507449
   -0.17638845
    0.03399720
    0.03494022
    0.03509959
    0.03400252
    0.05003219
    0.03398212
    0.03483156
    0.03512402
    0.03400199
    0.05003905
    0.24603337
   -0.05197821
   -0.05075428
    0.07702218
    0.01839190
    0.07704360
   -0.05056428
   -0.05195586
    0.07506270
   -0.17630850
   -0.04793975
    0.07511599
   -0.05191634
   -0.05052952
    0.07699646
   -0.17631346
    0.01849320
    0.07697768
   -0.05061883
   -0.05192994
    0.07510069
   -0.17629853
   -0.04791368
    0.07504928
   -0.17630889
    0.03397810
    0.03507228
    0.03487261
    0.03397080
    0.04999502
    0.03399288
    0.03503893
    0.03510748
    0.03400467
    0.05001305
    0.24589157
   -0.05191845
   -0.05066714
    0.07697299
    0.01819093
    0.07699262
   -0.05059867
   -0.05192602
    0.07511830
   -0.17636959
   -0.04810040
    0.07519748
   -0.05193127
   -0.05061711
    0.07686480
   -0.17630358
    0.01858810
    0.07692815
   -0.05037179
   -0.05191641
    0.07522180
   -0.17637273
   -0.04812123
    0.07512585
   -0.17632743
    0.03394523
    0.03506193
    0.03491983
    0.03394306
    0.04989627
    0.03397669
    0.03533118
    0.03507344
    0.03395686
    0.04988258
