           2           3   1.6518205334371874     
           3           4   1.1777496018872766     
           4           5   1.2596633203585073     
           5           6   1.2600483536360247     
           6           7   1.1777310147885030     
           7           8   1.6518571471208916     
           8           9   1.1703614366689192     
           1          10  0.48884149526912302     
           6          10   1.2835427407767352     
           9          10   1.2488705510832472     
           9          11   1.3565873802105088     
          11          12   1.3547856311674680     
          12          13   1.1625704462338531     
          13          14   1.6658881303144413     
          14          15   1.1619254400833525     
           1          16  0.49199927868518556     
          12          16   1.2606167000796482     
          15          16   1.2631760237144249     
          15          17   1.3542587589500326     
          17          18   1.3541872652981275     
          18          19   1.1619647795080985     
          19          20   1.6658385527057267     
          20          21   1.1626069696964889     
           1          22  0.49204209475328481     
          18          22   1.2631906195647646     
          21          22   1.2605974005108336     
          21          23   1.3547652599740347     
           2          24   1.1704001709646226     
          23          24   1.3566230613265322     
           1          25  0.48870123044633268     
           4          25   1.2837139607142469     
          24          25   1.2487914260348023     
           2          26  0.97241010370911218     
           3          27  0.96936809905166854     
           7          28  0.96943357030218791     
           8          29  0.97241137447790349     
          11          30  0.96394098382566629     
          13          31  0.97234091859287886     
          14          32  0.97236231685680230     
          17          33  0.96425222176246184     
          19          34  0.97236237252263635     
          20          35  0.97234033400886477     
          23          36  0.96393895355382908     
          38          39   1.6513879706308676     
          39          40   1.1781407645245598     
          40          41   1.2583730025757682     
          41          42   1.2588897626784179     
          42          43   1.1780824930964555     
          43          44   1.6514764523322387     
          44          45   1.1705360525498847     
          37          46  0.48872487913666540     
          42          46   1.2841335511658445     
          45          46   1.2485481736073771     
          45          47   1.3567210929036644     
          47          48   1.3546216606681949     
          48          49   1.1626225821070775     
          49          50   1.6658146283561690     
          50          51   1.1619612417375655     
          37          52  0.49195779518621768     
          48          52   1.2606560702561194     
          51          52   1.2631801340162925     
          51          53   1.3541987531192501     
          53          54   1.3541362164818058     
          54          55   1.1619546214531327     
          55          56   1.6657962059797236     
          56          57   1.1626374621497142     
          37          58  0.49180070168594325     
          54          58   1.2632590781726252     
          57          58   1.2606499985099113     
          57          59   1.3546261039061924     
          38          60   1.1706301295589110     
          59          60   1.3567590567032490     
          37          61  0.48888885742100124     
          40          61   1.2842197993988498     
          60          61   1.2483714571939568     
          38          62  0.97240828442134752     
          39          63  0.96853737089616421     
          43          64  0.96886333287492676     
          44          65  0.97241387000134205     
          47          66  0.96393222754841756     
          49          67  0.97234070508111525     
          50          68  0.97236104978360305     
          53          69  0.96425234057092457     
          55          70  0.97236311203323877     
          56          71  0.97233995339460555     
          59          72  0.96392420379375743     
           5          73   1.1650157604087727     
          73          74   2.5802441375178637     
          75          76   2.5740503860483352     
          77          78   2.5727352912892649     
          79          80   2.5722723351034329     
          81          82   2.5740828214438594     
          41          84   1.1676721170624333     
          83          84   2.5785923544095000     
          86          87   1.6497681253732837     
          87          88   1.1790321896221376     
          74          89   1.1663880665092121     
          88          89   1.2578111768334479     
          89          90   1.2582650994700724     
          90          91   1.1789682429697006     
          91          92   1.6498101847997664     
          92          93   1.1721696868840346     
          85          94  0.48897907009630909     
          90          94   1.2845371403504520     
          93          94   1.2469562277891413     
          93          95   1.3554441463959535     
          95          96   1.3566218574162816     
          96          97   1.1724469186733946     
          97          98   1.6490959536466008     
          98          99   1.1797129088865321     
          85         100  0.48931943512888643     
          96         100   1.2456329016602734     
          99         100   1.2860027312271547     
          75         101   1.1723904114586154     
          99         101   1.2549947163590665     
         101         102   1.2554146304815148     
         102         103   1.1796750011866617     
         103         104   1.6491463134032700     
         104         105   1.1723918997868314     
          85         106  0.48918368563546938     
         102         106   1.2858618612842525     
         105         106   1.2458249469815710     
         105         107   1.3565513318364282     
          86         108   1.1721943976887690     
         107         108   1.3554819405518859     
          85         109  0.48905862875361067     
          88         109   1.2845763073359433     
         108         109   1.2468784988830368     
          86         110  0.97239050399485061     
          87         111  0.96935752205518100     
          91         112  0.96942968983802780     
          92         113  0.97239357281396432     
          95         114  0.96360699116872439     
          97         115  0.97239359577962559     
          98         116  0.96803690459162051     
         103         117  0.96802558724701104     
         104         118  0.97239674532985720     
         107         119  0.96360762503927877     
         121         122   1.6487409838447493     
         122         123   1.1799348999779360     
          76         124   1.1727013178172681     
         123         124   1.2549659247468681     
         124         125   1.2548874225031226     
         125         126   1.1799882151791223     
         126         127   1.6486667563197630     
         127         128   1.1727869017684638     
         120         129  0.48891553800269327     
         125         129   1.2859464433359182     
         128         129   1.2459517106826168     
         128         130   1.3557456995149435     
         130         131   1.3562433413810426     
         131         132   1.1727990912304935     
         132         133   1.6485802304772901     
         133         134   1.1801108543206513     
         120         135  0.48906983581777674     
         131         135   1.2454860974520332     
         134         135   1.2863659871933473     
          77         136   1.1740759430058361     
         134         136   1.2540446658848976     
         136         137   1.2544745874339489     
         137         138   1.1800744851933942     
         138         139   1.6486292082517402     
         139         140   1.1727446584920527     
         120         141  0.48897687126885203     
         137         141   1.2862358035098105     
         140         141   1.2456536994716128     
         140         142   1.3561636931849392     
         121         143   1.1727318255112915     
         142         143   1.3558030354877735     
         120         144  0.48894509291542759     
         123         144   1.2859552481226533     
         143         144   1.2459372431363687     
         121         145  0.97239747046198188     
         122         146  0.96802221759722673     
         126         147  0.96806447809333351     
         127         148  0.97239618994526711     
         130         149  0.96355651659164998     
         132         150  0.97239459164736375     
         133         151  0.96745312906890446     
         138         152  0.96770266334499233     
         139         153  0.97239663044500979     
         142         154  0.96356170059228496     
         156         157   1.6485376844319737     
         157         158   1.1801278657248115     
          78         159   1.1741946159405743     
         158         159   1.2542596670502111     
         159         160   1.2540538776629937     
         160         161   1.1802606703630039     
         161         162   1.6483842806471389     
         162         163   1.1729389943159130     
         155         164  0.48911678569915451     
         160         164   1.2862357628114125     
         163         164   1.2455898126864344     
         163         165   1.3559060978656365     
         165         166   1.3559965662866658     
         166         167   1.1728976974839957     
         167         168   1.6483645851783253     
         168         169   1.1803058318326793     
         155         170  0.48875565991559394     
         166         170   1.2455957092798786     
         169         170   1.2864607847406164     
          79         171   1.1750351517801483     
         169         171   1.2539193496637948     
         171         172   1.2536164618610894     
         172         173   1.1804192876247177     
         173         174   1.6482394313698399     
         174         175   1.1730134735858442     
         155         176  0.48911427215427056     
         172         176   1.2863264245878101     
         175         176   1.2455038464594483     
         175         177   1.3559250184833982     
         156         178   1.1728120340083472     
         177         178   1.3560033068910322     
         155         179  0.48874196091563860     
         158         179   1.2863356990185999     
         178         179   1.2456724437581568     
         156         180  0.97239824164461020     
         157         181  0.96771102889876992     
         161         182  0.96746553251308920     
         162         183  0.97239668420338587     
         165         184  0.96354132142021287     
         167         185  0.97239926713765756     
         168         186  0.96728494267596721     
         173         187  0.96686741837529422     
         174         188  0.97239470830099606     
         177         189  0.96353706271595296     
         191         192   1.6483829581873941     
         192         193   1.1802812228633202     
          80         194   1.1749376879558762     
         193         194   1.2536088525127322     
         194         195   1.2540938496180005     
         195         196   1.1802679966179757     
         196         197   1.6484619432122742     
         197         198   1.1728220322622047     
         190         199  0.48907521940024551     
         195         199   1.2863078140521405     
         198         199   1.2455729566055960     
         198         200   1.3561706410860250     
         200         201   1.3557659517997247     
         201         202   1.1727201749017824     
         202         203   1.6487726041788666     
         203         204   1.1798989044328139     
         190         205  0.48899082231210994     
         201         205   1.2460013076557537     
         204         205   1.2858412852477561     
          81         206   1.1723990453400424     
         204         206   1.2552116884762126     
         206         207   1.2548848295215516     
         207         208   1.1799212980664122     
         208         209   1.6487047096500933     
         209         210   1.1727664764144392     
         190         211  0.48889255604550330     
         207         211   1.2860209839296382     
         210         211   1.2458870233022741     
         210         212   1.3558174361022639     
         191         213   1.1728998500842855     
         212         213   1.3561978099261933     
         190         214  0.48892089760156537     
         193         214   1.2865467883564368     
         213         214   1.2454370113001278     
         191         215  0.97239422182920421     
         192         216  0.96686023741593474     
         196         217  0.96727024861522592     
         197         218  0.97239661111357201     
         200         219  0.96355964988472409     
         202         220  0.97239857287867670     
         203         221  0.96825899956785799     
         208         222  0.96817893508563502     
         209         223  0.97239548436158207     
         212         224  0.96355015265485922     
         226         227   1.6491301690093838     
         227         228   1.1796634094902265     
          82         229   1.1721359015211483     
         228         229   1.2552389977285967     
         229         230   1.2552926306216294     
         230         231   1.1796539117118414     
         231         232   1.6490984520119305     
         232         233   1.1724754617446949     
         225         234  0.48909915260207776     
         230         234   1.2859942144146645     
         233         234   1.2457304472201132     
         233         235   1.3564960198794402     
         235         236   1.3555697446907129     
         236         237   1.1724780559361987     
         237         238   1.6492793372755545     
         238         239   1.1794534198743487     
         225         240  0.48901155574339583     
         236         240   1.2464642135218276     
         239         240   1.2852238209612024     
          83         241   1.1690803526606512     
         239         241   1.2564255454288780     
         241         242   1.2571508708510779     
         242         243   1.1793906766118429     
         243         244   1.6493925839985750     
         244         245   1.1723761023396895     
         225         246  0.48899574495979203     
         242         246   1.2849661405677679     
         245         246   1.2466976061147874     
         245         247   1.3554945299001555     
         226         248   1.1724531980955266     
         247         248   1.3565080504835674     
         225         249  0.48925583245359955     
         228         249   1.2859112871831664     
         248         249   1.2457275530593357     
         226         250  0.97239588330475635     
         227         251  0.96817215889042452     
         231         252  0.96824883905483716     
         232         253  0.97239612423973598     
         235         254  0.96358969907830749     
         237         255  0.97239312475719752     
         238         256  0.96854399083021403     
         243         257  0.96886718565946706     
         244         258  0.97239727029218692     
         247         259  0.96359646984507985     
