    0.24464675
   -0.05197869
   -0.05038315
    0.07728394
    0.01698151
    0.07731081
   -0.05034447
   -0.05198220
    0.07563699
   -0.17680763
   -0.04973371
    0.07691690
   -0.05101024
   -0.05114888
    0.07742585
   -0.17474312
   -0.05149230
    0.07742764
   -0.05115047
   -0.05101106
    0.07691411
   -0.17475968
   -0.04972255
    0.07562408
   -0.17675422
    0.03371904
    0.03542749
    0.03545538
    0.03370191
    0.04924257
    0.03430586
    0.03422934
    0.04860816
    0.03422717
    0.03430372
    0.04925030
    0.24463577
   -0.05198015
   -0.05039687
    0.07725593
    0.01697668
    0.07730267
   -0.05033823
   -0.05197535
    0.07566520
   -0.17685291
   -0.04977366
    0.07692204
   -0.05101146
   -0.05114623
    0.07742342
   -0.17474384
   -0.05150899
    0.07742744
   -0.05115087
   -0.05101335
    0.07691889
   -0.17477889
   -0.04975278
    0.07564644
   -0.17676419
    0.03372571
    0.03547386
    0.03548124
    0.03370142
    0.04922456
    0.03430227
    0.03422498
    0.04859794
    0.03422008
    0.03429754
    0.04923850
   -0.02033390
   -0.01001523
   -0.00926959
   -0.02114963
   -0.02048130
   -0.00961411
   -0.00935742
   -0.02074082
   -0.02052127
   -0.00947370
   -0.00938342
   -0.02061933
   -0.02056167
   -0.00941473
   -0.00941511
   -0.02056027
   -0.02061896
   -0.00938052
   -0.00947746
   -0.02052182
   -0.02074817
   -0.00935832
   -0.00962147
   -0.02049003
   -0.02111236
   -0.00923618
   -0.00999132
   -0.02028379
    0.24637532
   -0.05181206
   -0.05037071
    0.07745605
    0.01743579
    0.07749029
   -0.05033075
   -0.05181510
    0.07516495
   -0.17685705
   -0.04759990
    0.07510623
   -0.05177237
   -0.05044147
    0.07756585
   -0.17687095
    0.01702924
    0.07758355
   -0.05043811
   -0.05177233
    0.07510999
   -0.17691260
   -0.04759515
    0.07515676
   -0.17681364
    0.03385489
    0.03557223
    0.03559843
    0.03383593
    0.04995788
    0.03384549
    0.03543261
    0.03543751
    0.03383957
    0.04996269
    0.24641337
   -0.05176929
   -0.05037499
    0.07755864
    0.01731226
    0.07754435
   -0.05039348
   -0.05176764
    0.07513021
   -0.17677085
   -0.04749125
    0.07512255
   -0.05175237
   -0.05041726
    0.07758099
   -0.17682003
    0.01717097
    0.07758426
   -0.05040212
   -0.05175237
    0.07512627
   -0.17681255
   -0.04749981
    0.07513930
   -0.17680721
    0.03391049
    0.03554885
    0.03555343
    0.03391932
    0.05006085
    0.03391389
    0.03549944
    0.03549453
    0.03391177
    0.05005525
    0.24641744
   -0.05175243
   -0.05038872
    0.07757450
    0.01727234
    0.07757116
   -0.05038517
   -0.05175165
    0.07513936
   -0.17678529
   -0.04748195
    0.07513715
   -0.05174740
   -0.05038714
    0.07758567
   -0.17678589
    0.01723458
    0.07757503
   -0.05039954
   -0.05174915
    0.07513599
   -0.17679230
   -0.04747967
    0.07513857
   -0.17677836
    0.03393953
    0.03554497
    0.03554110
    0.03393794
    0.05008500
    0.03393593
    0.03552387
    0.03553112
    0.03393897
    0.05008717
    0.24641572
   -0.05174671
   -0.05039341
    0.07758059
    0.01723297
    0.07757964
   -0.05039381
   -0.05174986
    0.07513707
   -0.17679396
   -0.04747960
    0.07513864
   -0.05175376
   -0.05038511
    0.07757454
   -0.17678256
    0.01727041
    0.07757065
   -0.05038841
   -0.05174999
    0.07513856
   -0.17677987
   -0.04748138
    0.07513502
   -0.17678021
    0.03393715
    0.03552843
    0.03552577
    0.03393655
    0.05008553
    0.03393767
    0.03554163
    0.03554426
    0.03393836
    0.05008570
    0.24641382
   -0.05175323
   -0.05042159
    0.07757074
    0.01716729
    0.07759275
   -0.05039751
   -0.05175250
    0.07512686
   -0.17681713
   -0.04750336
    0.07513967
   -0.05176862
   -0.05037350
    0.07755562
   -0.17680645
    0.01731417
    0.07754498
   -0.05039396
   -0.05176922
    0.07513158
   -0.17677612
   -0.04749208
    0.07512218
   -0.17681503
    0.03391458
    0.03550176
    0.03549182
    0.03390958
    0.05005148
    0.03390969
    0.03555416
    0.03554763
    0.03391794
    0.05006034
    0.24636876
   -0.05177114
   -0.05043832
    0.07757315
    0.01702085
    0.07758121
   -0.05043084
   -0.05177075
    0.07511942
   -0.17691333
   -0.04762431
    0.07518580
   -0.05180684
   -0.05038222
    0.07742861
   -0.17682025
    0.01744057
    0.07748985
   -0.05031967
   -0.05181104
    0.07520045
   -0.17689973
   -0.04763478
    0.07511980
   -0.17688408
    0.03384783
    0.03543520
    0.03544429
    0.03384242
    0.04995807
    0.03386758
    0.03562829
    0.03563706
    0.03384416
    0.04994772
