           2           3   1.6504575775868284     
           3           4   1.1792923711465284     
           4           5   1.2516016050582197     
           5           6   1.2519531844388505     
           6           7   1.1792710516394116     
           7           8   1.6504757137219603     
           8           9   1.1710262955515349     
           1          10  0.48893639825321877     
           6          10   1.2860987511592614     
           9          10   1.2468051199752999     
           9          11   1.3576777321550650     
          11          12   1.3538306165063898     
          12          13   1.1628053551054993     
          13          14   1.6655968374782208     
          14          15   1.1620693340838972     
           1          16  0.49140901650611180     
          12          16   1.2609708932688886     
          15          16   1.2631900203440223     
          15          17   1.3540946027483975     
          17          18   1.3540646578565989     
          18          19   1.1620675640775902     
          19          20   1.6655886071629724     
          20          21   1.1628130858055012     
           1          22  0.49133948075645995     
          18          22   1.2632219469475054     
          21          22   1.2609798488078299     
          21          23   1.3538157045567301     
           2          24   1.1710629976144982     
          23          24   1.3577226505823128     
           1          25  0.48896679198893234     
           4          25   1.2862047743834562     
          24          25   1.2466973802052062     
           2          26  0.97242310841291890     
           3          27  0.97097386387094176     
           7          28  0.97097695208177792     
           8          29  0.97242608129336772     
          11          30  0.96390738717726676     
          13          31  0.97233676859105689     
          14          32  0.97235609668986300     
          17          33  0.96423638178937598     
          19          34  0.97235691422611981     
          20          35  0.97233676878135156     
          23          36  0.96390350556094606     
          38          39   1.6506095506171961     
          39          40   1.1791586103569305     
          40          41   1.2519960940650599     
          41          42   1.2525529394853514     
          42          43   1.1791369448953826     
          43          44   1.6506308697852332     
          44          45   1.1709430902844129     
          37          46  0.48891912957139683     
          42          46   1.2857833924392450     
          45          46   1.2470119403939484     
          45          47   1.3575857899415493     
          47          48   1.3539229853329509     
          48          49   1.1627721992723601     
          49          50   1.6656424918953510     
          50          51   1.1620507481419819     
          37          52  0.49149162746437131     
          48          52   1.2609506331629552     
          51          52   1.2631671014714949     
          51          53   1.3541343085275352     
          53          54   1.3540841520442806     
          54          55   1.1620434975378011     
          55          56   1.6656342377796789     
          56          57   1.1627797324103597     
          37          58  0.49133083650067821     
          54          58   1.2632264637023676     
          57          58   1.2609825243885853     
          57          59   1.3538856166941240     
          38          60   1.1709974600729465     
          59          60   1.3576659136415528     
          37          61  0.48899590521594360     
          40          61   1.2859881069540275     
          60          61   1.2468291182200708     
          38          62  0.97242195501905093     
          39          63  0.97095629542858541     
          43          64  0.97097339885555400     
          44          65  0.97242510616805622     
          47          66  0.96390905262938820     
          49          67  0.97233684845861312     
          50          68  0.97235575485020986     
          53          69  0.96423630647094016     
          55          70  0.97235722151292137     
          56          71  0.97233708052076762     
          59          72  0.96390542554474179     
           5          73   1.1845135642607771     
          73          74   2.4702055950528496     
          74          75   1.3050522413405985     
          73          76  0.20283711094320298     
          75          76   2.4686112836537411     
          77          78   2.4658849882315144     
          78          79   1.3073338082448236     
          77          80  0.20243150806911658     
          79          80   2.4658012368869198     
          81          82   2.4657062346113712     
          82          83   1.3074124184154652     
          81          84  0.20239943048504191     
          83          84   2.4656913937445100     
          85          86   2.4657260465022031     
          86          87   1.3073841334961833     
          85          88  0.20238760839030395     
          87          88   2.4657301619394865     
          89          90   2.4657435360471545     
          90          91   1.3073803253708873     
          89          92  0.20238908554181259     
          91          92   2.4657394094152294     
          93          94   2.4658240061657692     
          94          95   1.3073223094855149     
          93          96  0.20245677439179896     
          95          96   2.4659360950520472     
          97          98   2.4694616843566881     
          98          99   1.3041059426729540     
          41         100   1.1834689914874044     
          97         100  0.20264655421370512     
          99         100   2.4710685019163736     
         102         103   1.6478791521291076     
         103         104   1.1809718068870316     
          76         105   1.1867826659702614     
         104         105   1.2493203009375655     
         105         106   1.2496511173589959     
         106         107   1.1809567814077420     
         107         108   1.6478829572970335     
         108         109   1.1732628631124018     
         101         110  0.48878086890904310     
         106         110   1.2871315457286643     
         109         110   1.2451018438131500     
         109         111   1.3556747999214926     
         111         112   1.3567642744702861     
         112         113   1.1730847692845663     
         113         114   1.6480545914356282     
         114         115   1.1808450754233935     
         101         116  0.48882174555876035     
         112         116   1.2443426696378312     
         115         116   1.2878640800240149     
          77         117   1.1881269570040709     
         115         117   1.2486705915648735     
         117         118   1.2487856615223119     
         118         119   1.1808438397438827     
         119         120   1.6480414670704957     
         120         121   1.1730841083239665     
         101         122  0.48873844954539925     
         118         122   1.2878341543045873     
         121         122   1.2443787232918686     
         121         123   1.3567454636585898     
         102         124   1.1732811596305570     
         123         124   1.3557248438368625     
         101         125  0.48880225978800557     
         104         125   1.2872155066010857     
         124         125   1.2450130450446686     
         102         126  0.97241205458264812     
         103         127  0.97097630847252092     
         107         128  0.97098152920680503     
         108         129  0.97241513924481771     
         111         130  0.96356935759760687     
         113         131  0.97241235079336363     
         114         132  0.97098954331608966     
         119         133  0.97098910388321680     
         120         134  0.97241283957276270     
         123         135  0.96356538484107068     
         137         138   1.6477445627746894     
         138         139   1.1810796901477398     
          80         140   1.1882821017509342     
         139         140   1.2487390593738461     
         140         141   1.2485914105688520     
         141         142   1.1810715315561864     
         142         143   1.6477410759346780     
         143         144   1.1733313134430163     
         136         145  0.48876497863528340     
         141         145   1.2877118835705779     
         144         145   1.2446255380629099     
         144         146   1.3560629672017273     
         146         147   1.3564175524270150     
         147         148   1.1732029730740321     
         148         149   1.6478925280287129     
         149         150   1.1809556514374691     
         136         151  0.48868995056422720     
         147         151   1.2444678447880357     
         150         151   1.2878596034775209     
          81         152   1.1882896827713663     
         150         152   1.2485602167179037     
         152         153   1.2486776547347045     
         153         154   1.1809738836359733     
         154         155   1.6478757091606273     
         155         156   1.1732111907196101     
         136         157  0.48877943913671079     
         153         157   1.2877832080686713     
         156         157   1.2444771846540446     
         156         158   1.3564129699548020     
         137         159   1.1733043618245673     
         158         159   1.3560369052459091     
         136         160  0.48871975288258745     
         139         160   1.2876407608323432     
         159         160   1.2447023274345046     
         137         161  0.97241136780462556     
         138         162  0.97098466546845219     
         142         163  0.97098250546404330     
         143         164  0.97240892598110729     
         146         165  0.96355153446907460     
         148         166  0.97240903794985789     
         149         167  0.97098608405864473     
         154         168  0.97098711537944138     
         155         169  0.97240898220327543     
         158         170  0.96355388316037938     
         172         173   1.6478069399234947     
         173         174   1.1810258982117336     
          84         175   1.1883207113754874     
         174         175   1.2486132363813729     
         175         176   1.2486417313202536     
         176         177   1.1810387174288599     
         177         178   1.6478023087374907     
         178         179   1.1732630313307235     
         171         180  0.48873274659258448     
         176         180   1.2877271244976354     
         179         180   1.2446093704669527     
         179         181   1.3561806951425648     
         181         182   1.3562714646278453     
         182         183   1.1732359662902097     
         183         184   1.6478404077276760     
         184         185   1.1810067160588242     
         171         186  0.48874316783570371     
         182         186   1.2445613100083364     
         185         186   1.2877585771613931     
          85         187   1.1882932716762549     
         185         187   1.2486557153360072     
         187         188   1.2485990467884269     
         188         189   1.1809950985735145     
         189         190   1.6478498536633119     
         190         191   1.1732336095903195     
         171         192  0.48871806844529442     
         188         192   1.2877888047803181     
         191         192   1.2445438265682123     
         191         193   1.3562842738828822     
         172         194   1.1732674911365242     
         193         194   1.3561874235026814     
         171         195  0.48873271628541604     
         174         195   1.2877542643174440     
         194         195   1.2445893647299460     
         172         196  0.97240787365932757     
         173         197  0.97098139430945818     
         177         198  0.97098702961600436     
         178         199  0.97240857269410463     
         181         200  0.96354915172910283     
         183         201  0.97240797989714001     
         184         202  0.97098724759998900     
         189         203  0.97098310101692242     
         190         204  0.97240768502011399     
         193         205  0.96354803533586886     
         207         208   1.6478414019997309     
         208         209   1.1810096128650565     
          88         210   1.1882884605676081     
         209         210   1.2486298926027493     
         210         211   1.2486270928683931     
         211         212   1.1809823362740550     
         212         213   1.6478575153491219     
         213         214   1.1732317444818559     
         206         215  0.48871457367996896     
         211         215   1.2877969283406396     
         214         215   1.2445459716528811     
         214         216   1.3562827397562540     
         216         217   1.3561929550926024     
         217         218   1.1732612875347299     
         218         219   1.6478180489231085     
         219         220   1.1810129451019913     
         206         221  0.48873136214765722     
         217         221   1.2445871678441536     
         220         221   1.2877662470253934     
          89         222   1.1882980348754923     
         220         222   1.2486377665521005     
         222         223   1.2486326320874281     
         223         224   1.1810326499402954     
         224         225   1.6478108413479005     
         225         226   1.1732603864968563     
         206         227  0.48872012901385709     
         223         227   1.2877315770846791     
         226         227   1.2446150201485346     
         226         228   1.3561760005970178     
         207         229   1.1732360829355173     
         228         229   1.3562770223578280     
         206         230  0.48875339021621739     
         209         230   1.2877580592187532     
         229         230   1.2445548300192240     
         207         231  0.97240785832821142     
         208         232  0.97098942215488915     
         212         233  0.97098111454017066     
         213         234  0.97240778689722362     
         216         235  0.96354858712218150     
         218         236  0.97240809287941854     
         219         237  0.97097712359145549     
         224         238  0.97099139311649363     
         225         239  0.97240844739448085     
         228         240  0.96354821922438216     
         242         243   1.6478811584247124     
         243         244   1.1809645501209478     
          92         245   1.1882745460325084     
         244         245   1.2485537285590218     
         245         246   1.2486964104838203     
         246         247   1.1809594167862347     
         247         248   1.6478928948439213     
         248         249   1.1731977957153359     
         241         250  0.48876401377683282     
         246         250   1.2877938782532623     
         249         250   1.2444832301889637     
         249         251   1.3564210320831456     
         251         252   1.3560363656397976     
         252         253   1.1733075136059381     
         253         254   1.6477550906691869     
         254         255   1.1810634804657307     
         241         256  0.48874051689858189     
         252         256   1.2446982719840392     
         255         256   1.2876290015449698     
          93         257   1.1882684213063610     
         255         257   1.2487844505262533     
         257         258   1.2485654927228860     
         258         259   1.1810671653822256     
         259         260   1.6477528913026585     
         260         261   1.1733225208689326     
         241         262  0.48873196716809209     
         258         262   1.2877221607970561     
         261         262   1.2446433939967312     
         261         263   1.3560608535477048     
         242         264   1.1732214025784706     
         263         264   1.3564218381287492     
         241         265  0.48872661321141087     
         244         265   1.2878462868326668     
         264         265   1.2444522503742821     
         242         266  0.97240847790407869     
         243         267  0.97098801063827589     
         247         268  0.97098491595566094     
         248         269  0.97240955786488859     
         251         270  0.96355431593130558     
         253         271  0.97241074101477654     
         254         272  0.97098528518217420     
         259         273  0.97098198551904447     
         260         274  0.97240961452333985     
         263         275  0.96355142196184562     
         277         278   1.6481015490569497     
         278         279   1.1808127916547422     
          96         280   1.1880680092979758     
         279         280   1.2487589345169940     
         280         281   1.2488103269372843     
         281         282   1.1808030488690413     
         282         283   1.6481049805937944     
         283         284   1.1730396417568136     
         276         285  0.48877426633621374     
         281         285   1.2878305377994852     
         284         285   1.2443770191111727     
         284         286   1.3568211105889494     
         286         287   1.3556345968326264     
         287         288   1.1732229628813720     
         288         289   1.6480084420247278     
         289         290   1.1808642689257269     
         276         291  0.48882963469227675     
         287         291   1.2451754927136194     
         290         291   1.2869414255992058     
          97         292   1.1857510470440440     
         290         292   1.2497463952374599     
         292         293   1.2502086270620532     
         293         294   1.1807995877648769     
         294         295   1.6480471260774339     
         295         296   1.1731722688633002     
         276         297  0.48876709589258943     
         293         297   1.2868659978603394     
         296         297   1.2452741711493525     
         296         298   1.3556070515787662     
         277         299   1.1730463770380810     
         298         299   1.3568427402892123     
         276         300  0.48886042561407195     
         279         300   1.2878289294539393     
         299         300   1.2443320353084804     
         277         301  0.97241190912762099     
         278         302  0.97098558457781614     
         282         303  0.97099174268772426     
         283         304  0.97241264563227758     
         286         305  0.96356720984347111     
         288         306  0.97241056157271089     
         289         307  0.97097547704708098     
         294         308  0.97096040703021436     
         295         309  0.97241390473294875     
         298         310  0.96357031732183074     
