   -0.05461710
   -0.05305281
    0.08719405
    0.01132897
    0.06411538
   -0.04991552
   -0.05171364
    0.06442732
   -0.08129000
   -0.05487058
    0.08691141
   -0.05369017
   -0.05370327
    0.08647618
   -0.32071984
   -0.05655678
    0.06502732
   -0.05094843
   -0.05081515
    0.06582468
   -0.08091813
   -0.05487536
    0.08566682
   -0.32486889
    0.01876222
    0.02123830
    0.04334538
    0.04150218
    0.21421303
    0.04713954
    0.01961964
    0.01966999
    0.04632820
    0.04209165
    0.04203493
    0.21452886
    0.04721346
   -0.05463135
   -0.05304724
    0.08722633
    0.01134009
    0.06414080
   -0.04993440
   -0.05171470
    0.06439454
   -0.08122964
   -0.05485794
    0.08689978
   -0.05369115
   -0.05370532
    0.08649095
   -0.32072123
   -0.05654789
    0.06504582
   -0.05095098
   -0.05081647
    0.06579903
   -0.08087095
   -0.05486495
    0.08565319
   -0.32488194
    0.01876398
    0.02123396
    0.04336069
    0.04151918
    0.21419573
    0.04713920
    0.01962694
    0.01966894
    0.04634110
    0.04209198
    0.04204257
    0.21449580
    0.04721585
   -0.02017207
   -0.01192372
   -0.00293105
   -0.00372740
   -0.01093550
   -0.02099786
   -0.02035734
   -0.01120362
   -0.00298542
   -0.00315349
   -0.01101987
   -0.02052300
   -0.02052470
   -0.01102197
   -0.00314837
   -0.00297483
   -0.01121900
   -0.02036092
   -0.02101006
   -0.01096342
   -0.00374141
   -0.00295276
   -0.01194276
   -0.02018719
   -0.05440714
   -0.05290486
    0.08703437
    0.01193293
    0.06363075
   -0.05015697
   -0.05171844
    0.06422145
   -0.08139464
   -0.05260346
    0.08539881
   -0.05436602
   -0.05296127
    0.08717061
   -0.32400468
    0.01152712
    0.06376841
   -0.05025190
   -0.05165448
    0.06412365
   -0.08139909
   -0.05257410
    0.08539977
   -0.32393640
    0.01898797
    0.02135312
    0.04322431
    0.04143933
    0.21453107
    0.04799169
    0.01899989
    0.02126421
    0.04315203
    0.04146467
    0.21452045
    0.04801608
   -0.05435684
   -0.05293949
    0.08710421
    0.01172166
    0.06369506
   -0.05022461
   -0.05166360
    0.06419394
   -0.08138137
   -0.05249146
    0.08540029
   -0.05435461
   -0.05294067
    0.08710923
   -0.32385813
    0.01172370
    0.06369434
   -0.05022546
   -0.05166423
    0.06419313
   -0.08137916
   -0.05249409
    0.08540231
   -0.32385901
    0.01905838
    0.02133193
    0.04320901
    0.04150082
    0.21459164
    0.04809636
    0.01905861
    0.02133592
    0.04320780
    0.04150042
    0.21458874
    0.04809650
   -0.05437046
   -0.05297517
    0.08718448
    0.01153509
    0.06378962
   -0.05024956
   -0.05165342
    0.06409514
   -0.08134622
   -0.05256284
    0.08538020
   -0.05440662
   -0.05291253
    0.08706751
   -0.32394457
    0.01193590
    0.06364955
   -0.05016840
   -0.05172139
    0.06419169
   -0.08135006
   -0.05259000
    0.08539547
   -0.32401459
    0.01900814
    0.02126952
    0.04315567
    0.04146590
    0.21447998
    0.04801203
    0.01897933
    0.02135000
    0.04323755
    0.04144704
    0.21449792
    0.04799126
