           1           2   1.7164554982142630     
           2           3   1.1217178338798937     
           3           4   1.2422765425219813     
           4           5   1.2472789630467840     
           5           6   1.2373771035750405     
           6           7   1.5924932925121793     
           7           8   1.2238137014713564     
           5           9   1.2258183755554475     
           8           9   1.2020500366059317     
           8          10   1.3446134159290157     
          10          11   1.3569279204624132     
          11          12   1.1067298588052470     
          12          13   1.7309116891737883     
          13          14   1.1090138093321886     
          11          15   1.3243176446166869     
          14          15   1.3248813892444058     
          14          16   1.3539046897437965     
          16          17   1.3465391557444923     
          17          18   1.2157249599195752     
          18          19   1.6082670189696349     
          19          20   1.2149288162482499     
          17          21   1.2097273172054908     
          20          21   1.2116273030127545     
          20          22   1.3417271786729645     
           1          23   1.1149051304514808     
          22          23   1.3668900665561965     
           3          24   1.3619509657053535     
          23          24   1.2985232743859605     
           1          25  0.97277466428838610     
           2          26  0.97142827534677245     
           6          27  0.97185082717783966     
           7          28  0.97290881402830642     
           9          29  0.89964835851543556     
          10          30  0.96363673583874343     
          12          31  0.97273498231775524     
          13          32  0.97278762420762865     
          16          33  0.96474958668401523     
          18          34  0.97288229054479913     
          19          35  0.97281473826030818     
          21          36  0.89997437871552521     
          22          37  0.96347021467347937     
          38          39   1.7163845117057956     
          39          40   1.1217599931128719     
          40          41   1.2419890228964763     
          41          42   1.2470713168644250     
          42          43   1.2374305510760466     
          43          44   1.5923747039993186     
          44          45   1.2239269987662604     
          42          46   1.2259187369074520     
          45          46   1.2019631240340747     
          45          47   1.3445750192645602     
          47          48   1.3569417955789169     
          48          49   1.1067229658867126     
          49          50   1.7309497902388300     
          50          51   1.1089582383516199     
          48          52   1.3243018172856424     
          51          52   1.3249331670150519     
          51          53   1.3538936902864322     
          53          54   1.3465403215971758     
          54          55   1.2157026850434016     
          55          56   1.6082360312504265     
          56          57   1.2149920008379931     
          54          58   1.2097238352612143     
          57          58   1.2116123886428660     
          57          59   1.3416517063417897     
          38          60   1.1149265181657948     
          59          60   1.3669698009670515     
          40          61   1.3621728499964800     
          60          61   1.2983993617979677     
          38          62  0.97277903784467756     
          39          63  0.97142721469822702     
          43          64  0.97184534430462355     
          44          65  0.97291053174591824     
          46          66  0.89973904063558108     
          47          67  0.96365255636694025     
          49          68  0.97273606383403233     
          50          69  0.97278620201517751     
          53          70  0.96473416799221812     
          55          71  0.97288055450193045     
          56          72  0.97281591217471453     
          58          73  0.90007554025340886     
          59          74  0.96348744201175862     
           4          75   1.1937828592580257     
          75          76   2.4350428625154388     
          76          77   1.3365670523435911     
          75          78  0.19164078413740065     
          77          78   2.3496231809995076     
          78          79   1.3377009061716643     
          77          80  0.19131880976905291     
          79          80   2.4313599925772742     
          81          82   2.4284294642646693     
          82          83   1.3402263705797208     
          81          84  0.19098009753805970     
          83          84   2.3451247946060962     
          84          85   1.3402956750851653     
          83          86  0.19097127077354545     
          85          86   2.4282306626127559     
          87          88   2.4281537864751996     
          88          89   1.3403543003097274     
          87          90  0.19096298561996194     
          89          90   2.3450387110835313     
          90          91   1.3403123583043917     
          89          92  0.19099306754754197     
          91          92   2.4283035330835965     
          93          94   2.4309042064871784     
          94          95   1.3381414006030301     
          93          96  0.19135985928442015     
          95          96   2.3491223629670039     
          96          97   1.3370136208498209     
          41          98   1.1942429981371745     
          95          98  0.19167543405359050     
          97          98   2.4345234609208588     
          99         100   1.7153793574544034     
         100         101   1.1237719232264061     
          80         102   1.1983025517245336     
         101         102   1.2404581014852658     
         102         103   1.2423485898633970     
         103         104   1.2418228648921561     
         104         105   1.5869348285591380     
         105         106   1.2282181449001368     
         103         107   1.2264845219142624     
         106         107   1.2034394120465097     
         106         108   1.3350595203248321     
         108         109   1.3722751318963349     
         109         110   1.1148531278847373     
         110         111   1.7155957531352337     
         111         112   1.1235144383921620     
         109         113   1.2941006562930946     
         112         113   1.3636303263604201     
          81         114   1.1998815535939142     
         112         114   1.2391252213392685     
         114         115   1.2419404808869188     
         115         116   1.2414525018780422     
         116         117   1.5873503968102538     
         117         118   1.2278412033439785     
         115         119   1.2270693721289925     
         118         119   1.2027384137009616     
         118         120   1.3363164563913288     
          99         121   1.1150013541135300     
         120         121   1.3708223093719547     
         101         122   1.3621072002641192     
         121         122   1.2953659031410307     
          99         123  0.97276209920793499     
         100         124  0.97153831643138144     
         104         125  0.97201009379930214     
         105         126  0.97290654815407063     
         107         127  0.89734713137539412     
         108         128  0.96294062402599001     
         110         129  0.97276123658995339     
         111         130  0.97154784339558042     
         116         131  0.97200848082753433     
         117         132  0.97290375278121854     
         119         133  0.89741767379668980     
         120         134  0.96294207893643446     
         135         136   1.7154418379087395     
         136         137   1.1237193725470886     
          86         138   1.2001266779533299     
         137         138   1.2392113228851687     
         138         139   1.2416657357183898     
         139         140   1.2418341624553073     
         140         141   1.5868920913387186     
         141         142   1.2281898741836081     
         139         143   1.2269950541503412     
         142         143   1.2031067548433010     
         142         144   1.3354243366040421     
         144         145   1.3718878481328709     
         145         146   1.1149198190680660     
         146         147   1.7154426672156831     
         147         148   1.1237124149102191     
         145         149   1.2943609961201386     
         148         149   1.3632564417702830     
          87         150   1.2001775241301822     
         148         150   1.2391891327828151     
         150         151   1.2416489508599866     
         151         152   1.2418527116616143     
         152         153   1.5868637884097474     
         153         154   1.2282174472498280     
         151         155   1.2269932667972365     
         154         155   1.2031065554493692     
         154         156   1.3354004211090236     
         135         157   1.1149191577944750     
         156         157   1.3718907395276883     
         137         158   1.3632426092619738     
         157         158   1.2943715202950792     
         135         159  0.97275720740329075     
         136         160  0.97154831224335225     
         140         161  0.97201702612945551     
         141         162  0.97289899357960397     
         143         163  0.89716367723016210     
         144         164  0.96291330346058235     
         146         165  0.97275693583009271     
         147         166  0.97154524111746821     
         152         167  0.97201862742509348     
         153         168  0.97289946871376554     
         155         169  0.89717465530424956     
         156         170  0.96291554587867245     
         171         172   1.7156417646934217     
         172         173   1.1234534767640911     
          92         174   1.1999045729262852     
         173         174   1.2390578520359794     
         174         175   1.2419786251721581     
         175         176   1.2414317930824574     
         176         177   1.5873165563456424     
         177         178   1.2279179905051001     
         175         179   1.2270700786368995     
         178         179   1.2027189470797621     
         178         180   1.3362282144478237     
         180         181   1.3709503913987593     
         181         182   1.1150097907140439     
         182         183   1.7153989014645192     
         183         184   1.1237139468538808     
         181         185   1.2952073207219506     
         184         185   1.3623696723692731     
          93         186   1.1986991024812272     
         184         186   1.2402706948429827     
         186         187   1.2421377306715604     
         187         188   1.2419485399990418     
         188         189   1.5867517950592354     
         189         190   1.2283814351762756     
         187         191   1.2265252814258012     
         190         191   1.2033661432577876     
         190         192   1.3349792904452993     
         171         193   1.1148488476034002     
         192         193   1.3723465276004516     
         173         194   1.3637070661576802     
         193         194   1.2940534264404340     
         171         195  0.97276143171712615     
         172         196  0.97154060404440945     
         176         197  0.97200610328260650     
         177         198  0.97290570961198208     
         179         199  0.89757388847641884     
         180         200  0.96295289055237321     
         182         201  0.97276164907779550     
         183         202  0.97153898790165349     
         188         203  0.97200278342620572     
         189         204  0.97290881878350011     
         191         205  0.89750065781373045     
         192         206  0.96295281398612365     
