    0.09949339
   -0.05314887
   -0.05158781
    0.07267099
    0.01682371
    0.07265940
   -0.05165982
   -0.05313941
    0.07172079
   -0.13109083
   -0.04997146
    0.07285082
   -0.05227700
   -0.05235506
    0.07311494
   -0.12937306
   -0.05168629
    0.07312117
   -0.05235491
   -0.05226945
    0.07283011
   -0.12934758
   -0.04997324
    0.07173602
   -0.13107314
    0.03385736
    0.03614952
    0.03616582
    0.03387041
    0.04948271
    0.03434902
    0.03425152
    0.04885961
    0.03425119
    0.03435099
    0.04947524
   -0.01983468
   -0.01060387
   -0.00231802
   -0.00266267
   -0.01011657
   -0.02027683
    0.09978802
   -0.05314569
   -0.05155718
    0.07243369
    0.01735257
    0.07246512
   -0.05158437
   -0.05311483
    0.07150652
   -0.13062569
   -0.04950209
    0.07264130
   -0.05227238
   -0.05232921
    0.07291389
   -0.12886448
   -0.05122510
    0.07291518
   -0.05235674
   -0.05224670
    0.07261965
   -0.12883071
   -0.04949789
    0.07149045
   -0.13052270
    0.03401452
    0.03626011
    0.03622280
    0.03402184
    0.04960401
    0.03450210
    0.03441679
    0.04900256
    0.03440670
    0.03452158
    0.04961218
