           2           3   1.6418174286846874     
           3           4   1.1831453168607522     
           4           5   1.2564019552109125     
           5           6   1.2559487266819414     
           6           7   1.1831019482216742     
           7           8   1.6418862416939639     
           8           9   1.1740384972409381     
           1          10  0.72141468941286180     
           6          10   1.2618459570221421     
           9          10   1.2275607288307424     
           9          11   1.3596057720675283     
          11          12   1.3582986354977606     
          12          13   1.1655872737251265     
          13          14   1.6575280989243368     
          14          15   1.1649851532147220     
           1          16  0.72328668102139893     
          12          16   1.2392374274445142     
          15          16   1.2419706416937968     
          15          17   1.3577233873897301     
          17          18   1.3575766989259468     
          18          19   1.1650531167617735     
          19          20   1.6574697493016330     
          20          21   1.1656124747098173     
           1          22  0.72346083396737637     
          18          22   1.2420498574103873     
          21          22   1.2390493300227048     
          21          23   1.3584155931551185     
           2          24   1.1740740265915774     
          23          24   1.3594653056772223     
           1          25  0.72168039610486112     
           4          25   1.2615679232999519     
          24          25   1.2276748126979986     
           2          26  0.97201493012310070     
           3          27  0.97014515354366559     
           7          28  0.97012889395986557     
           8          29  0.97201373628779053     
          11          30  0.96330311628602749     
          13          31  0.97191115871834943     
          14          32  0.97194074877902015     
          17          33  0.96360294541573721     
          19          34  0.97193749645848238     
          20          35  0.97191231037153591     
          23          36  0.96330431813535855     
           5          37   1.1811524094244543     
          37          38   2.4495365921693613     
          38          39   1.3282747650603630     
          37          40  0.19379057773062364     
          39          40   2.3631564611499982     
          40          41   1.3286686070510498     
          39          42  0.19364974782636446     
          41          42   2.4481513117167628     
          44          45   1.6410319060899226     
          45          46   1.1832862746957005     
          42          47   1.1832428574181308     
          46          47   1.2545433931677736     
          47          48   1.2537753061959775     
          48          49   1.1836652237956711     
          49          50   1.6409072673860479     
          50          51   1.1743246632984228     
          43          52  0.72264230250438510     
          48          52   1.2620427377820262     
          51          52   1.2264988266510550     
          51          53   1.3588269371721298     
          53          54   1.3566882905870781     
          54          55   1.1659014753323140     
          55          56   1.6567922257691574     
          56          57   1.1651355625404261     
          43          58  0.72501311780615429     
          54          58   1.2390072987962115     
          57          58   1.2410239192560855     
          57          59   1.3568529519425683     
          59          60   1.3559454474133730     
          60          61   1.1653902185759291     
          61          62   1.6566747967718658     
          62          63   1.1657896880948220     
          43          64  0.72519665826792290     
          60          64   1.2417829230123121     
          63          64   1.2381348548212141     
          63          65   1.3574984258251535     
          44          66   1.1744765754110438     
          65          66   1.3579999764177515     
          43          67  0.72300395306673626     
          46          67   1.2612029442569097     
          66          67   1.2271991915628406     
          44          68  0.97201214891101728     
          45          69  0.97023888664467828     
          49          70  0.97028036187241062     
          50          71  0.97201638788642242     
          53          72  0.96344883606607756     
          55          73  0.97191251964648218     
          56          74  0.97193699877658435     
          59          75  0.96373617544972845     
          61          76  0.97193797541856719     
          62          77  0.97190624902902900     
          65          78  0.96344526786473694     
