    0.10350622
   -0.05299421
   -0.05142877
    0.07273405
    0.01697569
    0.07271423
   -0.05146449
   -0.05298314
    0.07185857
   -0.13138610
   -0.04992932
    0.07298031
   -0.05209195
   -0.05218046
    0.07327490
   -0.12969272
   -0.05167929
    0.07327869
   -0.05218176
   -0.05209249
    0.07297670
   -0.12969129
   -0.04993447
    0.07185948
   -0.13132146
    0.03429655
    0.03654017
    0.03655828
    0.03429321
    0.04991516
    0.03479860
    0.03469029
    0.04927557
    0.03469191
    0.03479698
    0.04991746
    0.10350202
   -0.05298755
   -0.05143086
    0.07271708
    0.01697456
    0.07270728
   -0.05145680
   -0.05299159
    0.07187031
   -0.13134472
   -0.04995168
    0.07298274
   -0.05209222
   -0.05217937
    0.07327436
   -0.12969667
   -0.05168540
    0.07327939
   -0.05217987
   -0.05209251
    0.07297869
   -0.12969857
   -0.04994565
    0.07186432
   -0.13135199
    0.03429681
    0.03652935
    0.03656108
    0.03430189
    0.04991315
    0.03479732
    0.03468874
    0.04927171
    0.03468868
    0.03479520
    0.04991155
   -0.01985596
   -0.01028731
   -0.00221940
   -0.00242741
   -0.01005831
   -0.02004745
   -0.01987160
   -0.01008400
   -0.00224018
   -0.00223640
   -0.01009026
   -0.01987268
   -0.02000584
   -0.01004597
   -0.00239581
   -0.00218472
   -0.01027046
   -0.01981816
    0.10277803
   -0.05289944
   -0.05153272
    0.07301643
    0.01704069
    0.07302900
   -0.05150881
   -0.05291199
    0.07171883
   -0.13207679
   -0.04787190
    0.07169729
   -0.05288741
   -0.05152141
    0.07307904
   -0.13213873
    0.01696945
    0.07307435
   -0.05155477
   -0.05288924
    0.07169550
   -0.13213654
   -0.04786003
    0.07170489
   -0.13206325
    0.03413788
    0.03624834
    0.03625816
    0.03413869
    0.05030526
    0.03414895
    0.03625064
    0.03626378
    0.03415535
    0.05031192
    0.10276008
   -0.05288602
   -0.05153716
    0.07306515
    0.01696771
    0.07307460
   -0.05153423
   -0.05289236
    0.07169499
   -0.13210944
   -0.04787254
    0.07171333
   -0.05289929
   -0.05154384
    0.07300715
   -0.13207385
    0.01703908
    0.07303247
   -0.05148724
   -0.05290958
    0.07172632
   -0.13210404
   -0.04788677
    0.07170421
   -0.13213118
    0.03415304
    0.03626021
    0.03625799
    0.03415723
    0.05031010
    0.03414884
    0.03625838
    0.03624099
    0.03413545
    0.05030083
