           2           3   1.6414333771284049     
           3           4   1.1834806502331126     
           4           5   1.2562446853693905     
           5           6   1.2561467050122590     
           6           7   1.1835349329077773     
           7           8   1.6413928911361455     
           8           9   1.1743698659458499     
           1          10  0.72194966047629938     
           6          10   1.2612686589298581     
           9          10   1.2274591807850868     
           9          11   1.3592988709417413     
          11          12   1.3586373873332618     
          12          13   1.1656720209753479     
          13          14   1.6573958015569792     
          14          15   1.1651298393562499     
           1          16  0.72371099498620561     
          12          16   1.2387503438696006     
          15          16   1.2417955913502146     
          15          17   1.3577128442486592     
          17          18   1.3576725697230030     
          18          19   1.1651348353031572     
          19          20   1.6573776110608618     
          20          21   1.1656923391912752     
           1          22  0.72366792723044038     
          18          22   1.2418403050712177     
          21          22   1.2387501331618243     
          21          23   1.3586382440116107     
           2          24   1.1743470296105871     
          23          24   1.3592912690972385     
           1          25  0.72219007159799042     
           4          25   1.2612396221292741     
          24          25   1.2274430009466843     
           2          26  0.97198182951359280     
           3          27  0.97008617894748794     
           7          28  0.97012653395320025     
           8          29  0.97198025524580889     
          11          30  0.96324084082011396     
          13          31  0.97188148296632637     
          14          32  0.97190837540605091     
          17          33  0.96355206467912036     
          19          34  0.97191000624789514     
          20          35  0.97188148265204100     
          23          36  0.96324604908166789     
          38          39   1.6414430981189025     
          39          40   1.1834795554737332     
          40          41   1.2564113550278431     
          41          42   1.2564507677113368     
          42          43   1.1833970741668289     
          43          44   1.6415368299917039     
          44          45   1.1742889686984368     
          37          46  0.72211080158745200     
          42          46   1.2610996192862256     
          45          46   1.2275291954314078     
          45          47   1.3592808021045877     
          47          48   1.3586612100460225     
          48          49   1.1656525984589901     
          49          50   1.6574239924524892     
          50          51   1.1651105638535140     
          37          52  0.72369077084376898     
          48          52   1.2387552776573694     
          51          52   1.2418109788090244     
          51          53   1.3577165010536394     
          53          54   1.3576829292063957     
          54          55   1.1651267883365055     
          55          56   1.6573932461207632     
          56          57   1.1656829210126771     
          37          58  0.72368886306573466     
          54          58   1.2418252824937890     
          57          58   1.2387418504996923     
          57          59   1.3586646943461667     
          38          60   1.1743493126418989     
          59          60   1.3592530222789803     
          37          61  0.72215244933236045     
          40          61   1.2611440865241499     
          60          61   1.2274826100647642     
          38          62  0.97198062482557668     
          39          63  0.97009784698053558     
          43          64  0.97010698964800168     
          44          65  0.97198064841852194     
          47          66  0.96324413901425276     
          49          67  0.97188125927634383     
          50          68  0.97190873204140626     
          53          69  0.96355324954673804     
          55          70  0.97190958474523326     
          56          71  0.97188134078964550     
          59          72  0.96324653154910400     
           5          73   1.1811975672753612     
          73          74   2.4492987662066485     
          74          75   1.3284523634259766     
          73          76  0.19359467289629043     
          75          76   2.3623933069123164     
          76          77   1.3292785836482885     
          75          78  0.19346175005181460     
          77          78   2.4467935060868813     
          79          80   2.4453538456770958     
          80          81   1.3304564164525738     
          79          82  0.19316630381315775     
          81          82   2.3599515628246355     
          82          83   1.3304468706539336     
          81          84  0.19316701268293249     
          83          84   2.4453804840273645     
          85          86   2.4472677042624080     
          86          87   1.3287942739102920     
          85          88  0.19338106912041925     
          87          88   2.3628624198910915     
          88          89   1.3280391786884433     
          41          90   1.1807228330297641     
          87          90  0.19356596333614523     
          89          90   2.4497230849060738     
          92          93   1.6405844947087864     
          93          94   1.1837653343369077     
          78          95   1.1836934978056990     
          94          95   1.2536214774465058     
          95          96   1.2538903277079965     
          96          97   1.1837613449685496     
          97          98   1.6405968312917598     
          98          99   1.1751248075092808     
          91         100  0.71833473993676611     
          96         100   1.2640858538053372     
          99         100   1.2261288100324825     
          99         101   1.3589682096523301     
         101         102   1.3591668453246615     
         102         103   1.1751113123582699     
         103         104   1.6405978547422375     
         104         105   1.1837503061003045     
          91         106  0.71799945511135133     
         102         106   1.2259830645251013     
         105         106   1.2644682580537696     
          79         107   1.1843842234373589     
         105         107   1.2534602874483678     
         107         108   1.2532984571437507     
         108         109   1.1838393951705903     
         109         110   1.6405285904725313     
         110         111   1.1751377646868111     
          91         112  0.71796777662929190     
         108         112   1.2644505769322227     
         111         112   1.2259804751863317     
         111         113   1.3591458821762750     
          92         114   1.1751609671110501     
         113         114   1.3590092180392230     
          91         115  0.71825531808956777     
          94         115   1.2642308520016210     
         114         115   1.2260383764431941     
          92         116  0.97197850017808496     
          93         117  0.97014462266713419     
          97         118  0.97014165460555557     
          98         119  0.97198606294598133     
         101         120  0.96299102245048607     
         103         121  0.97198438138661936     
         104         122  0.97014666080303535     
         109         123  0.97014182689914674     
         110         124  0.97198569896149545     
         113         125  0.96298743751171922     
         127         128   1.6405929274949727     
         128         129   1.1837853017928122     
          84         130   1.1843550431575083     
         129         130   1.2534789476718347     
         130         131   1.2533391582964202     
         131         132   1.1838134706182748     
         132         133   1.6405394838671854     
         133         134   1.1751397602030225     
         126         135  0.71808553951782916     
         131         135   1.2644437074644983     
         134         135   1.2259602688055515     
         134         136   1.3591474780748465     
         136         137   1.3590207247172008     
         137         138   1.1751066821082652     
         138         139   1.6406660335529617     
         139         140   1.1837091298297051     
         126         141  0.71827194318010057     
         137         141   1.2260783783956937     
         140         141   1.2641074195184074     
          85         142   1.1832170867261422     
         140         142   1.2538073761593092     
         142         143   1.2541560370778491     
         143         144   1.1836748605148242     
         144         145   1.6406800748116459     
         145         146   1.1750884215719228     
         126         147  0.71831725915244304     
         143         147   1.2640002533747512     
         146         147   1.2261720066671482     
         146         148   1.3589612588731748     
         127         149   1.1750904261547506     
         148         149   1.3591753501442185     
         126         150  0.71807518071688414     
         129         150   1.2643575252946713     
         149         150   1.2259993664421256     
         127         151  0.97198482987328216     
         128         152  0.97014960346168855     
         132         153  0.97013903120267175     
         133         154  0.97198539182315191     
         136         155  0.96298713092801858     
         138         156  0.97198015989662367     
         139         157  0.97013951870785076     
         144         158  0.97013963191128205     
         145         159  0.97198458767208717     
         148         160  0.96299025655179482     
