    0.56135412
   -0.05428182
   -0.05428250
    0.07021101
    0.01039709
    0.07023382
   -0.05425387
   -0.05428377
    0.06422616
   -0.21427076
   -0.06037132
    0.06543602
   -0.05342869
   -0.05514612
    0.07040432
   -0.21270713
   -0.05909415
    0.07040730
   -0.05514745
   -0.05343057
    0.06544202
   -0.21272717
   -0.06036452
    0.06421833
   -0.21422242
    0.03030230
    0.03276596
    0.03278001
    0.03028275
    0.04933703
    0.03069257
    0.03100499
    0.04732541
    0.03100274
    0.03069031
    0.04934415
    0.56132946
   -0.05427909
   -0.05428364
    0.07020187
    0.01038916
    0.07022432
   -0.05425948
   -0.05427962
    0.06424861
   -0.21429435
   -0.06039223
    0.06544346
   -0.05343065
   -0.05514433
    0.07040005
   -0.21270579
   -0.05909767
    0.07040299
   -0.05514894
   -0.05343467
    0.06544691
   -0.21272358
   -0.06038703
    0.06423606
   -0.21423721
    0.03030662
    0.03279422
    0.03280015
    0.03028589
    0.04932861
    0.03068999
    0.03100309
    0.04732215
    0.03100149
    0.03068812
    0.04933493
   -0.02254573
   -0.01120875
   -0.01099297
   -0.02276947
   -0.02260982
   -0.01105232
   -0.01104479
   -0.02260298
   -0.02271809
   -0.01096344
   -0.01118048
   -0.02248834
    0.56470781
   -0.05421575
   -0.05434779
    0.07056623
    0.01035162
    0.07058793
   -0.05431204
   -0.05421909
    0.06397793
   -0.21547817
   -0.05869840
    0.06394512
   -0.05420885
   -0.05434718
    0.07060005
   -0.21543791
    0.01028491
    0.07059641
   -0.05437788
   -0.05421484
    0.06394351
   -0.21542096
   -0.05868260
    0.06397134
   -0.21544479
    0.03024148
    0.03258541
    0.03260067
    0.03022382
    0.04989248
    0.03024515
    0.03259747
    0.03260575
    0.03025392
    0.04990583
    0.56470409
   -0.05421290
   -0.05434670
    0.07059064
    0.01028025
    0.07059108
   -0.05437461
   -0.05421455
    0.06394500
   -0.21542951
   -0.05870382
    0.06397658
   -0.05420585
   -0.05435014
    0.07054314
   -0.21542993
    0.01035260
    0.07058262
   -0.05431330
   -0.05422130
    0.06400793
   -0.21552218
   -0.05871800
    0.06395116
   -0.21542879
    0.03024753
    0.03259200
    0.03261093
    0.03025203
    0.04989781
    0.03025230
    0.03262587
    0.03262258
    0.03022926
    0.04988871
