           2           3   1.6440865120506256     
           3           4   1.1822892206912656     
           4           5   1.2566165248851000     
           5           6   1.2568697923514849     
           6           7   1.1823207488096761     
           7           8   1.6440295373078595     
           8           9   1.1710977027646583     
           1          10  0.65671997365031431     
           6          10   1.2571713941969607     
           9          10   1.2166479715083034     
           9          11   1.3610632699045966     
          11          12   1.3609217120977763     
          12          13   1.1627696678502581     
          13          14   1.6598359324445178     
          14          15   1.1639240246966109     
           1          16  0.65961108861989703     
          12          16   1.2265695762509807     
          15          16   1.2387858982403106     
          15          17   1.3578953147803676     
          17          18   1.3578977696636576     
          18          19   1.1639442001526388     
          19          20   1.6598012284516543     
          20          21   1.1627957763780101     
           1          22  0.65949074026685750     
          18          22   1.2387840391701941     
          21          22   1.2266308637768881     
          21          23   1.3608581111492857     
           2          24   1.1710627777766802     
          23          24   1.3611510316660635     
           1          25  0.65676261545133729     
           4          25   1.2572511844571173     
          24          25   1.2165605404282442     
           2          26  0.97225052652627830     
           3          27  0.97122777076623101     
           7          28  0.97123636141937708     
           8          29  0.97225245925942028     
          11          30  0.96294591244207894     
          13          31  0.97215103831858130     
          14          32  0.97241728646008641     
          17          33  0.96493019646352907     
          19          34  0.97241743097975031     
          20          35  0.97215161908077574     
          23          36  0.96294366566376810     
          38          39   1.6442489575565404     
          39          40   1.1821275659812569     
          40          41   1.2570510372301669     
          41          42   1.2572129077359393     
          42          43   1.1822046686106262     
          43          44   1.6441534046945829     
          44          45   1.1710487715467450     
          37          46  0.65668594694964688     
          42          46   1.2570364994289236     
          45          46   1.2167190632427802     
          45          47   1.3610699156243258     
          47          48   1.3609335766523420     
          48          49   1.1627416893635270     
          49          50   1.6598669890357225     
          50          51   1.1639147022090190     
          37          52  0.65960724457465614     
          48          52   1.2266156550546510     
          51          52   1.2387552209306232     
          51          53   1.3579396675214617     
          53          54   1.3579127006834528     
          54          55   1.1639792694731215     
          55          56   1.6597701969102341     
          56          57   1.1628155857430242     
          37          58  0.65957288257456637     
          54          58   1.2387320987226622     
          57          58   1.2266366045125472     
          57          59   1.3608501802698667     
          38          60   1.1709937994047366     
          59          60   1.3611801541548290     
          37          61  0.65683965770479191     
          40          61   1.2570792094669576     
          60          61   1.2166138928560761     
          38          62  0.97224845321627196     
          39          63  0.97121810500686201     
          43          64  0.97122910839777465     
          44          65  0.97225037998113728     
          47          66  0.96294785761225987     
          49          67  0.97215153176191704     
          50          68  0.97241624363590107     
          53          69  0.96492830745133162     
          55          70  0.97241707932503541     
          56          71  0.97215262778744316     
          59          72  0.96294446596579519     
           5          73   1.1821040977817507     
          73          74   2.4764029294556908     
          74          75   1.3008653094525398     
          73          76  0.20338813813154982     
          75          76   2.4748261614203195     
          77          78   2.4726460136451593     
          78          79   1.3026690711298159     
          77          80  0.20302480419688193     
          79          80   2.4727120789753125     
          81          82   2.4755008299188450     
          82          83   1.3000816459295759     
          41          84   1.1812916630944024     
          81          84  0.20319387232266284     
          83          84   2.4770758190428102     
          86          87   1.6431956248898332     
          87          88   1.1825902668830315     
          76          89   1.1842672741844578     
          88          89   1.2541064921113541     
          89          90   1.2543941143852895     
          90          91   1.1826267428393651     
          91          92   1.6431738300193079     
          92          93   1.1719770494464476     
          85          94  0.65170235891686357     
          90          94   1.2600596319371968     
          93          94   1.2153737285701929     
          93          95   1.3605798460793515     
          95          96   1.3607255411964891     
          96          97   1.1720590050085327     
          97          98   1.6430077450785157     
          98          99   1.1827738940827874     
          85         100  0.65185381944177934     
          96         100   1.2151521962955301     
          99         100   1.2602594027802245     
          77         101   1.1853523394502141     
          99         101   1.2538106149823596     
         101         102   1.2535907966019852     
         102         103   1.1828221185429035     
         103         104   1.6429710922868848     
         104         105   1.1720745612943180     
          85         106  0.65177703421353450     
         102         106   1.2603167609381511     
         105         106   1.2151411900818325     
         105         107   1.3607142011926308     
          86         108   1.1719955712998942     
         107         108   1.3606506798318101     
          85         109  0.65167634520441531     
          88         109   1.2601801965443138     
         108         109   1.2152691987138742     
          86         110  0.97224711880940817     
          87         111  0.97126143926041508     
          91         112  0.97126705420730319     
          92         113  0.97225106631501235     
          95         114  0.96269307829732120     
          97         115  0.97224749337914018     
          98         116  0.97127136476006637     
         103         117  0.97126178427328669     
         104         118  0.97224845746116229     
         107         119  0.96268626413681613     
         121         122   1.6430620644570131     
         122         123   1.1827813837174241     
          80         124   1.1852955883338256     
         123         124   1.2538180142925990     
         124         125   1.2536728876494543     
         125         126   1.1828318580853789     
         126         127   1.6429212947100205     
         127         128   1.1721402740651681     
         120         129  0.65194656462588363     
         125         129   1.2602407697490108     
         128         129   1.2150914495779506     
         128         130   1.3606777648926853     
         130         131   1.3607253510049078     
         131         132   1.1718458395546805     
         132         133   1.6434642474178753     
         133         134   1.1823486494917792     
         120         135  0.65183829994188225     
         131         135   1.2152899419367875     
         134         135   1.2600000100443420     
          81         136   1.1834540328897714     
         134         136   1.2545250144398892     
         136         137   1.2547536152650380     
         137         138   1.1825999048650297     
         138         139   1.6431789096024079     
         139         140   1.1720129285806509     
         120         141  0.65174109712582273     
         137         141   1.2598412179044645     
         140         141   1.2154383528105352     
         140         142   1.3605239845914210     
         121         143   1.1719803164537745     
         142         143   1.3607670983212679     
         120         144  0.65187220422323600     
         123         144   1.2601920541751865     
         143         144   1.2152052776852837     
         121         145  0.97224991501903058     
         122         146  0.97126934098335138     
         126         147  0.97126428668303422     
         127         148  0.97224815581670276     
         130         149  0.96268498321066609     
         132         150  0.97224304349424273     
         133         151  0.97125385374316386     
         138         152  0.97126175698658423     
         139         153  0.97225243242315307     
         142         154  0.96269467190675695     
