    0.19721058
   -0.05071437
   -0.04897652
    0.07861773
    0.01713867
    0.07864752
   -0.04893666
   -0.05071407
    0.07708008
   -0.17166276
   -0.04956131
    0.07838211
   -0.04969881
   -0.04987644
    0.07906456
   -0.16998418
   -0.05134899
    0.07906410
   -0.04987678
   -0.04969802
    0.07837624
   -0.16997621
   -0.04955164
    0.07707236
   -0.17163287
    0.03426855
    0.03603787
    0.03608206
    0.03424655
    0.04975941
    0.03490386
    0.03483349
    0.04903608
    0.03483349
    0.03490492
    0.04976746
    0.19717861
   -0.05070937
   -0.04897620
    0.07861286
    0.01715595
    0.07865163
   -0.04894675
   -0.05070054
    0.07712393
   -0.17167994
   -0.04956866
    0.07838782
   -0.04970102
   -0.04987596
    0.07907146
   -0.16997268
   -0.05135302
    0.07907551
   -0.04987843
   -0.04969840
    0.07839488
   -0.16998196
   -0.04956544
    0.07710858
   -0.17166851
    0.03429450
    0.03608671
    0.03609803
    0.03426661
    0.04977307
    0.03492053
    0.03485312
    0.04904946
    0.03485153
    0.03492038
    0.04977421
   -0.02053430
   -0.00915935
   -0.00926053
   -0.02028252
   -0.02021671
   -0.00924356
   -0.00911456
   -0.02050428
    0.19894694
   -0.05073232
   -0.04931307
    0.07895469
    0.01710283
    0.07899442
   -0.04926372
   -0.05073710
    0.07656450
   -0.17316986
   -0.04740660
    0.07656458
   -0.05072829
   -0.04931820
    0.07895800
   -0.17315683
    0.01709677
    0.07897309
   -0.04926468
   -0.05072859
    0.07656902
   -0.17317507
   -0.04740654
    0.07655638
   -0.17314328
    0.03372958
    0.03530197
    0.03534642
    0.03371195
    0.04992337
    0.03373923
    0.03534334
    0.03535121
    0.03371844
    0.04992269
