           2           3   1.6503963376617081     
           3           4   1.1748157602469969     
           4           5   1.2493332606183922     
           5           6   1.2496800383383291     
           6           7   1.1748446363016740     
           7           8   1.6503612387809721     
           8           9   1.1668396188191428     
           1          10  0.53242156365217885     
           6          10   1.2885676926302367     
           9          10   1.2490531889272227     
           9          11   1.3549342816401202     
          11          12   1.3517434855495936     
          12          13   1.1580296947115123     
          13          14   1.6659259307070005     
          14          15   1.1575922760091160     
           1          16  0.53382092415734717     
          12          16   1.2633486833158272     
          15          16   1.2653782749668403     
          15          17   1.3514572151871651     
          17          18   1.3514014744134077     
          18          19   1.1575885439026563     
          19          20   1.6659127260853945     
          20          21   1.1580466218333771     
           1          22  0.53372864516415564     
          18          22   1.2654350736719908     
          21          22   1.2633317218477171     
          21          23   1.3517459550664772     
           2          24   1.1668433793339248     
          23          24   1.3549610163805090     
           1          25  0.53243979730013191     
           4          25   1.2886864588011968     
          24          25   1.2489799203887735     
           2          26  0.97231866244828036     
           3          27  0.97078183875709545     
           7          28  0.97079337654967202     
           8          29  0.97231889328096965     
          11          30  0.96383315451433949     
          13          31  0.97221685451112805     
          14          32  0.97223804399735858     
          17          33  0.96423050077732986     
          19          34  0.97223959541347726     
          20          35  0.97221603163154924     
          23          36  0.96383107687852632     
          38          39   1.6503411244541599     
          39          40   1.1748330904048701     
          40          41   1.2498197244106910     
          41          42   1.2498992615619859     
          42          43   1.1747626506486677     
          43          44   1.6503290368431294     
          44          45   1.1669912258788258     
          37          46  0.53256873247104619     
          42          46   1.2884736105124606     
          45          46   1.2489534112618179     
          45          47   1.3549282645311553     
          47          48   1.3517259671473001     
          48          49   1.1580565434220977     
          49          50   1.6658543565240791     
          50          51   1.1576817152750616     
          37          52  0.53387895515784811     
          48          52   1.2633570935633847     
          51          52   1.2653023343700243     
          51          53   1.3514669358558367     
          53          54   1.3514118740416849     
          54          55   1.1576441986945856     
          55          56   1.6658640682436130     
          56          57   1.1580807920350384     
          37          58  0.53392492737226160     
          54          58   1.2653898456307471     
          57          58   1.2632364908229170     
          57          59   1.3518552720683594     
          38          60   1.1669262004388783     
          59          60   1.3548118007880530     
          37          61  0.53249292655942870     
          40          61   1.2883542530865104     
          60          61   1.2491031744244561     
          38          62  0.97232409712947432     
          39          63  0.97078746413678629     
          43          64  0.97077213851129385     
          44          65  0.97231135014729508     
          47          66  0.96382979194070073     
          49          67  0.97222149346159104     
          50          68  0.97223906233354496     
          53          69  0.96422222099574051     
          55          70  0.97224225479740034     
          56          71  0.97221706128695506     
          59          72  0.96382782665566358     
           5          73   1.1854250090095153     
          73          74   2.4691896300997032     
          74          75   1.3056822749002677     
          73          76  0.20274891087353014     
          75          76   2.4674104047306096     
          77          78   2.4679770395580407     
          78          79   1.3050058798280550     
          41          80   1.1846728555138970     
          77          80  0.20258715739385302     
          79          80   2.4697906209962928     
          82          83   1.6494275658211599     
          83          84   1.1753282878602567     
          76          85   1.1878348461904018     
          84          85   1.2466971062953318     
          85          86   1.2471261560200004     
          86          87   1.1753164963426992     
          87          88   1.6494036693113627     
          88          89   1.1677421525253084     
          81          90  0.52720673734121970     
          86          90   1.2913123956736021     
          89          90   1.2484585447574785     
          89          91   1.3539095406360160     
          91          92   1.3539836763988387     
          92          93   1.1676495277553054     
          93          94   1.6495767719078489     
          94          95   1.1751961309133769     
          81          96  0.52727341279331730     
          92          96   1.2484293941341289     
          95          96   1.2912922324464149     
          77          97   1.1871368695736548     
          95          97   1.2470163148653834     
          97          98   1.2474227796985711     
          98          99   1.1752142538914858     
          99         100   1.6495479585516990     
         100         101   1.1676437892236848     
          81         102  0.52717986041100917     
          98         102   1.2911441373904984     
         101         102   1.2485968068467221     
         101         103   1.3538597337307376     
          82         104   1.1677440854588239     
         103         104   1.3540080256169307     
          81         105  0.52731994253925618     
          84         105   1.2914264265569395     
         104         105   1.2483330961598373     
          82         106  0.97236054828508378     
          83         107  0.97088113744444338     
          87         108  0.97088351248626548     
          88         109  0.97236306830186259     
          91         110  0.96356445510734112     
          93         111  0.97235943814054904     
          94         112  0.97086507815235978     
          99         113  0.97088529698294423     
         100         114  0.97236221609631224     
         103         115  0.96356616056308275     
