   -0.05462928
   -0.05308217
    0.08726642
    0.01134461
    0.06422661
   -0.04994503
   -0.05171718
    0.06434010
   -0.08114078
   -0.05486082
    0.08688144
   -0.05368831
   -0.05371427
    0.08655004
   -0.32076289
   -0.05654506
    0.06510852
   -0.05096498
   -0.05079982
    0.06575442
   -0.08081443
   -0.05487230
    0.08566104
   -0.32489867
    0.01877609
    0.02124758
    0.04338189
    0.04153560
    0.21412074
    0.04713255
    0.01963128
    0.01966170
    0.04636347
    0.04210271
    0.04206433
    0.21440304
    0.04720513
   -0.05462744
   -0.05305869
    0.08726699
    0.01135059
    0.06418400
   -0.04997159
   -0.05172183
    0.06435022
   -0.08112537
   -0.05483673
    0.08687437
   -0.05368495
   -0.05371858
    0.08654610
   -0.32073677
   -0.05654900
    0.06509336
   -0.05096146
   -0.05079531
    0.06577108
   -0.08083570
   -0.05487118
    0.08566573
   -0.32489046
    0.01876243
    0.02123614
    0.04339189
    0.04153821
    0.21414379
    0.04714932
    0.01963202
    0.01966877
    0.04636515
    0.04210617
    0.04206153
    0.21441549
    0.04720672
   -0.02013946
   -0.01195661
   -0.00293294
   -0.00374647
   -0.01095872
   -0.02099195
   -0.02029827
   -0.01124993
   -0.00295191
   -0.00317847
   -0.01100627
   -0.02051792
   -0.02037847
   -0.01106558
   -0.00302632
   -0.00302487
   -0.01107686
   -0.02036922
   -0.02051557
   -0.01100747
   -0.00317431
   -0.00295031
   -0.01123329
   -0.02030915
   -0.02101486
   -0.01094657
   -0.00375166
   -0.00294279
   -0.01196862
   -0.02015662
   -0.05439321
   -0.05293490
    0.08714234
    0.01196653
    0.06373097
   -0.05016209
   -0.05172038
    0.06413224
   -0.08114990
   -0.05261935
    0.08537775
   -0.05435616
   -0.05300987
    0.08724340
   -0.32411363
    0.01149997
    0.06378547
   -0.05024047
   -0.05166427
    0.06411006
   -0.08126719
   -0.05254108
    0.08538944
   -0.32396209
    0.01900689
    0.02137905
    0.04328551
    0.04149616
    0.21440257
    0.04799246
    0.01903344
    0.02130279
    0.04316680
    0.04148613
    0.21440182
    0.04800697
   -0.05434829
   -0.05300017
    0.08723243
    0.01179260
    0.06379984
   -0.05017413
   -0.05166706
    0.06412876
   -0.08111828
   -0.05248210
    0.08538975
   -0.05433638
   -0.05300247
    0.08725052
   -0.32395157
    0.01170652
    0.06384999
   -0.05019764
   -0.05165642
    0.06409532
   -0.08111007
   -0.05246631
    0.08538053
   -0.32394393
    0.01912242
    0.02140945
    0.04328116
    0.04156948
    0.21439682
    0.04810076
    0.01912001
    0.02137634
    0.04325702
    0.04157594
    0.21439703
    0.04810976
   -0.05433978
   -0.05298557
    0.08725386
    0.01170153
    0.06381388
   -0.05021066
   -0.05165435
    0.06410890
   -0.08113135
   -0.05246422
    0.08538564
   -0.05434813
   -0.05298183
    0.08723217
   -0.32392964
    0.01179724
    0.06379739
   -0.05018554
   -0.05166472
    0.06412140
   -0.08111907
   -0.05248611
    0.08539204
   -0.32396145
    0.01911490
    0.02137160
    0.04325616
    0.04157404
    0.21441711
    0.04811073
    0.01911377
    0.02140079
    0.04328193
    0.04157419
    0.21441321
    0.04810475
   -0.05435586
   -0.05300306
    0.08722360
    0.01151852
    0.06381120
   -0.05024784
   -0.05166454
    0.06408559
   -0.08127307
   -0.05253973
    0.08537584
   -0.05439424
   -0.05294945
    0.08710678
   -0.32395014
    0.01195639
    0.06371598
   -0.05015375
   -0.05172872
    0.06415818
   -0.08120181
   -0.05260212
    0.08538549
   -0.32405951
    0.01902887
    0.02129129
    0.04316358
    0.04148446
    0.21441268
    0.04801950
    0.01900464
    0.02138037
    0.04326584
    0.04147715
    0.21441876
    0.04799563
