           1           2   1.7165940203695826     
           2           3   1.1215220124371770     
           3           4   1.2422156949146754     
           4           5   1.2471846093074852     
           5           6   1.2372885977959180     
           6           7   1.5924002910959976     
           7           8   1.2240507857420539     
           5           9   1.2260024572856345     
           8           9   1.2017994904615750     
           8          10   1.3446099539887013     
          10          11   1.3569933260073610     
          11          12   1.1067609305434194     
          12          13   1.7310113396738407     
          13          14   1.1088216204815420     
          11          15   1.3242163629280814     
          14          15   1.3250963730481993     
          14          16   1.3538776938300248     
          16          17   1.3465679811821658     
          17          18   1.2156401097005971     
          18          19   1.6081459431289384     
          19          20   1.2152220259459290     
          17          21   1.2097943504700468     
          20          21   1.2113649696301252     
          20          22   1.3416837794617220     
           1          23   1.1148627725532680     
          22          23   1.3669703363930106     
           3          24   1.3621560425021730     
          23          24   1.2985005186057907     
           1          25  0.97278122250399113     
           2          26  0.97141813064776827     
           6          27  0.97182179089488852     
           7          28  0.97291364928873048     
           9          29  0.89999710607672678     
          10          30  0.96368333817087715     
          12          31  0.97273870901716153     
          13          32  0.97278686459250052     
          16          33  0.96470032470284006     
          18          34  0.97287920679211592     
          19          35  0.97281339255868160     
          21          36  0.90035428146656471     
          22          37  0.96351912248741278     
          38          39   1.7165600026549885     
          39          40   1.1215729954666522     
          40          41   1.2422882711278174     
          41          42   1.2468317552746562     
          42          43   1.2374279971184414     
          43          44   1.5922868604607965     
          44          45   1.2240998677478327     
          42          46   1.2260832963036319     
          45          46   1.2018108143618462     
          45          47   1.3445339757930117     
          47          48   1.3570653338685905     
          48          49   1.1067753258239623     
          49          50   1.7309884930002599     
          50          51   1.1088417889940472     
          48          52   1.3241148280054902     
          51          52   1.3251777041822839     
          51          53   1.3537949381598269     
          53          54   1.3466041372043569     
          54          55   1.2156324039056579     
          55          56   1.6081825993809464     
          56          57   1.2151660884716593     
          54          58   1.2097772949010586     
          57          58   1.2113990998610080     
          57          59   1.3416871471273626     
          38          60   1.1148517906134412     
          59          60   1.3669394543500033     
          40          61   1.3621268548005121     
          60          61   1.2985351777342540     
          38          62  0.97278111665907141     
          39          63  0.97142482742020186     
          43          64  0.97182364409446187     
          44          65  0.97291244132560484     
          46          66  0.89991938563770024     
          47          67  0.96367204813287055     
          49          68  0.97273752809345437     
          50          69  0.97278819782317472     
          53          70  0.96471109709209646     
          55          71  0.97287864141529523     
          56          72  0.97281244825367152     
          58          73  0.90029251447112990     
          59          74  0.96351171844100125     
           4          75   1.1939075549164271     
          75          76   2.4346946938028071     
          76          77   1.3368942032109346     
          75          78  0.19170002312460038     
          77          78   2.3492084348402988     
          78          79   1.3380340988395090     
          77          80  0.19137866339425705     
          79          80   2.4309930414008409     
          81          82   2.4280895366507496     
          82          83   1.3405528275256635     
          81          84  0.19105765534670344     
          83          84   2.3446965098138648     
          84          85   1.3406040109561452     
          83          86  0.19104173486586568     
          85          86   2.4279476809063114     
          87          88   2.4278851751855957     
          88          89   1.3406810791455621     
          87          90  0.19103751509232653     
          89          90   2.3445355707121820     
          90          91   1.3406585625114185     
          89          92  0.19101739489564507     
          91          92   2.4278968426347971     
          93          94   2.4280452616654835     
          94          95   1.3405126183038023     
          93          96  0.19100927494164827     
          95          96   2.3447913377676231     
          96          97   1.3404990156195520     
          95          98  0.19103629078880252     
          97          98   2.4281214108690312     
          99         100   2.4307370826716226     
         100         101   1.3382609079667604     
          99         102  0.19137425085741125     
         101         102   2.3489753626419296     
         102         103   1.3371347518105998     
          41         104   1.1942273817570990     
         101         104  0.19171438645841499     
         103         104   2.4344450300229781     
         105         106   1.7156056930783294     
         106         107   1.1234065027419455     
          80         108   1.1984383658780307     
         107         108   1.2401767021646171     
         108         109   1.2424756956572434     
         109         110   1.2416206114247190     
         110         111   1.5869564821336803     
         111         112   1.2283908438306679     
         109         113   1.2265253432089747     
         112         113   1.2032971109682749     
         112         114   1.3349878057702544     
         114         115   1.3724769775424559     
         115         116   1.1149093642903445     
         116         117   1.7157611976007108     
         117         118   1.1232068850381269     
         115         119   1.2937879290417227     
         118         119   1.3639943829635994     
          81         120   1.1999339918315071     
         118         120   1.2389315017345006     
         120         121   1.2420973429640896     
         121         122   1.2415208045784254     
         122         123   1.5871510015802213     
         123         124   1.2280855951113088     
         121         125   1.2269096319651056     
         124         125   1.2027933514220823     
         124         126   1.3360258893795351     
         105         127   1.1149879741874482     
         126         127   1.3711970577372421     
         107         128   1.3627853671996817     
         127         128   1.2949972651165207     
         105         129  0.97276310713663738     
         106         130  0.97152511149314313     
         110         131  0.97198362485470624     
         111         132  0.97290722984937006     
         113         133  0.89793823650241367     
         114         134  0.96298367843588251     
         116         135  0.97275781962367724     
         117         136  0.97150836030057464     
         122         137  0.97200789791497766     
         123         138  0.97290648434096705     
         125         139  0.89784349028598720     
         126         140  0.96298513861826651     
         141         142   1.7156243004896166     
         142         143   1.1233154591782433     
          86         144   1.2000957584673457     
         143         144   1.2388940958435939     
         144         145   1.2420105726968420     
         145         146   1.2417711431727396     
         146         147   1.5867588239443027     
         147         148   1.2284785406055827     
         145         149   1.2268117120014583     
         148         149   1.2030866685477704     
         148         150   1.3351450548353800     
         150         151   1.3722869474713177     
         151         152   1.1149252988690579     
         152         153   1.7157358117362906     
         153         154   1.1232410896829117     
         151         155   1.2939303040524597     
         154         155   1.3639513560162773     
          87         156   1.2000938989875665     
         154         156   1.2388710441303661     
         156         157   1.2419500636813106     
         157         158   1.2416601735014301     
         158         159   1.5868595794475482     
         159         160   1.2284186358528562     
         157         161   1.2269441262220271     
         160         161   1.2029189596787140     
         160         162   1.3354008946319249     
         141         163   1.1150244642760021     
         162         163   1.3720511802971147     
         143         164   1.3638147605419810     
         163         164   1.2940222637334391     
         141         165  0.97275756357311682     
         142         166  0.97150989986185254     
         146         167  0.97199420334924469     
         147         168  0.97290294518470899     
         149         169  0.89797717253968201     
         150         170  0.96298029253444661     
         152         171  0.97275738362943576     
         153         172  0.97152251112907961     
         158         173  0.97198730227076680     
         159         174  0.97290188070809347     
         161         175  0.89800574767904706     
         162         176  0.96297801138940897     
         177         178   1.7157127532788194     
         178         179   1.1232689103003934     
          92         180   1.2001186601322589     
         179         180   1.2389691155986176     
         180         181   1.2418520538323712     
         181         182   1.2417076584353557     
         182         183   1.5868467384061158     
         183         184   1.2283951862151279     
         181         185   1.2269348841435963     
         184         185   1.2029522664966787     
         184         186   1.3353928139155866     
         186         187   1.3720303865555021     
         187         188   1.1149968046561711     
         188         189   1.7156309626312165     
         189         190   1.1233290512762752     
         187         191   1.2940859820604893     
         190         191   1.3637643680808100     
          93         192   1.2000685739178538     
         190         192   1.2390179626053262     
         192         193   1.2419031608942397     
         193         194   1.2417672680945406     
         194         195   1.5867845987845652     
         195         196   1.2284505220307465     
         193         197   1.2268516650014167     
         196         197   1.2030720222845617     
         196         198   1.3351834405695286     
         177         199   1.1149255184876163     
         198         199   1.3722455756555978     
         179         200   1.3638807144457579     
         199         200   1.2939672358002949     
         177         201  0.97275746199183777     
         178         202  0.97151384256798490     
         182         203  0.97199521458005678     
         183         204  0.97290189678041694     
         185         205  0.89792212296961216     
         186         206  0.96297280770183291     
         188         207  0.97275807270520498     
         189         208  0.97151614170573997     
         194         209  0.97199150537981038     
         195         210  0.97290231433732399     
         197         211  0.89793230576735494     
         198         212  0.96297461319614353     
         213         214   1.7157728912753256     
         214         215   1.1232533711581782     
          98         216   1.1999686296888681     
         215         216   1.2389637563073836     
         216         217   1.2420018127631591     
         217         218   1.2415258781202527     
         218         219   1.5871325774879943     
         219         220   1.2281073254445833     
         217         221   1.2269909831189341     
         220         221   1.2027528399620113     
         220         222   1.3360196304886405     
         222         223   1.3712289415256280     
         223         224   1.1150347332254797     
         224         225   1.7154946727468792     
         225         226   1.1235440806764943     
         223         227   1.2948996500478211     
         226         227   1.3628111059108641     
          99         228   1.1987848132457135     
         226         228   1.2399067294582728     
         228         229   1.2424078673978829     
         229         230   1.2417182193772867     
         230         231   1.5869012635194513     
         231         232   1.2283661512528115     
         229         233   1.2265424470959090     
         232         233   1.2033543448268198     
         232         234   1.3349663392120621     
         213         235   1.1148484668474534     
         234         235   1.3724535849827095     
         215         236   1.3639265915896546     
         235         236   1.2938933872230256     
         213         237  0.97275920939134186     
         214         238  0.97152768120057520     
         218         239  0.97200285861789315     
         219         240  0.97290668857490770     
         221         241  0.89779059502013248     
         222         242  0.96297065212086330     
         224         243  0.97276187733390695     
         225         244  0.97153728676484952     
         230         245  0.97199207554492806     
         231         246  0.97290786018827857     
         233         247  0.89778065910457328     
         234         248  0.96297202424617023     
