   -0.29296265
   -0.05219388
   -0.05079185
    0.07307764
    0.02650593
    0.07317177
   -0.05053362
   -0.05221739
    0.07317040
   -0.04736628
   -0.04158244
    0.07424607
   -0.05125996
   -0.05131285
    0.07453481
   -0.04650425
   -0.04318032
    0.07453707
   -0.05131214
   -0.05126374
    0.07421316
   -0.04650500
   -0.04155833
    0.07313991
   -0.04721354
    0.03544754
    0.03696532
    0.03663029
    0.03541670
    0.04911117
    0.03581665
    0.03574042
    0.04851552
    0.03573820
    0.03580628
    0.04912240
   -0.29288936
   -0.05221675
   -0.05071749
    0.07306280
    0.02650252
    0.07311034
   -0.05056306
   -0.05222577
    0.07319024
   -0.04728057
   -0.04159153
    0.07425681
   -0.05125887
   -0.05130815
    0.07454862
   -0.04662761
   -0.04319174
    0.07454922
   -0.05130871
   -0.05126120
    0.07423590
   -0.04660724
   -0.04157765
    0.07316696
   -0.04718241
    0.03544341
    0.03686221
    0.03666225
    0.03542639
    0.04911939
    0.03580681
    0.03573249
    0.04851051
    0.03573330
    0.03580332
    0.04912912
   -0.02849131
   -0.02935780
   -0.02876822
   -0.02901720
   -0.02900149
   -0.02873019
   -0.02931470
   -0.02847214
   -0.28867759
   -0.05202936
   -0.05055388
    0.07339145
    0.02690838
    0.07341183
   -0.05033943
   -0.05205220
    0.07303776
   -0.04876796
   -0.03968059
    0.07295260
   -0.05204269
   -0.05065890
    0.07349840
   -0.04861302
    0.02654350
    0.07351353
   -0.05056258
   -0.05204964
    0.07295247
   -0.04868642
   -0.03967482
    0.07304668
   -0.04871053
    0.03556187
    0.03706592
    0.03659086
    0.03554021
    0.04977086
    0.03552568
    0.03676983
    0.03661023
    0.03551346
    0.04977961
   -0.28896080
   -0.05203393
   -0.05046581
    0.07350899
    0.02674628
    0.07348273
   -0.05059840
   -0.05202528
    0.07296765
   -0.04862363
   -0.03951148
    0.07297695
   -0.05203746
   -0.05046061
    0.07348600
   -0.04865423
    0.02673611
    0.07345626
   -0.05057461
   -0.05202833
    0.07297498
   -0.04855357
   -0.03951420
    0.07297303
   -0.04869287
    0.03554470
    0.03658665
    0.03678038
    0.03556096
    0.04984223
    0.03554965
    0.03657576
    0.03674272
    0.03556860
    0.04984191
   -0.28839494
   -0.05206032
   -0.05064007
    0.07348664
    0.02652878
    0.07348681
   -0.05058165
   -0.05206026
    0.07298281
   -0.04875780
   -0.03969346
    0.07307396
   -0.05205892
   -0.05051200
    0.07336245
   -0.04872776
    0.02689946
    0.07338238
   -0.05037702
   -0.05206760
    0.07306566
   -0.04875627
   -0.03969894
    0.07297928
   -0.04869995
    0.03551766
    0.03676085
    0.03664307
    0.03551440
    0.04978082
    0.03555530
    0.03696518
    0.03668740
    0.03554396
    0.04977674
