           2           3   1.6465239509980298     
           3           4   1.1772691069930861     
           4           5   1.2583699336519876     
           5           6   1.2593587190535642     
           6           7   1.1771045415448114     
           7           8   1.6466155062021823     
           8           9   1.1691163099457658     
           1          10  0.75259630305495784     
           6          10   1.2599714192237454     
           9          10   1.2282816185489369     
           9          11   1.3547591180050429     
          11          12   1.3537096529897161     
          12          13   1.1610613449892060     
          13          14   1.6611608579410431     
          14          15   1.1605582995521289     
           1          16  0.75174780274812081     
          12          16   1.2391474803790645     
          15          16   1.2421310674902064     
          15          17   1.3529366379962151     
          17          18   1.3530913993435507     
          18          19   1.1605046847270684     
          19          20   1.6610942819279950     
          20          21   1.1612353956403334     
           1          22  0.75166674587502869     
          18          22   1.2419889595605704     
          21          22   1.2393953066517458     
          21          23   1.3533395253050551     
           2          24   1.1691349762981920     
          23          24   1.3552459643161703     
           1          25  0.75277616043795592     
           4          25   1.2605226179545019     
          24          25   1.2276314860171329     
           2          26  0.97177558392482988     
           3          27  0.96790245219178617     
           7          28  0.96759920042017511     
           8          29  0.97178261689056589     
          11          30  0.96378601665747821     
          13          31  0.97168829340069773     
          14          32  0.97171405585705772     
          17          33  0.96409412591629073     
          19          34  0.97171754708786495     
          20          35  0.97169008147461999     
          23          36  0.96378071571013779     
          38          39   1.6465165116824265     
          39          40   1.1773112519887690     
          40          41   1.2587256336800563     
          41          42   1.2593124552908925     
          42          43   1.1772393846049687     
          43          44   1.6465748135004201     
          44          45   1.1691106942699905     
          37          46  0.75284227895479849     
          42          46   1.2598842489327589     
          45          46   1.2282259516865470     
          45          47   1.3547867124783424     
          47          48   1.3537195584649799     
          48          49   1.1610203014749161     
          49          50   1.6612545446841187     
          50          51   1.1604901451877130     
          37          52  0.75145757730444074     
          48          52   1.2392876961517134     
          51          52   1.2421775439590372     
          51          53   1.3530339393495989     
          53          54   1.3531043962123779     
          54          55   1.1604815831710940     
          55          56   1.6611956034305415     
          56          57   1.1611220428967588     
          37          58  0.75147366740735999     
          54          58   1.2420866469923022     
          57          58   1.2393949475510160     
          57          59   1.3535260820112405     
          38          60   1.1691394709163672     
          59          60   1.3550443482639649     
          37          61  0.75296829785365171     
          40          61   1.2602098289205301     
          60          61   1.2278551368881843     
          38          62  0.97177546091017752     
          39          63  0.96778237582769333     
          43          64  0.96765926561879767     
          44          65  0.97177905210627624     
          47          66  0.96377580252606099     
          49          67  0.97169149426473478     
          50          68  0.97171487384307220     
          53          69  0.96408927109506659     
          55          70  0.97171613383460465     
          56          71  0.97169173249230711     
          59          72  0.96377284646946615     
           5          73   1.1644061138805237     
          73          74   2.5839994250279390     
          75          76   2.5789456933939778     
          77          78   2.5792950163796862     
          41          80   1.1641449310736052     
          79          80   2.5843352216931139     
          82          83   1.6451520766998402     
          83          84   1.1779384692963015     
          74          85   1.1661195311413335     
          84          85   1.2564673711586154     
          85          86   1.2570026926128310     
          86          87   1.1779700787770711     
          87          88   1.6450493691968879     
          88          89   1.1705426687095757     
          81          90  0.74943366610963091     
          86          90   1.2615809079982121     
          89          90   1.2264110772539016     
          89          91   1.3535220385322322     
          91          92   1.3548266146892853     
          92          93   1.1705113661037334     
          93          94   1.6448044227711476     
          94          95   1.1783258064116362     
          81          96  0.74988319560445316     
          92          96   1.2251827220055753     
          95          96   1.2627369791214673     
          75          97   1.1700610764753054     
          95          97   1.2547010856158156     
          97          98   1.2550237057656355     
          98          99   1.1782612113567663     
          99         100   1.6448067265217001     
         100         101   1.1705700623305522     
          81         102  0.74970790477839488     
          98         102   1.2625381288962811     
         101         102   1.2255116383540396     
         101         103   1.3544870398270208     
          82         104   1.1704365294357428     
         103         104   1.3538927857824068     
          81         105  0.74946883284160126     
          84         105   1.2619042260423785     
         104         105   1.2260508250715090     
          82         106  0.97177758496460331     
          83         107  0.96800026186975829     
          87         108  0.96771841811671899     
          88         109  0.97178423466229458     
          91         110  0.96344274646276895     
          93         111  0.97178106602053382     
          94         112  0.96705822929604979     
          99         113  0.96699096654095484     
         100         114  0.97178487102262467     
         103         115  0.96344067777600084     
         117         118   1.6445361402576171     
         118         119   1.1784970776972745     
          76         120   1.1703636853738431     
         119         120   1.2548347915541802     
         120         121   1.2543572970262440     
         121         122   1.1785187121378842     
         122         123   1.6445714381544629     
         123         124   1.1707313657494676     
         116         125  0.74962161812053840     
         121         125   1.2625321813236885     
         124         125   1.2250967637354893     
         124         126   1.3542699339524249     
         126         127   1.3538839066799444     
         127         128   1.1708248883462407     
         128         129   1.6444968920116905     
         129         130   1.1785400405820137     
         116         131  0.74964696194868197     
         127         131   1.2254453089461601     
         130         131   1.2621731940441157     
          77         132   1.1700168945098879     
         130         132   1.2549269308981177     
         132         133   1.2545359610433351     
         133         134   1.1785429898828859     
         134         135   1.6445554884692459     
         135         136   1.1707447096024228     
         116         137  0.74982744224765530     
         133         137   1.2623765976231736     
         136         137   1.2251203905457568     
         136         138   1.3542004759209987     
         117         139   1.1707979707508094     
         138         139   1.3539472918771760     
         116         140  0.74952432351830545     
         119         140   1.2622618722772285     
         139         140   1.2254316151655436     
         117         141  0.97179432626331952     
         118         142  0.96704352483185185     
         122         143  0.96709852124422213     
         123         144  0.97179046904453881     
         126         145  0.96340387974549901     
         128         146  0.97179241855626608     
         129         147  0.96712484266695986     
         134         148  0.96717015430470055     
         135         149  0.97178827859876171     
         138         150  0.96340457303631166     
         152         153   1.6448745577608865     
         153         154   1.1782729542348740     
          78         155   1.1696236977307426     
         154         155   1.2550375070467819     
         155         156   1.2551963168903457     
         156         157   1.1782462388648198     
         157         158   1.6448830667481094     
         158         159   1.1704457819941920     
         151         160  0.74950697159520441     
         156         160   1.2626879748802990     
         159         160   1.2257302096818081     
         159         161   1.3545901472985520     
         161         162   1.3537879765143455     
         162         163   1.1703887890943059     
         163         164   1.6451380896966503     
         164         165   1.1779809371034520     
         151         166  0.74944522222132504     
         162         166   1.2263950207330117     
         165         166   1.2618496909067096     
          79         167   1.1658180588032572     
         165         167   1.2567759370496761     
         167         168   1.2570754921229088     
         168         169   1.1779904788702458     
         169         170   1.6450897571353889     
         170         171   1.1704391398365739     
         151         172  0.74944214992966895     
         168         172   1.2617125443084121     
         171         172   1.2265491814122422     
         171         173   1.3536246143216415     
         152         174   1.1704285677007518     
         173         174   1.3547379103264168     
         151         175  0.74965631162937041     
         154         175   1.2627727649768867     
         174         175   1.2255533685223616     
         152         176  0.97177855339368757     
         153         177  0.96710290489330575     
         157         178  0.96704480842978369     
         158         179  0.97178087205574071     
         161         180  0.96344495496270066     
         163         181  0.97177329619834762     
         164         182  0.96786851888947179     
         169         183  0.96774436620452542     
         170         184  0.97177665520858336     
         173         185  0.96344708189355588     
