   -0.29208060
   -0.05213087
   -0.05047040
    0.07364721
    0.02552015
    0.07364853
   -0.05047362
   -0.05213816
    0.07310433
   -0.04775642
   -0.04140493
    0.07427886
   -0.05123174
   -0.05129171
    0.07457837
   -0.04675238
   -0.04311376
    0.07457719
   -0.05129752
   -0.05123592
    0.07427661
   -0.04668840
   -0.04140019
    0.07310387
   -0.04784032
    0.03533155
    0.03713463
    0.03718855
    0.03533491
    0.04917170
    0.03584764
    0.03576678
    0.04856330
    0.03576884
    0.03584835
    0.04917016
   -0.29213293
   -0.05213284
   -0.05047813
    0.07361587
    0.02552041
    0.07363020
   -0.05047334
   -0.05213451
    0.07312226
   -0.04777959
   -0.04143058
    0.07428085
   -0.05123137
   -0.05129162
    0.07458195
   -0.04676579
   -0.04312935
    0.07457931
   -0.05129679
   -0.05123484
    0.07427674
   -0.04669434
   -0.04142861
    0.07311967
   -0.04781680
    0.03534112
    0.03717289
    0.03720462
    0.03533596
    0.04915956
    0.03584163
    0.03576123
    0.04855297
    0.03576424
    0.03584555
    0.04916319
   -0.02089797
   -0.00912978
   -0.00843847
   -0.02168742
   -0.02111361
   -0.00874736
   -0.00860161
   -0.02126514
   -0.02127153
   -0.00860011
   -0.00875489
   -0.02111556
   -0.02164010
   -0.00840332
   -0.00910601
   -0.02084247
   -0.28621189
   -0.05197850
   -0.05041445
    0.07392635
    0.02583431
    0.07396231
   -0.05035096
   -0.05198655
    0.07298167
   -0.04950603
   -0.03941946
    0.07292932
   -0.05194771
   -0.05045837
    0.07401991
   -0.04954053
    0.02550142
    0.07402467
   -0.05047415
   -0.05194856
    0.07291475
   -0.04947465
   -0.03940413
    0.07296312
   -0.04947807
    0.03543659
    0.03725619
    0.03727438
    0.03541848
    0.04980487
    0.03542610
    0.03712221
    0.03714456
    0.03542727
    0.04981437
   -0.28605014
   -0.05194412
   -0.05043611
    0.07401262
    0.02565922
    0.07402263
   -0.05042577
   -0.05194384
    0.07294315
   -0.04947208
   -0.03934055
    0.07294459
   -0.05194453
   -0.05041356
    0.07402495
   -0.04950195
    0.02566064
    0.07400562
   -0.05044687
   -0.05194409
    0.07293986
   -0.04946863
   -0.03933508
    0.07294034
   -0.04950344
    0.03547289
    0.03720357
    0.03719804
    0.03547315
    0.04986989
    0.03546806
    0.03719745
    0.03720524
    0.03547802
    0.04987459
   -0.28624631
   -0.05194434
   -0.05046114
    0.07402014
    0.02549372
    0.07402665
   -0.05046229
   -0.05194894
    0.07292545
   -0.04948369
   -0.03943177
    0.07298887
   -0.05197567
   -0.05040703
    0.07391177
   -0.04950684
    0.02584194
    0.07393827
   -0.05035819
   -0.05198089
    0.07299759
   -0.04949840
   -0.03943943
    0.07293080
   -0.04952350
    0.03542784
    0.03712730
    0.03714373
    0.03542955
    0.04981112
    0.03544713
    0.03729842
    0.03730523
    0.03543070
    0.04980158
