           2           3   1.6457087641302510     
           3           4   1.1782305539612390     
           4           5   1.2526350370789976     
           5           6   1.2527476073328747     
           6           7   1.1782266209697210     
           7           8   1.6457111534415132     
           8           9   1.1695928965556270     
           1          10  0.75268861872209825     
           6          10   1.2619638613620219     
           9          10   1.2266970048091355     
           9          11   1.3556889497010907     
          11          12   1.3530866774708858     
          12          13   1.1612935523961412     
          13          14   1.6609653006127867     
          14          15   1.1605924677185220     
           1          16  0.75118111682161359     
          12          16   1.2395319399384421     
          15          16   1.2422004866422209     
          15          17   1.3529694106242023     
          17          18   1.3529864212845206     
          18          19   1.1605905403795542     
          19          20   1.6609667428640646     
          20          21   1.1612956826978216     
           1          22  0.75136533733131494     
          18          22   1.2421320608077644     
          21          22   1.2394486710563544     
          21          23   1.3531109049942081     
           2          24   1.1695969037311027     
          23          24   1.3556715567053113     
           1          25  0.75241635586989619     
           4          25   1.2621034381887966     
          24          25   1.2267678577415382     
           2          26  0.97179163227425314     
           3          27  0.97002670963260595     
           7          28  0.97001398113985238     
           8          29  0.97178943916619809     
          11          30  0.96377325777078660     
          13          31  0.97168341891078380     
          14          32  0.97171150210194979     
          17          33  0.96408120482220416     
          19          34  0.97170905115736750     
          20          35  0.97168120011002901     
          23          36  0.96377205894106965     
          38          39   1.6457711797443493     
          39          40   1.1781743523037598     
          40          41   1.2530134027800126     
          41          42   1.2531321891969953     
          42          43   1.1781541049467681     
          43          44   1.6458014587849887     
          44          45   1.1695525962510538     
          37          46  0.75268841682132481     
          42          46   1.2617466205715167     
          45          46   1.2268248682669636     
          45          47   1.3556073404617071     
          47          48   1.3531703587696753     
          48          49   1.1612666909545564     
          49          50   1.6610119541004893     
          50          51   1.1605637339971182     
          37          52  0.75119771445278227     
          48          52   1.2395057510580114     
          51          52   1.2421936948473844     
          51          53   1.3530002610577534     
          53          54   1.3529951824350239     
          54          55   1.1605670688629299     
          55          56   1.6610205326296776     
          56          57   1.1612508434901845     
          37          58  0.75138716860237609     
          54          58   1.2421506818074786     
          57          58   1.2394098417006074     
          57          59   1.3532291717048328     
          38          60   1.1695857295773731     
          59          60   1.3555466231789945     
          37          61  0.75255435836104234     
          40          61   1.2617951886078691     
          60          61   1.2268922372686473     
          38          62  0.97179031661975213     
          39          63  0.97001229977721593     
          43          64  0.97000915359827278     
          44          65  0.97178884936386645     
          47          66  0.96377401939411744     
          49          67  0.97168373375247685     
          50          68  0.97171173658170429     
          53          69  0.96408197199600587     
          55          70  0.97170937700569515     
          56          71  0.97168155635124787     
          59          72  0.96377417585296776     
           5          73   1.1797504765903457     
          73          74   2.4758118747232438     
          74          75   1.3017659963845030     
          73          76  0.20377899325593574     
          75          76   2.4742297770613404     
          77          78   2.4716939747794235     
          78          79   1.3038932966347114     
          77          80  0.20342726566876163     
          79          80   2.4716264261055514     
          81          82   2.4716431982685214     
          82          83   1.3038883497252862     
          81          84  0.20343857756167200     
          83          84   2.4717302401265009     
          85          86   2.4748794864799586     
          86          87   1.3010229579436596     
          41          88   1.1789596015007580     
          85          88  0.20358780860428038     
          87          88   2.4764613653722614     
          90          91   1.6440063862165024     
          91          92   1.1790428361290213     
          76          93   1.1819685186006619     
          92          93   1.2501534257216715     
          93          94   1.2506122443907779     
          94          95   1.1790406197573564     
          95          96   1.6440072430046426     
          96          97   1.1710546761976066     
          89          98  0.74884440052803103     
          94          98   1.2642880646170445     
          97          98   1.2256049994757059     
          97          99   1.3541488858032364     
          99         100   1.3549537943647192     
         100         101   1.1709176596911428     
         101         102   1.6440968104339571     
         102         103   1.1790110883638623     
          89         104  0.74881842297398038     
         100         104   1.2250866075371210     
         103         104   1.2648440707934672     
          77         105   1.1831775299380634     
         103         105   1.2497752307004708     
         105         106   1.2496980412202936     
         106         107   1.1790001674185446     
         107         108   1.6440747013547248     
         108         109   1.1709596840318190     
          89         110  0.74893178982512731     
         106         110   1.2648709971025496     
         109         110   1.2249955088237765     
         109         111   1.3549501014911132     
          90         112   1.1710865888871445     
         111         112   1.3542084628409197     
          89         113  0.74875036229438141     
          92         113   1.2644827725550647     
         112         113   1.2255008244888752     
          90         114  0.97177009618465526     
          91         115  0.97002409869784301     
          95         116  0.97002508324568992     
          96         117  0.97177193965833131     
          99         118  0.96348060184537432     
         101         119  0.97177389715676488     
         102         120  0.97003626769876161     
         107         121  0.97003040820664699     
         108         122  0.97177115478455489     
         111         123  0.96347464563885654     
         125         126   1.6439238814596382     
         126         127   1.1791092316673191     
          80         128   1.1832903082755795     
         127         128   1.2496342319577478     
         128         129   1.2496999275974090     
         129         130   1.1790922849542926     
         130         131   1.6439461743062322     
         131         132   1.1710563806910368     
         124         133  0.74880109011164564     
         129         133   1.2648223397875802     
         132         133   1.2251825675506054     
         132         134   1.3545832633421011     
         134         135   1.3545490577860118     
         135         136   1.1710692700165890     
         136         137   1.6439288231486349     
         137         138   1.1791013978132008     
         124         139  0.74874489874563210     
         135         139   1.2252240725014558     
         138         139   1.2648228028358113     
          81         140   1.1832805684896990     
         138         140   1.2497616110589755     
         140         141   1.2495846933732038     
         141         142   1.1791013398572510     
         142         143   1.6439408951135031     
         143         144   1.1710661303988352     
         124         145  0.74877205868478713     
         141         145   1.2648506241868314     
         144         145   1.2251678735880918     
         144         146   1.3545850038356904     
         125         147   1.1710763963798589     
         146         147   1.3545679961318680     
         124         148  0.74870461741675265     
         127         148   1.2648698529022004     
         147         148   1.2251989527598997     
         125         149  0.97177031435928529     
         126         150  0.97003448090143507     
         130         151  0.97002681399933421     
         131         152  0.97176977138943998     
         134         153  0.96346946928031929     
         136         154  0.97177078714925547     
         137         155  0.97003233064335792     
         142         156  0.97002866225709306     
         143         157  0.97176896598791063     
         146         158  0.96346657013450454     
         160         161   1.6441384417895430     
         161         162   1.1789813205381396     
          84         163   1.1831432516252853     
         162         163   1.2497671024652255     
         163         164   1.2497803680681132     
         164         165   1.1789743483597230     
         165         166   1.6441306903239727     
         166         167   1.1709043343117107     
         159         168  0.74896942535774491     
         164         168   1.2648246657311808     
         167         168   1.2250006826700766     
         167         169   1.3550292215780764     
         169         170   1.3541062599111293     
         170         171   1.1710481868853000     
         171         172   1.6440880463825942     
         172         173   1.1789759015530468     
         159         174  0.74876106946605314     
         170         174   1.2256552763189434     
         173         174   1.2642188372526777     
          85         175   1.1811841483411913     
         173         175   1.2505762773485449     
         175         176   1.2509385339348655     
         176         177   1.1789546177008596     
         177         178   1.6441020484711861     
         178         179   1.1710210265900571     
         159         180  0.74890441245507045     
         176         180   1.2640704919569847     
         179         180   1.2256992389670922     
         179         181   1.3540737686775564     
         160         182   1.1708963825944785     
         181         182   1.3550277000820918     
         159         183  0.74886602772530730     
         162         183   1.2648508206954747     
         182         183   1.2250442158947732     
         160         184  0.97177302315441927     
         161         185  0.97004070505353113     
         165         186  0.97002635514886104     
         166         187  0.97177130921285348     
         169         188  0.96347687230555512     
         171         189  0.97176938939139879     
         172         190  0.97001647189322093     
         177         191  0.97001325645075265     
         178         192  0.97177013727002415     
         181         193  0.96348032327629507     
