    0.10046871
   -0.05319474
   -0.05205011
    0.07159100
    0.01926567
    0.07188073
   -0.05088781
   -0.05328229
    0.07144898
   -0.12989443
   -0.04945649
    0.07248565
   -0.05226117
   -0.05237545
    0.07276572
   -0.12855346
   -0.05107534
    0.07274766
   -0.05238116
   -0.05230583
    0.07238100
   -0.12844581
   -0.04936430
    0.07129455
   -0.12946722
    0.03443033
    0.03623037
    0.03471929
    0.03432825
    0.04976902
    0.03464850
    0.03454557
    0.04915195
    0.03453828
    0.03460258
    0.04982094
    0.10047542
   -0.05320603
   -0.05199309
    0.07159063
    0.01928130
    0.07184842
   -0.05100017
   -0.05329084
    0.07144268
   -0.12985080
   -0.04942950
    0.07249329
   -0.05227052
   -0.05237831
    0.07276979
   -0.12858225
   -0.05105557
    0.07275997
   -0.05238968
   -0.05230100
    0.07236512
   -0.12841353
   -0.04934897
    0.07131743
   -0.12944142
    0.03443506
    0.03618690
    0.03484679
    0.03433520
    0.04978154
    0.03465548
    0.03454943
    0.04916252
    0.03454954
    0.03461628
    0.04983140
   -0.02944388
   -0.02867901
   -0.02922972
   -0.02922217
   -0.02867296
   -0.02943057
    0.09910210
   -0.05308854
   -0.05215023
    0.07215088
    0.01848346
    0.07228139
   -0.05097553
   -0.05319470
    0.07144454
   -0.13093320
   -0.04820726
    0.07145101
   -0.05314831
   -0.05178958
    0.07219633
   -0.13080021
    0.01863353
    0.07220367
   -0.05165534
   -0.05320699
    0.07144208
   -0.13086921
   -0.04816972
    0.07144196
   -0.13074822
    0.03412844
    0.03607146
    0.03387497
    0.03403098
    0.05007189
    0.03409447
    0.03548230
    0.03538537
    0.03403789
    0.05010699
    0.09903291
   -0.05316377
   -0.05173457
    0.07221365
    0.01863495
    0.07220526
   -0.05170606
   -0.05320651
    0.07144781
   -0.13087014
   -0.04816360
    0.07143593
   -0.05307998
   -0.05207402
    0.07216746
   -0.13080560
    0.01845799
    0.07227399
   -0.05108324
   -0.05318233
    0.07143034
   -0.13085037
   -0.04821394
    0.07145170
   -0.13081277
    0.03408352
    0.03538851
    0.03545169
    0.03404036
    0.05009744
    0.03411859
    0.03591533
    0.03402160
    0.03404642
    0.05006941
