           2           3   1.6411338148962018     
           3           4   1.1829582557308536     
           4           5   1.2576748104837594     
           5           6   1.2621942968895259     
           6           7   1.1823654207230285     
           7           8   1.6415058634076272     
           8           9   1.1739125886357127     
           1          10  0.72337103446170903     
           6          10   1.2588503237813544     
           9          10   1.2290378465390837     
           9          11   1.3563429030699627     
          11          12   1.3575186992744979     
          12          13   1.1655792944689529     
          13          14   1.6566203140551554     
          14          15   1.1654134908926257     
           1          16  0.72633728297429656     
          12          16   1.2376670044336213     
          15          16   1.2414733144702033     
          15          17   1.3555245669578686     
          17          18   1.3561925545023754     
          18          19   1.1653412254439039     
          19          20   1.6562516735776802     
          20          21   1.1663211068936463     
           1          22  0.72629140020850758     
          18          22   1.2406319544225568     
          21          22   1.2387726917495616     
          21          23   1.3557876918090577     
           2          24   1.1740777092029815     
          23          24   1.3585636431464685     
           1          25  0.72377587320198422     
           4          25   1.2617148934055473     
          24          25   1.2262089908148097     
           2          26  0.97197683647184907     
           3          27  0.96861083618023769     
           7          28  0.96710468026662566     
           8          29  0.97199365177660624     
          11          30  0.96352571877903459     
          13          31  0.97190664105255553     
          14          32  0.97193281867152059     
          17          33  0.96380078146040349     
          19          34  0.97194507098630811     
          20          35  0.97191689882245624     
          23          36  0.96350941030953730     
          38          39   1.6412531603708869     
          39          40   1.1827758555464671     
          40          41   1.2582064963281314     
          41          42   1.2619190999982592     
          42          43   1.1824507131307662     
          43          44   1.6414874441212763     
          44          45   1.1738972097729599     
          37          46  0.72342292355000359     
          42          46   1.2589862541924510     
          45          46   1.2288601231237741     
          45          47   1.3564935320787415     
          47          48   1.3572991521772522     
          48          49   1.1656615743913652     
          49          50   1.6565348655933028     
          50          51   1.1654169333636299     
          37          52  0.72619759600830158     
          48          52   1.2378452638126236     
          51          52   1.2413702581825941     
          51          53   1.3555827275676287     
          53          54   1.3560528674048995     
          54          55   1.1653522057998760     
          55          56   1.6562253512957927     
          56          57   1.1663036614467279     
          37          58  0.72651146446080817     
          54          58   1.2407751078462153     
          57          58   1.2384512633891507     
          57          59   1.3560564397394637     
          38          60   1.1740747479765874     
          59          60   1.3582666537388193     
          37          61  0.72385502404983482     
          40          61   1.2613807030648152     
          60          61   1.2265124726052856     
          38          62  0.97197862315087213     
          39          63  0.96859308665050581     
          43          64  0.96699930155237468     
          44          65  0.97199528821781400     
          47          66  0.96352869730528945     
          49          67  0.97190922594432549     
          50          68  0.97193303289281496     
          53          69  0.96380399666811145     
          55          70  0.97194452967198774     
          56          71  0.97191192628921652     
          59          72  0.96350712473834954     
           5          73   1.1672665047172706     
          73          74   2.5822443768447467     
          75          76   2.5819203132142974     
          41          78   1.1670605370090392     
          77          78   2.5823831447552177     
          80          81   1.6420183431734952     
          81          82   1.1823440282369364     
          74          83   1.1664044055701799     
          82          83   1.2590274221209743     
          83          84   1.2620861887891581     
          84          85   1.1824238168181942     
          85          86   1.6415845060447825     
          86          87   1.1746010110003591     
          79          88  0.71963560120743286     
          84          88   1.2613183169560920     
          87          88   1.2274239319910718     
          87          89   1.3580291418307815     
          89          90   1.3592965879822203     
          90          91   1.1744391862266055     
          91          92   1.6415655178948767     
          92          93   1.1826890129665237     
          79          94  0.71967807956378571     
          90          94   1.2260352576220668     
          93          94   1.2628572075169688     
          75          95   1.1671259627144275     
          93          95   1.2596159546369714     
          95          96   1.2608846403800071     
          96          97   1.1824947100750240     
          97          98   1.6414254679688924     
          98          99   1.1748120052509805     
          79         100  0.71951665863460867     
          96         100   1.2616182743654070     
          99         100   1.2273935844304704     
          99         101   1.3576884294506182     
          80         102   1.1741853494232155     
         101         102   1.3597583960272619     
          79         103  0.71935629861759631     
          82         103   1.2632035459870719     
         102         103   1.2257842363877189     
          80         104  0.97198975956830047     
          81         105  0.96851785429306458     
          85         106  0.96710007278320831     
          86         107  0.97201037154626713     
          89         108  0.96302537059457693     
          91         109  0.97200005305706560     
          92         110  0.96752345418763541     
          97         111  0.96751185824611730     
          98         112  0.97200400437914003     
         101         113  0.96301883787565212     
         115         116   1.6415670178343453     
         116         117   1.1826500714893540     
          76         118   1.1671106201293977     
         117         118   1.2598258886463078     
         118         119   1.2607026208746532     
         119         120   1.1825792487984077     
         120         121   1.6413556211926903     
         121         122   1.1748549621499280     
         114         123  0.71958602733499766     
         119         123   1.2616479451237752     
         122         123   1.2272309302883400     
         122         124   1.3577723525585268     
         124         125   1.3597058903384138     
         125         126   1.1742293099804892     
         126         127   1.6419995131735572     
         127         128   1.1823281072983098     
         114         129  0.71928915105656155     
         125         129   1.2258134101236828     
         128         129   1.2631321460010996     
          77         130   1.1663037257758875     
         128         130   1.2593069903272387     
         130         131   1.2618883876456519     
         131         132   1.1823158369771483     
         132         133   1.6416910469316113     
         133         134   1.1745449097867506     
         114         135  0.71989099473096740     
         131         135   1.2614569028240268     
         134         135   1.2271317877022097     
         134         136   1.3582950728906109     
         115         137   1.1744792990247297     
         136         137   1.3591035069547206     
         114         138  0.71958146577119375     
         117         138   1.2627443559325593     
         137         138   1.2262087478912747     
         115         139  0.97200343637841591     
         116         140  0.96749496452777406     
         120         141  0.96755609608406090     
         121         142  0.97200619009091171     
         124         143  0.96301284541687004     
         126         144  0.97199314933466852     
         127         145  0.96855857945088553     
         132         146  0.96696849367096105     
         133         147  0.97200573089913256     
         136         148  0.96302167146375239     
