   -0.29208499
   -0.05212828
   -0.05047618
    0.07364945
    0.02551588
    0.07365032
   -0.05047956
   -0.05213539
    0.07310836
   -0.04776612
   -0.04140574
    0.07427755
   -0.05123451
   -0.05129484
    0.07457886
   -0.04673654
   -0.04311055
    0.07457738
   -0.05130046
   -0.05123878
    0.07427502
   -0.04667225
   -0.04140142
    0.07310830
   -0.04785000
    0.03532780
    0.03712918
    0.03718299
    0.03533133
    0.04917156
    0.03585338
    0.03577363
    0.04857007
    0.03577564
    0.03585429
    0.04917034
   -0.29213711
   -0.05213030
   -0.05048417
    0.07361803
    0.02551621
    0.07363196
   -0.05047925
   -0.05213186
    0.07312659
   -0.04778894
   -0.04143164
    0.07427949
   -0.05123424
   -0.05129459
    0.07458244
   -0.04675014
   -0.04312627
    0.07457951
   -0.05129979
   -0.05123757
    0.07427514
   -0.04667837
   -0.04142962
    0.07312405
   -0.04782648
    0.03533743
    0.03716730
    0.03719916
    0.03533222
    0.04915947
    0.03584754
    0.03576788
    0.04855967
    0.03577108
    0.03585145
    0.04916319
   -0.02090243
   -0.00913213
   -0.00843825
   -0.02169296
   -0.02111209
   -0.00875508
   -0.00861179
   -0.02125968
   -0.02126506
   -0.00861096
   -0.00876178
   -0.02111525
   -0.02164528
   -0.00840333
   -0.00910816
   -0.02084700
   -0.28621094
   -0.05197803
   -0.05041752
    0.07392885
    0.02583686
    0.07396495
   -0.05035388
   -0.05198621
    0.07298337
   -0.04950479
   -0.03942536
    0.07293008
   -0.05194632
   -0.05046259
    0.07402205
   -0.04954071
    0.02550310
    0.07402737
   -0.05047782
   -0.05194757
    0.07291607
   -0.04947457
   -0.03941031
    0.07296471
   -0.04947695
    0.03543775
    0.03725611
    0.03727426
    0.03541965
    0.04980598
    0.03542708
    0.03712229
    0.03714449
    0.03542826
    0.04981564
   -0.28604953
   -0.05194357
   -0.05043985
    0.07401571
    0.02566214
    0.07402573
   -0.05042969
   -0.05194305
    0.07294414
   -0.04947118
   -0.03934655
    0.07294604
   -0.05194387
   -0.05041731
    0.07402830
   -0.04950134
    0.02566388
    0.07400911
   -0.05045039
   -0.05194346
    0.07294106
   -0.04946776
   -0.03934146
    0.07294175
   -0.04950261
    0.03547428
    0.03720360
    0.03719837
    0.03547437
    0.04987104
    0.03546929
    0.03719750
    0.03720527
    0.03547925
    0.04987583
   -0.28624527
   -0.05194310
   -0.05046537
    0.07402211
    0.02549489
    0.07402882
   -0.05046650
   -0.05194788
    0.07292625
   -0.04948370
   -0.03943759
    0.07299055
   -0.05197509
   -0.05041028
    0.07391447
   -0.04950542
    0.02584470
    0.07394127
   -0.05036106
   -0.05198060
    0.07299930
   -0.04949682
   -0.03944537
    0.07293164
   -0.04952380
    0.03542882
    0.03712728
    0.03714369
    0.03543084
    0.04981216
    0.03544841
    0.03729856
    0.03730504
    0.03543194
    0.04980272
