           2           3   1.6457151552137192     
           3           4   1.1782250058251595     
           4           5   1.2526354284580035     
           5           6   1.2527496867763226     
           6           7   1.1782202275308706     
           7           8   1.6457183381418443     
           8           9   1.1695876679546293     
           1          10  0.75265325804207028     
           6          10   1.2619766134051316     
           9          10   1.2267041700199268     
           9          11   1.3556902363439578     
          11          12   1.3530856674791969     
          12          13   1.1612987920770048     
          13          14   1.6609580069185959     
          14          15   1.1605988711189064     
           1          16  0.75121810818300239     
          12          16   1.2395241087091873     
          15          16   1.2421896941661625     
          15          17   1.3529669716335300     
          17          18   1.3529847025884387     
          18          19   1.1605968906742381     
          19          20   1.6609594917767136     
          20          21   1.1613009873133795     
           1          22  0.75140379066428964     
          18          22   1.2421206249726258     
          21          22   1.2394403911757754     
          21          23   1.3531101096622749     
           2          24   1.1695920504054900     
          23          24   1.3556721102761391     
           1          25  0.75238035382119439     
           4          25   1.2621166999241611     
          24          25   1.2267755708085688     
           2          26  0.97179192641544776     
           3          27  0.97002704178402177     
           7          28  0.97001428378960675     
           8          29  0.97178971976659423     
          11          30  0.96377337670971341     
          13          31  0.97168327630305529     
          14          32  0.97171106114241512     
          17          33  0.96408040683650276     
          19          34  0.97170853694591375     
          20          35  0.97168106041310720     
          23          36  0.96377231474648151     
          38          39   1.6457766262578979     
          39          40   1.1781691561505987     
          40          41   1.2530150410135721     
          41          42   1.2531334181905944     
          42          43   1.1781476783280516     
          43          44   1.6458085379362937     
          44          45   1.1695474833850323     
          37          46  0.75265299471455238     
          42          46   1.2617598889951882     
          45          46   1.2268323349802552     
          45          47   1.3556084502614953     
          47          48   1.3531690625344837     
          48          49   1.1612721381191400     
          49          50   1.6610043551907814     
          50          51   1.1605705014251642     
          37          52  0.75123488694411955     
          48          52   1.2394978882467078     
          51          52   1.2421830932369446     
          51          53   1.3529972878810821     
          53          54   1.3529940449546896     
          54          55   1.1605722573972401     
          55          56   1.6610148751097213     
          56          57   1.1612550614867057     
          37          58  0.75142479444113330     
          54          58   1.2421397591810939     
          57          58   1.2394016442543496     
          57          59   1.3532295242338379     
          38          60   1.1695815799255727     
          59          60   1.3555461072323158     
          37          61  0.75251837450755832     
          40          61   1.2618075621046354     
          60          61   1.2269003166583010     
          38          62  0.97179066263051173     
          39          63  0.97001265698168992     
          43          64  0.97000949191551122     
          44          65  0.97178910764277604     
          47          66  0.96377420623651777     
          49          67  0.97168363171580341     
          50          68  0.97171124525409969     
          53          69  0.96408118487207795     
          55          70  0.97170889192124477     
          56          71  0.97168139141906307     
          59          72  0.96377437621566142     
           5          73   1.1797512203853580     
          73          74   2.4758095243044194     
          74          75   1.3017670656265561     
          73          76  0.20377941950511702     
          75          76   2.4742287833437939     
          77          78   2.4716914949203344     
          78          79   1.3038969179490598     
          77          80  0.20343043130953059     
          79          80   2.4716241229699198     
          81          82   2.4716405193069302     
          82          83   1.3038922885400148     
          81          84  0.20344172891295167     
          83          84   2.4717268803280250     
          85          86   2.4748785179444632     
          86          87   1.3010232989399744     
          41          88   1.1789595814768581     
          85          88  0.20358779635691210     
          87          88   2.4764603489050305     
          90          91   1.6440053244593975     
          91          92   1.1790441382231411     
          76          93   1.1819682943656991     
          92          93   1.2501537370170062     
          93          94   1.2506122075306223     
          94          95   1.1790422599102139     
          95          96   1.6440066000252553     
          96          97   1.1710545690916869     
          89          98  0.74884495296202480     
          94          98   1.2642858332221740     
          97          98   1.2256058672953256     
          97          99   1.3541483267146766     
          99         100   1.3549546214566688     
         100         101   1.1709169555151788     
         101         102   1.6440981443977623     
         102         103   1.1790097439485789     
          89         104  0.74881925202512956     
         100         104   1.2250861873349066     
         103         104   1.2648449385856790     
          77         105   1.1831767749160849     
         103         105   1.2497757267952962     
         105         106   1.2496976514877640     
         106         107   1.1790002095052019     
         107         108   1.6440751128534890     
         108         109   1.1709590325062709     
          89         110  0.74893202081947452     
         106         110   1.2648710786049069     
         109         110   1.2249956183160948     
         109         111   1.3549510422228237     
          90         112   1.1710874843358547     
         111         112   1.3542080413307234     
          89         113  0.74875062387046032     
          92         113   1.2644811642547740     
         112         113   1.2255003442439711     
          90         114  0.97177012629511639     
          91         115  0.97002401023230056     
          95         116  0.97002498920602576     
          96         117  0.97177202153629150     
          99         118  0.96348056372512914     
         101         119  0.97177392122328177     
         102         120  0.97003634482883705     
         107         121  0.97003044456777976     
         108         122  0.97177117987716011     
         111         123  0.96347451472010126     
         125         126   1.6439233157130433     
         126         127   1.1791093961246624     
          80         128   1.1832886557650142     
         127         128   1.2496342095303461     
         128         129   1.2497003127820834     
         129         130   1.1790917692425693     
         130         131   1.6439464487489683     
         131         132   1.1710565599484248     
         124         133  0.74880139187133554     
         129         133   1.2648220641104340     
         132         133   1.2251821332482491     
         132         134   1.3545832609416513     
         134         135   1.3545502912371374     
         135         136   1.1710686295480413     
         136         137   1.6439294032424729     
         137         138   1.1791008007121124     
         124         139  0.74874616749187650     
         135         139   1.2252240125143745     
         138         139   1.2648219913028869     
          81         140   1.1832785056195729     
         138         140   1.2497624599168495     
         140         141   1.2495847705094503     
         141         142   1.1790998837662610     
         142         143   1.6439420239870746     
         143         144   1.1710657723750495     
         124         145  0.74877306676904343     
         141         145   1.2648513668843195     
         144         145   1.2251673882381626     
         144         146   1.3545858129894131     
         125         147   1.1710770169501070     
         146         147   1.3545675314034260     
         124         148  0.74870464820087523     
         127         148   1.2648692820392222     
         147         148   1.2251991587957962     
         125         149  0.97177034942970397     
         126         150  0.97003454579154380     
         130         151  0.97002694143333545     
         131         152  0.97176974802178451     
         134         153  0.96346924463381245     
         136         154  0.97177080091878698     
         137         155  0.97003242705051373     
         142         156  0.97002873835414616     
         143         157  0.97176892862257735     
         146         158  0.96346648816597780     
         160         161   1.6441374529669290     
         161         162   1.1789820019485129     
          84         163   1.1831437933348481     
         162         163   1.2497657632137027     
         163         164   1.2497804511156765     
         164         165   1.1789742587781058     
         165         166   1.6441307549056825     
         166         167   1.1709042596466490     
         159         168  0.74896894937332736     
         164         168   1.2648250461184531     
         167         168   1.2250005583672583     
         167         169   1.3550292777765658     
         169         170   1.3541070287538255     
         170         171   1.1710480374137002     
         171         172   1.6440884082600808     
         172         173   1.1789757588089766     
         159         174  0.74876259054267968     
         170         174   1.2256543783420684     
         173         174   1.2642180556284996     
          85         175   1.1811845563765866     
         173         175   1.2505769280770873     
         175         176   1.2509371820206159     
         176         177   1.1789552734480611     
         177         178   1.6441019058098458     
         178         179   1.1710210110144712     
         159         180  0.74890542820718675     
         176         180   1.2640705172244640     
         179         180   1.2256985569976242     
         179         181   1.3540743992510071     
         160         182   1.1708974335041897     
         181         182   1.3550272773418779     
         159         183  0.74886549612412601     
         162         183   1.2648516562966243     
         182         183   1.2250435253177046     
         160         184  0.97177305707761230     
         161         185  0.97004076353585200     
         165         186  0.97002640113166660     
         166         187  0.97177142806754646     
         169         188  0.96347671089912545     
         171         189  0.97176945845685825     
         172         190  0.97001646168368760     
         177         191  0.97001320684422054     
         178         192  0.97177022658073853     
         181         193  0.96348027902524258     
