    0.56019644
   -0.05607567
   -0.05278142
    0.06584387
    0.00839191
    0.06589680
   -0.05269676
   -0.05608029
    0.06885111
   -0.21475468
   -0.05765993
    0.06986568
   -0.05510693
   -0.05363369
    0.06587078
   -0.21286739
   -0.06194166
    0.06585370
   -0.05363824
   -0.05511469
    0.06986971
   -0.21287387
   -0.05766719
    0.06883265
   -0.21459535
    0.03050955
    0.03331495
    0.03318916
    0.03047119
    0.04774388
    0.03082705
    0.03031932
    0.04826378
    0.03031333
    0.03082963
    0.04776470
   -0.02227677
   -0.01331014
   -0.01328837
   -0.02232195
    0.56030211
   -0.05607813
   -0.05281551
    0.06580119
    0.00839970
    0.06591657
   -0.05263913
   -0.05607270
    0.06886022
   -0.21478529
   -0.05766310
    0.06986710
   -0.05510085
   -0.05362795
    0.06585412
   -0.21290124
   -0.06193798
    0.06584946
   -0.05364002
   -0.05511866
    0.06986051
   -0.21286728
   -0.05764872
    0.06882643
   -0.21456413
    0.03053953
    0.03329801
    0.03320615
    0.03046550
    0.04773359
    0.03082440
    0.03032307
    0.04826598
    0.03031776
    0.03083836
    0.04777676
