           2           3   1.6459671136467269     
           3           4   1.1791311891845526     
           4           5   1.2623582076651914     
           5           6   1.2623756380915614     
           6           7   1.1793308854161579     
           7           8   1.6457728328730821     
           8           9   1.1720920764076315     
           1          10  0.65281983144495892     
           6          10   1.2479187299211316     
           9          10   1.2267579865120144     
           9          11   1.3591341086760149     
          11          12   1.3593905119413636     
          12          13   1.1644771175164974     
          13          14   1.6597907704974346     
          14          15   1.1622644529045350     
           1          16  0.65968790563159241     
          12          16   1.2351345169985088     
          15          16   1.2296084186057739     
          15          17   1.3602916160226852     
          17          18   1.3602824418031587     
          18          19   1.1623137805718791     
          19          20   1.6596896730005133     
          20          21   1.1645673623179693     
           1          22  0.65961148258829105     
          18          22   1.2295436407553719     
          21          22   1.2352457306443434     
          21          23   1.3591728585949179     
           2          24   1.1720339336674177     
          23          24   1.3593715670115274     
           1          25  0.65348763292033618     
           4          25   1.2477937810830562     
          24          25   1.2264733627054629     
           2          26  0.97247792576111269     
           3          27  0.97011697639543659     
           7          28  0.97012929475647758     
           8          29  0.97248554164197554     
          11          30  0.96460878239791048     
          13          31  0.97240723238755145     
          14          32  0.97219818413092773     
          17          33  0.96329997803978995     
          19          34  0.97219890454847879     
          20          35  0.97240853945231764     
          23          36  0.96460920458071908     
           5          37   1.1721485026528371     
          37          38   2.4853451316993631     
          38          39   1.2955301165344453     
          37          40  0.20502704079919742     
          39          40   2.4852755262607835     
          42          43   1.6457591487213583     
          43          44   1.1793301635677254     
          40          45   1.1722273696047829     
          44          45   1.2618579015355338     
          45          46   1.2626839414200872     
          46          47   1.1793014350095561     
          47          48   1.6457915445676368     
          48          49   1.1720246699018726     
          41          50  0.65293231499617965     
          46          50   1.2478257589454609     
          49          50   1.2267797277951107     
          49          51   1.3591836790404122     
          51          52   1.3592485957875260     
          52          53   1.1645098537885952     
          53          54   1.6597254695440584     
          54          55   1.1623242592267682     
          41          56  0.65965541702396191     
          52          56   1.2352227321074669     
          55          56   1.2295272316397523     
          55          57   1.3603015923759418     
          57          58   1.3602045223848798     
          58          59   1.1623525082856725     
          59          60   1.6596173385800892     
          60          61   1.1646255179355123     
          41          62  0.65969622458193899     
          58          62   1.2295393690254395     
          61          62   1.2352020207402430     
          61          63   1.3591497459434572     
          42          64   1.1721429510864321     
          63          64   1.3593491574829040     
          41          65  0.65366973649957572     
          44          65   1.2477907257962293     
          64          65   1.2263499383743797     
          42          66  0.97247724423950965     
          43          67  0.97011602263500130     
          47          68  0.97014370740203681     
          48          69  0.97248677760103941     
          51          70  0.96461908894403248     
          53          71  0.97241054991680709     
          54          72  0.97219639296128213     
          57          73  0.96330674504378300     
          59          74  0.97220055749234457     
          60          75  0.97240854105216457     
          63          76  0.96461024614564594     
