    0.24473987
   -0.05190926
   -0.05049806
    0.07739897
    0.01650618
    0.07744189
   -0.05043454
   -0.05191625
    0.07570162
   -0.17696829
   -0.04968575
    0.07697936
   -0.05096304
   -0.05109589
    0.07747513
   -0.17473485
   -0.05142274
    0.07747583
   -0.05109611
   -0.05096436
    0.07697995
   -0.17475246
   -0.04967482
    0.07568803
   -0.17690494
    0.03381230
    0.03579917
    0.03578518
    0.03379097
    0.04932677
    0.03439886
    0.03431327
    0.04868723
    0.03431109
    0.03439831
    0.04933892
    0.24473719
   -0.05190906
   -0.05048680
    0.07738480
    0.01650129
    0.07743372
   -0.05043496
   -0.05191101
    0.07570629
   -0.17698327
   -0.04970638
    0.07698110
   -0.05096626
   -0.05109497
    0.07747308
   -0.17473705
   -0.05143775
    0.07747486
   -0.05109835
   -0.05096575
    0.07698287
   -0.17476198
   -0.04969551
    0.07570518
   -0.17692129
    0.03381978
    0.03578574
    0.03578287
    0.03378605
    0.04931754
    0.03439743
    0.03430764
    0.04868023
    0.03430628
    0.03439334
    0.04932832
   -0.01893593
   -0.01073485
   -0.00184304
   -0.00261654
   -0.01000087
   -0.01976745
   -0.01913395
   -0.01027765
   -0.00195042
   -0.00215230
   -0.01007610
   -0.01933674
   -0.01921018
   -0.01014763
   -0.00201479
   -0.00201332
   -0.01014635
   -0.01920852
   -0.01934112
   -0.01008026
   -0.00215864
   -0.00195438
   -0.01028539
   -0.01913734
   -0.01973052
   -0.00998553
   -0.00258967
   -0.00180765
   -0.01073159
   -0.01889283
    0.24656295
   -0.05171602
   -0.05044586
    0.07761850
    0.01697994
    0.07764517
   -0.05042186
   -0.05172393
    0.07526370
   -0.17702832
   -0.04750631
    0.07521957
   -0.05167024
   -0.05052086
    0.07772322
   -0.17706477
    0.01660868
    0.07773792
   -0.05050000
   -0.05167358
    0.07521841
   -0.17707505
   -0.04750674
    0.07525773
   -0.17699816
    0.03399132
    0.03595058
    0.03594983
    0.03397701
    0.05009514
    0.03399464
    0.03584088
    0.03583361
    0.03398736
    0.05009627
    0.24660557
   -0.05166717
   -0.05046088
    0.07771384
    0.01683766
    0.07770604
   -0.05046500
   -0.05166539
    0.07525336
   -0.17697073
   -0.04741681
    0.07524852
   -0.05164988
   -0.05049443
    0.07772271
   -0.17699418
    0.01675343
    0.07774455
   -0.05046789
   -0.05165369
    0.07524954
   -0.17699389
   -0.04741793
    0.07525607
   -0.17698236
    0.03406570
    0.03594050
    0.03594174
    0.03406807
    0.05018957
    0.03407116
    0.03592243
    0.03591008
    0.03406636
    0.05018587
    0.24660819
   -0.05165562
   -0.05046255
    0.07774884
    0.01675148
    0.07771810
   -0.05050030
   -0.05164878
    0.07524983
   -0.17699175
   -0.04741478
    0.07525523
   -0.05166353
   -0.05046903
    0.07770715
   -0.17697567
    0.01683559
    0.07771728
   -0.05046022
   -0.05166547
    0.07525539
   -0.17697712
   -0.04741578
    0.07524990
   -0.17699599
    0.03406463
    0.03590821
    0.03592557
    0.03407444
    0.05019050
    0.03407037
    0.03594938
    0.03593846
    0.03406671
    0.05018525
    0.24656425
   -0.05167111
   -0.05052164
    0.07772515
    0.01660092
    0.07773684
   -0.05049630
   -0.05167068
    0.07522846
   -0.17707822
   -0.04752165
    0.07527727
   -0.05171335
   -0.05043971
    0.07761176
   -0.17701793
    0.01697783
    0.07763646
   -0.05041231
   -0.05171685
    0.07527963
   -0.17703397
   -0.04752237
    0.07522682
   -0.17706602
    0.03399967
    0.03584286
    0.03584078
    0.03399028
    0.05009182
    0.03399540
    0.03594891
    0.03595475
    0.03399152
    0.05009239
