           2           3   1.6503085319853268     
           3           4   1.1794737312180832     
           4           5   1.2503216632604133     
           5           6   1.2507747864346463     
           6           7   1.1794154771941958     
           7           8   1.6503562964250400     
           8           9   1.1710798901001713     
           1          10  0.48895699609244792     
           6          10   1.2860972794302126     
           9          10   1.2466543047811751     
           9          11   1.3577086449169700     
          11          12   1.3538345519655937     
          12          13   1.1627357585958158     
          13          14   1.6656967483972620     
          14          15   1.1620096956547790     
           1          16  0.49136510566567537     
          12          16   1.2610107785740823     
          15          16   1.2632071611338049     
          15          17   1.3541280606537847     
          17          18   1.3541311562748346     
          18          19   1.1619907671998981     
          19          20   1.6657177158151815     
          20          21   1.1627176199467932     
           1          22  0.49128018735898238     
          18          22   1.2632238652827801     
          21          22   1.2610456520068292     
          21          23   1.3538313372958659     
           2          24   1.1711279133338310     
          23          24   1.3577336646600842     
           1          25  0.48897047890727319     
           4          25   1.2861919828535739     
          24          25   1.2465530307759718     
           2          26  0.97241832923569738     
           3          27  0.97089133034846120     
           7          28  0.97088863079401100     
           8          29  0.97242227532393666     
          11          30  0.96389183974597537     
          13          31  0.97233057157147407     
          14          32  0.97234907263101988     
          17          33  0.96422548419100917     
          19          34  0.97234973149059123     
          20          35  0.97233057319495009     
          23          36  0.96388837799371763     
          38          39   1.6504296803292282     
          39          40   1.1793784806117289     
          40          41   1.2506625214208966     
          41          42   1.2509848827632812     
          42          43   1.1793544689218680     
          43          44   1.6503985389340112     
          44          45   1.1710781579447880     
          37          46  0.48895841422625363     
          42          46   1.2859956005678581     
          45          46   1.2467149710513215     
          45          47   1.3576491498622505     
          47          48   1.3539115851612458     
          48          49   1.1627022802487181     
          49          50   1.6657365499413226     
          50          51   1.1619915382339596     
          37          52  0.49139683197421646     
          48          52   1.2609959742456329     
          51          52   1.2632089143359173     
          51          53   1.3541462860810949     
          53          54   1.3541461816075668     
          54          55   1.1619834901837278     
          55          56   1.6657292311128393     
          56          57   1.1627126101597145     
          37          58  0.49129469835812323     
          54          58   1.2632236538953046     
          57          58   1.2610365585383025     
          57          59   1.3538629787485537     
          38          60   1.1710559686715707     
          59          60   1.3577064016035174     
          37          61  0.48898116803255559     
          40          61   1.2860210847142992     
          60          61   1.2466677762379477     
          38          62  0.97241962135713866     
          39          63  0.97088283588364754     
          43          64  0.97088543708796116     
          44          65  0.97241942501431167     
          47          66  0.96389241620852140     
          49          67  0.97233064404260883     
          50          68  0.97234905771241675     
          53          69  0.96422546336261084     
          55          70  0.97235004586981921     
          56          71  0.97233052024581679     
          59          72  0.96389129131440521     
           5          73   1.1873919359286949     
          73          74   2.4424677002187023     
          74          75   1.3323614379242035     
          73          76  0.19269612437516792     
          75          76   2.3564589606914357     
          76          77   1.3331393867028927     
          75          78  0.19245816034036090     
          77          78   2.4399304017171448     
          79          80   2.4380774421947611     
          80          81   1.3347103384459913     
          79          82  0.19220747191812187     
          81          82   2.3534677498890617     
          82          83   1.3347484787281845     
          81          84  0.19219547942034743     
          83          84   2.4379860144349834     
          85          86   2.4377926589868815     
          86          87   1.3349119788169312     
          85          88  0.19220877504868039     
          87          88   2.3532214772798743     
          88          89   1.3349122103599635     
          87          90  0.19221012560164702     
          89          90   2.4377953240191772     
          91          92   2.4379648014069129     
          92          93   1.3347628414076844     
          91          94  0.19220450091049618     
          93          94   2.3534528561227495     
          94          95   1.3347309474085733     
          93          96  0.19222477774718089     
          95          96   2.4380807946605354     
          97          98   2.4404656281747079     
          98          99   1.3326032250773929     
          97         100  0.19239720388984025     
          99         100   2.3570152775346642     
         100         101   1.3318216641067289     
          41         102   1.1868416064133034     
          99         102  0.19263232218059292     
         101         102   2.4429852632023823     
         104         105   1.6477380738559289     
         105         106   1.1811584394736183     
          78         107   1.1901198301417553     
         106         107   1.2479756664061803     
         107         108   1.2481436438958387     
         108         109   1.1811651140301773     
         109         110   1.6476920147126930     
         110         111   1.1733630066314142     
         103         112  0.48875320270667244     
         108         112   1.2872718737015028     
         111         112   1.2448589348957042     
         111         113   1.3557325093566892     
         113         114   1.3567726883029771     
         114         115   1.1731143783715536     
         115         116   1.6479721811775430     
         116         117   1.1809562751591989     
         103         118  0.48874846431332675     
         114         118   1.2442120441875661     
         117         118   1.2878639575706590     
          79         119   1.1909536421019196     
         117         119   1.2475098906457587     
         119         120   1.2476210157638046     
         120         121   1.1809720524916756     
         121         122   1.6479398175087518     
         122         123   1.1731338146539756     
         103         124  0.48876186052137627     
         120         124   1.2878311973250776     
         123         124   1.2442396600137562     
         123         125   1.3567278446565176     
         104         126   1.1733241658306053     
         125         126   1.3557721581164244     
         103         127  0.48874155217590887     
         106         127   1.2872946013167548     
         126         127   1.2448467389960769     
         104         128  0.97240631080166851     
         105         129  0.97089451687608985     
         109         130  0.97089294589860808     
         110         131  0.97240770192859216     
         113         132  0.96354154557813954     
         115         133  0.97240535078304335     
         116         134  0.97089745323797239     
         121         135  0.97089694857467435     
         122         136  0.97240633475430638     
         125         137  0.96354262361550047     
         139         140   1.6477460148468983     
         140         141   1.1811142941400368     
          84         142   1.1910815605800884     
         141         142   1.2475407847605644     
         142         143   1.2475091334390898     
         143         144   1.1811257784644480     
         144         145   1.6477363678456194     
         145         146   1.1733083787129475     
         138         147  0.48873620979663662     
         143         147   1.2877048412056666     
         146         147   1.2444823897793995     
         146         148   1.3561647425066621     
         148         149   1.3563954282684101     
         149         150   1.1732321029285646     
         150         151   1.6478321347275209     
         151         152   1.1810419943540669     
         138         153  0.48869547150940795     
         149         153   1.2443634671650432     
         152         153   1.2878212267112372     
          85         154   1.1911513058852412     
         152         154   1.2474374209194607     
         154         155   1.2475321221445652     
         155         156   1.1810215280392566     
         156         157   1.6478403332718341     
         157         158   1.1732301722673890     
         138         159  0.48873936062070217     
         155         159   1.2878383775183775     
         158         159   1.2443462049165859     
         158         160   1.3564074193385731     
         139         161   1.1732971312320211     
         160         161   1.3561579191610311     
         138         162  0.48869753649909381     
         141         162   1.2877113653436356     
         161         162   1.2444963314009565     
         139         163  0.97240183064123131     
         140         164  0.97089114838068968     
         144         165  0.97089328500613925     
         145         166  0.97240108550228643     
         148         167  0.96353132189287738     
         150         168  0.97240140275712905     
         151         169  0.97089926147632144     
         156         170  0.97088454713675443     
         157         171  0.97240227607100360     
         160         172  0.96353301686248893     
         174         175   1.6478329388085855     
         175         176   1.1810223044209285     
          90         177   1.1911473917772069     
         176         177   1.2475469661020919     
         177         178   1.2474210689076544     
         178         179   1.1810377631783786     
         179         180   1.6478308717577344     
         180         181   1.1732409058793385     
         173         182  0.48870180923395656     
         178         182   1.2878237758339242     
         181         182   1.2443469323544156     
         181         183   1.3564028002776121     
         183         184   1.3561729348848348     
         184         185   1.1733089983042595     
         185         186   1.6477376091783174     
         186         187   1.1811154054960713     
         173         188  0.48872493786534094     
         184         188   1.2444747910992784     
         187         188   1.2877127490958271     
          91         189   1.1910984979076398     
         187         189   1.2475161340388634     
         189         190   1.2475290066068789     
         190         191   1.1810895924100187     
         191         192   1.6477609302166192     
         192         193   1.1732965443644539     
         173         194  0.48870822689546267     
         190         194   1.2877504969201605     
         193         194   1.2444683635219611     
         193         195   1.3561800089966789     
         174         196   1.1732363879130543     
         195         196   1.3563983102704940     
         173         197  0.48873731817332716     
         176         197   1.2878429718309758     
         196         197   1.2443477172556947     
         174         198  0.97240261145705587     
         175         199  0.97088385911000441     
         179         200  0.97089945777234188     
         180         201  0.97240054566405876     
         183         202  0.96353068645516360     
         185         203  0.97240115990389531     
         186         204  0.97089487490130677     
         191         205  0.97088779529742153     
         192         206  0.97240183628887367     
         195         207  0.96353397563332344     
         209         210   1.6479959977082115     
         210         211   1.1809311275670198     
          96         212   1.1909464266078726     
         211         212   1.2475024419804199     
         212         213   1.2476832655578016     
         213         214   1.1809374198587668     
         214         215   1.6479839241354604     
         215         216   1.1731032775623145     
         208         217  0.48879763035295520     
         213         217   1.2878079317242221     
         216         217   1.2442439677477632     
         216         218   1.3567766295411887     
         218         219   1.3557251806071711     
         219         220   1.1733203703521782     
         220         221   1.6477790485958139     
         221         222   1.1811122110283265     
         208         223  0.48875572092278791     
         219         223   1.2449170984258082     
         222         223   1.2871497917069505     
          97         224   1.1895716178567322     
         222         224   1.2482249341218337     
         224         225   1.2484305823605000     
         225         226   1.1810327119377191     
         226         227   1.6478381323489990     
         227         228   1.1732815555297915     
         208         229  0.48875302408284188     
         225         229   1.2871639325348037     
         228         229   1.2449343557117341     
         228         230   1.3557325366389423     
         209         231   1.1731040171544074     
         230         231   1.3567965801895354     
         208         232  0.48875427094824053     
         211         232   1.2878757384501052     
         231         232   1.2442018455298232     
         209         233  0.97240514931118061     
         210         234  0.97089341284684794     
         214         235  0.97089868490859621     
         215         236  0.97240582605071180     
         218         237  0.96354375260876957     
         220         238  0.97240563146006631     
         221         239  0.97089901076654428     
         226         240  0.97087732393966031     
         227         241  0.97240630517337856     
         230         242  0.96354421603509133     
