   -0.05478473
   -0.05304589
    0.08699280
    0.01178305
    0.06402517
   -0.04983494
   -0.05179472
    0.06436051
   -0.08117016
   -0.05493315
    0.08682775
   -0.05374250
   -0.05377698
    0.08640761
   -0.32080571
   -0.05670684
    0.06493504
   -0.05105883
   -0.05088536
    0.06574136
   -0.08103796
   -0.05494228
    0.08553582
   -0.32469051
    0.01851291
    0.02063664
    0.04323673
    0.04142207
    0.21418431
    0.04703163
    0.01947613
    0.01951758
    0.04616173
    0.04192605
    0.04185366
    0.21448347
    0.04704068
   -0.05478213
   -0.05304063
    0.08705086
    0.01180631
    0.06406875
   -0.04984813
   -0.05179730
    0.06430312
   -0.08105494
   -0.05491339
    0.08679756
   -0.05373947
   -0.05378348
    0.08645120
   -0.32084321
   -0.05669681
    0.06499852
   -0.05106346
   -0.05087976
    0.06567703
   -0.08096553
   -0.05493155
    0.08550948
   -0.32473631
    0.01851323
    0.02063311
    0.04324014
    0.04144280
    0.21413435
    0.04703078
    0.01948264
    0.01951180
    0.04618142
    0.04193217
    0.04186860
    0.21440648
    0.04702734
   -0.02174849
   -0.01132979
   -0.01049978
   -0.02253524
   -0.02202080
   -0.01066049
   -0.01066235
   -0.02200956
   -0.02254669
   -0.01052561
   -0.01135831
   -0.02176478
   -0.05457142
   -0.05290690
    0.08675932
    0.01220951
    0.06346938
   -0.05012137
   -0.05184625
    0.06410078
   -0.08144887
   -0.05273102
    0.08519056
   -0.05455109
   -0.05298589
    0.08684982
   -0.32384596
    0.01189932
    0.06356268
   -0.05017380
   -0.05180388
    0.06403809
   -0.08149064
   -0.05269791
    0.08521945
   -0.32380023
    0.01864887
    0.02067215
    0.04295304
    0.04122906
    0.21457408
    0.04777627
    0.01867132
    0.02062269
    0.04288126
    0.04122456
    0.21454350
    0.04777981
   -0.05454961
   -0.05300514
    0.08687563
    0.01190059
    0.06361453
   -0.05017976
   -0.05180423
    0.06399194
   -0.08140311
   -0.05268042
    0.08519569
   -0.05457262
   -0.05292218
    0.08678933
   -0.32383418
    0.01221196
    0.06350763
   -0.05011686
   -0.05184476
    0.06405673
   -0.08137001
   -0.05271839
    0.08518201
   -0.32387265
    0.01867829
    0.02061883
    0.04290056
    0.04122835
    0.21447923
    0.04777283
    0.01864992
    0.02063633
    0.04295838
    0.04123184
    0.21451496
    0.04776616
