           1           2   1.7163900042790825     
           2           3   1.1217405026437941     
           3           4   1.2432576128421342     
           4           5   1.2478649431372215     
           5           6   1.2374806288992943     
           6           7   1.5923057559813556     
           7           8   1.2239508941237278     
           5           9   1.2259265680251237     
           8           9   1.2021362634799324     
           8          10   1.3443074341399595     
          10          11   1.3571622284127387     
          11          12   1.1067379931679553     
          12          13   1.7308897252479802     
          13          14   1.1090169805859333     
          11          15   1.3241184214641457     
          14          15   1.3250035062398933     
          14          16   1.3538294787140055     
          16          17   1.3464267996333075     
          17          18   1.2158665749084905     
          18          19   1.6080137009101620     
          19          20   1.2151327574019661     
          17          21   1.2097372972114195     
          20          21   1.2114344603229346     
          20          22   1.3417059797497788     
           1          23   1.1149396278701376     
          22          23   1.3668114631263069     
           3          24   1.3620876350567444     
          23          24   1.2987131699720345     
           1          25  0.97278436327943107     
           2          26  0.97152822849430354     
           6          27  0.97189207507853426     
           7          28  0.97291815975499896     
           9          29  0.89967474869522635     
          10          30  0.96365682732878466     
          12          31  0.97273986385675526     
          13          32  0.97279275612923133     
          16          33  0.96476727599999201     
          18          34  0.97289780760235833     
          19          35  0.97282675527825369     
          21          36  0.89999836362889074     
          22          37  0.96350068572784975     
          38          39   1.7163731296018458     
          39          40   1.1216817242383406     
          40          41   1.2431988274080461     
          41          42   1.2475550455899729     
          42          43   1.2375135729752509     
          43          44   1.5921773644301651     
          44          45   1.2241347275267076     
          42          46   1.2260964329569537     
          45          46   1.2019930010986264     
          45          47   1.3442531640898154     
          47          48   1.3572112534498213     
          48          49   1.1068090123535712     
          49          50   1.7308880346573621     
          50          51   1.1089339926006754     
          48          52   1.3240071926021044     
          51          52   1.3251461125605239     
          51          53   1.3537736423878148     
          53          54   1.3464472519059301     
          54          55   1.2158205262794690     
          55          56   1.6079271159683746     
          56          57   1.2153154702443230     
          54          58   1.2097675598892710     
          57          58   1.2112771120823722     
          57          59   1.3416633332602832     
          38          60   1.1149959093155883     
          59          60   1.3668747910863408     
          40          61   1.3622557948679881     
          60          61   1.2986051994473726     
          38          62  0.97278679004982316     
          39          63  0.97153315806105589     
          43          64  0.97186943904533640     
          44          65  0.97292165150903709     
          46          66  0.89989706339226672     
          47          67  0.96369121085298026     
          49          68  0.97274193301565814     
          50          69  0.97279078689980814     
          53          70  0.96473449412611512     
          55          71  0.97289625370326349     
          56          72  0.97282872812021259     
          58          73  0.90025662337164991     
          59          74  0.96353063967728525     
           4          75   1.1918123743493212     
          75          76   2.4611155385243557     
          76          77   1.3106104466831716     
          75          78  0.20150957816921608     
          77          78   2.4587365995844346     
          79          80   2.4546228280090681     
          80          81   1.3141477653462310     
          79          82  0.20102157649297947     
          81          82   2.4546318185702489     
          83          84   2.4582801866536474     
          84          85   1.3111050757375924     
          41          86   1.1921735213901763     
          83          86  0.20162991541967351     
          85          86   2.4607146779147948     
          87          88   1.7153284872127383     
          88          89   1.1238736766527306     
          78          90   1.1957020935270266     
          89          90   1.2416300342837792     
          90          91   1.2432031475025045     
          91          92   1.2417329642950616     
          92          93   1.5870433793485601     
          93          94   1.2280525894622372     
          91          95   1.2265076171450202     
          94          95   1.2036276385486211     
          94          96   1.3349849807776111     
          96          97   1.3722305031585871     
          97          98   1.1149761477338276     
          98          99   1.7153477182392520     
          99         100   1.1237624853813146     
          97         101   1.2941863710011239     
         100         101   1.3636454080674343     
          79         102   1.1980241971768470     
         100         102   1.2399258632921577     
         102         103   1.2425669620456787     
         103         104   1.2417519752590922     
         104         105   1.5870748879761731     
         105         106   1.2279153506544900     
         103         107   1.2270147919777283     
         106         107   1.2030975187964512     
         106         108   1.3358524161220491     
          87         109   1.1149651178399917     
         108         109   1.3710591006722890     
          89         110   1.3621543792478359     
         109         110   1.2954448408812507     
          87         111  0.97277027054981768     
          88         112  0.97165501435385149     
          92         113  0.97206286608624681     
          93         114  0.97292440524689683     
          95         115  0.89704245570106755     
          96         116  0.96295158621596277     
          98         117  0.97276694570625977     
          99         118  0.97165424763779584     
         104         119  0.97207490315129075     
         105         120  0.97292308697159002     
         107         121  0.89704779809767143     
         108         122  0.96295974223440539     
         123         124   1.7154075406428437     
         124         125   1.1236525282241290     
          82         126   1.1979888800754441     
         125         126   1.2398455144702258     
         126         127   1.2426187729710940     
         127         128   1.2416990952913594     
         128         129   1.5870301160920988     
         129         130   1.2280415559438693     
         127         131   1.2270717959464394     
         130         131   1.2029735082214663     
         130         132   1.3358228259094920     
         132         133   1.3711715424089372     
         133         134   1.1150336139971468     
         134         135   1.7152918616137081     
         135         136   1.1238413148195681     
         133         137   1.2952344928298305     
         136         137   1.3624686901495342     
          83         138   1.1961610006935668     
         136         138   1.2412668743044208     
         138         139   1.2431195719451553     
         139         140   1.2417705253512290     
         140         141   1.5869143167825839     
         141         142   1.2282107970924885     
         139         143   1.2265921910670805     
         142         143   1.2035058510898793     
         142         144   1.3349312533872246     
         123         145   1.1149955010049168     
         144         145   1.3723153435720961     
         125         146   1.3638011148236167     
         145         146   1.2940825560362959     
         123         147  0.97276581093086756     
         124         148  0.97164812033061942     
         128         149  0.97207071904267861     
         129         150  0.97292413354438512     
         131         151  0.89729831354409229     
         132         152  0.96297227639207139     
         134         153  0.97277158375973993     
         135         154  0.97165277260818361     
         140         155  0.97205765629186069     
         141         156  0.97292532765995710     
         143         157  0.89728325674457166     
         144         158  0.96296748940703525     
