    0.24435689
   -0.05209096
   -0.05049074
    0.07670457
    0.01820212
    0.07667464
   -0.05058301
   -0.05208995
    0.07564815
   -0.17636239
   -0.05000494
    0.07683378
   -0.05106175
   -0.05120975
    0.07738373
   -0.17471565
   -0.05169411
    0.07738479
   -0.05120246
   -0.05105862
    0.07683647
   -0.17473053
   -0.05002503
    0.07565057
   -0.17633322
    0.03379302
    0.03489288
    0.03498592
    0.03379226
    0.04915254
    0.03420778
    0.03414070
    0.04849172
    0.03414256
    0.03420804
    0.04914534
    0.24435548
   -0.05208970
   -0.05054997
    0.07669736
    0.01819936
    0.07669417
   -0.05051853
   -0.05208627
    0.07565963
   -0.17638709
   -0.05001922
    0.07683486
   -0.05106108
   -0.05120657
    0.07738053
   -0.17469456
   -0.05170027
    0.07738031
   -0.05120609
   -0.05106245
    0.07683865
   -0.17472233
   -0.05002141
    0.07565400
   -0.17634531
    0.03379359
    0.03497937
    0.03490870
    0.03379003
    0.04914764
    0.03421072
    0.03414459
    0.04849034
    0.03414128
    0.03420772
    0.04914733
   -0.02841997
   -0.02919119
   -0.02856080
   -0.02886418
   -0.02860759
   -0.02875074
   -0.02864148
   -0.02868567
   -0.02868422
   -0.02864516
   -0.02875187
   -0.02861083
   -0.02886715
   -0.02856127
   -0.02918947
   -0.02841450
    0.24588694
   -0.05193156
   -0.05045605
    0.07688626
    0.01861057
    0.07689096
   -0.05050178
   -0.05192146
    0.07520474
   -0.17630518
   -0.04810998
    0.07511479
   -0.05192692
   -0.05058645
    0.07700036
   -0.17635936
    0.01821094
    0.07700490
   -0.05067965
   -0.05193269
    0.07511293
   -0.17638039
   -0.04809951
    0.07520065
   -0.17629428
    0.03397672
    0.03512194
    0.03526807
    0.03397216
    0.04990167
    0.03394081
    0.03491059
    0.03503363
    0.03393877
    0.04990677
    0.24602030
   -0.05192740
   -0.05062123
    0.07696802
    0.01852787
    0.07699917
   -0.05050997
   -0.05192972
    0.07511085
   -0.17629413
   -0.04793576
    0.07507584
   -0.05193623
   -0.05062944
    0.07703323
   -0.17631743
    0.01836301
    0.07702903
   -0.05063685
   -0.05194043
    0.07507075
   -0.17629756
   -0.04793306
    0.07510866
   -0.17629545
    0.03400630
    0.03514598
    0.03499397
    0.03400099
    0.05001256
    0.03398683
    0.03498639
    0.03498873
    0.03398979
    0.05001767
    0.24609679
   -0.05193935
   -0.05059823
    0.07701860
    0.01851915
    0.07702642
   -0.05058767
   -0.05193736
    0.07507620
   -0.17629637
   -0.04786848
    0.07506226
   -0.05194276
   -0.05066072
    0.07704158
   -0.17630261
    0.01844906
    0.07705327
   -0.05058302
   -0.05193610
    0.07506562
   -0.17631758
   -0.04787350
    0.07507640
   -0.17628661
    0.03402056
    0.03503449
    0.03502555
    0.03401889
    0.05006594
    0.03401206
    0.03505126
    0.03495423
    0.03401101
    0.05006276
    0.24612248
   -0.05193740
   -0.05056976
    0.07705100
    0.01849704
    0.07703429
   -0.05065169
   -0.05194672
    0.07505966
   -0.17630574
   -0.04785176
    0.07505429
   -0.05194582
   -0.05061882
    0.07703839
   -0.17628032
    0.01849542
    0.07705032
   -0.05060677
   -0.05194292
    0.07506364
   -0.17631961
   -0.04785567
    0.07506510
   -0.17630765
    0.03401698
    0.03496446
    0.03505478
    0.03402060
    0.05008156
    0.03402528
    0.03499044
    0.03502479
    0.03401262
    0.05007322
    0.24611449
   -0.05194388
   -0.05064522
    0.07704027
    0.01845405
    0.07705414
   -0.05060172
   -0.05194703
    0.07506060
   -0.17631586
   -0.04787002
    0.07507195
   -0.05194025
   -0.05057314
    0.07703296
   -0.17630494
    0.01852306
    0.07702720
   -0.05062648
   -0.05194714
    0.07506537
   -0.17630281
   -0.04785282
    0.07505075
   -0.17630384
    0.03401378
    0.03500926
    0.03497253
    0.03400571
    0.05006357
    0.03401544
    0.03499024
    0.03505630
    0.03401560
    0.05007059
    0.24603753
   -0.05194199
   -0.05067375
    0.07702759
    0.01836902
    0.07704665
   -0.05060150
   -0.05194334
    0.07507008
   -0.17632809
   -0.04792935
    0.07510701
   -0.05193029
   -0.05056628
    0.07698584
   -0.17628683
    0.01852874
    0.07698219
   -0.05055953
   -0.05192915
    0.07510814
   -0.17630894
   -0.04792564
    0.07506684
   -0.17630225
    0.03398923
    0.03503770
    0.03493044
    0.03398355
    0.05001571
    0.03400338
    0.03507992
    0.03504819
    0.03400430
    0.05001971
    0.24588173
   -0.05193183
   -0.05062118
    0.07699460
    0.01820279
    0.07698795
   -0.05064832
   -0.05192967
    0.07511206
   -0.17635436
   -0.04810295
    0.07520483
   -0.05192389
   -0.05051490
    0.07687627
   -0.17630056
    0.01861114
    0.07691097
   -0.05044250
   -0.05192056
    0.07521560
   -0.17634692
   -0.04811347
    0.07511444
   -0.17632915
    0.03394106
    0.03497016
    0.03498765
    0.03394217
    0.04990737
    0.03397727
    0.03523773
    0.03516797
    0.03396683
    0.04989947
