           2           3   1.6513327852909208     
           3           4   1.1782181888984973     
           4           5   1.2587819846083408     
           5           6   1.2584625227855148     
           6           7   1.1781753516067617     
           7           8   1.6513648551016340     
           8           9   1.1706274478523129     
           1          10  0.48883562240269007     
           6          10   1.2842226470373419     
           9          10   1.2484090302968109     
           9          11   1.3567452557541344     
          11          12   1.3546217845158068     
          12          13   1.1625769498815166     
          13          14   1.6658650208314514     
          14          15   1.1619029974383306     
           1          16  0.49166161766055400     
          12          16   1.2607090855854628     
          15          16   1.2633090007065104     
          15          17   1.3541395759089525     
          17          18   1.3541908209940055     
          18          19   1.1619141726112974     
          19          20   1.6658678426345104     
          20          21   1.1625647661547487     
           1          22  0.49172923894022202     
          18          22   1.2632565149377706     
          21          22   1.2607017430049547     
          21          23   1.3546489985525823     
           2          24   1.1706549717982009     
          23          24   1.3566809094624634     
           1          25  0.48912073727059202     
           4          25   1.2839738917069967     
          24          25   1.2484515403055567     
           2          26  0.97240993560702393     
           3          27  0.96864811140989404     
           7          28  0.96874028693864989     
           8          29  0.97241025390378932     
          11          30  0.96392723366446709     
          13          31  0.97234082800049082     
          14          32  0.97236168577451709     
          17          33  0.96425372716127300     
          19          34  0.97236113322155882     
          20          35  0.97234137012100208     
          23          36  0.96392783124503967     
          38          39   1.6514028291609908     
          39          40   1.1781410406550510     
          40          41   1.2586758062512595     
          41          42   1.2587070109405230     
          42          43   1.1781371148107165     
          43          44   1.6514150712967148     
          44          45   1.1705921268087884     
          37          46  0.48881940710683602     
          42          46   1.2841088954039139     
          45          46   1.2484951690653225     
          45          47   1.3567094543707565     
          47          48   1.3546449916590910     
          48          49   1.1626054900698330     
          49          50   1.6658252751685718     
          50          51   1.1619480130506523     
          37          52  0.49183809647423632     
          48          52   1.2606593538496571     
          51          52   1.2632438780224136     
          51          53   1.3541561117305625     
          53          54   1.3541899758337292     
          54          55   1.1619241746125366     
          55          56   1.6658475884699173     
          56          57   1.1625866457838028     
          37          58  0.49174908642728238     
          54          58   1.2632397757796028     
          57          58   1.2607111468625209     
          57          59   1.3546216303917933     
          38          60   1.1706109742858435     
          59          60   1.3567379673407720     
          37          61  0.48895156464256229     
          40          61   1.2841055828242265     
          60          61   1.2484378342710016     
          38          62  0.97240966593253275     
          39          63  0.96871860289593625     
          43          64  0.96875964646062496     
          44          65  0.97241084500075270     
          47          66  0.96392743913050682     
          49          67  0.97234063155111161     
          50          68  0.97236056247668956     
          53          69  0.96425195125962959     
          55          70  0.97236243396054889     
          56          71  0.97234143315669130     
          59          72  0.96392797096635796     
           5          73   1.1676632862308254     
          73          74   2.5786249484615316     
          75          76   2.5739654478307741     
          77          78   2.5728076229305330     
          79          80   2.5723826676286170     
          81          82   2.5722732471561622     
          83          84   2.5726293229056267     
          85          86   2.5739468768468106     
          41          88   1.1675234828171759     
          87          88   2.5787074468096058     
          90          91   1.6492334014287187     
          91          92   1.1795243999676868     
          74          93   1.1690848109733689     
          92          93   1.2567971565813814     
          93          94   1.2567609300013971     
          94          95   1.1795034963589743     
          95          96   1.6492655167412344     
          96          97   1.1724789961680113     
          89          98  0.48916482320003718     
          94          98   1.2850100511772975     
          97          98   1.2465695732305806     
          97          99   1.3554795929379038     
          99         100   1.3565050561879244     
         100         101   1.1724205586140952     
         101         102   1.6491104298305863     
         102         103   1.1797059259049070     
          89         104  0.48908215483178996     
         100         104   1.2457890958967814     
         103         104   1.2859579362886564     
          75         105   1.1724838982702155     
         103         105   1.2552271670038120     
         105         106   1.2549487418954324     
         106         107   1.1796646730503346     
         107         108   1.6491142829028083     
         108         109   1.1724354968891144     
          89         110  0.48889879814830006     
         106         110   1.2861914853553504     
         109         110   1.2456878797691433     
         109         111   1.3565783530939197     
          90         112   1.1724920457183967     
         111         112   1.3554315034114690     
          89         113  0.48913902345064120     
          92         113   1.2849999087117248     
         112         113   1.2466039067445105     
          90         114  0.97239531123703316     
          91         115  0.96865511762584300     
          95         116  0.96874490299456106     
          96         117  0.97239537015896327     
          99         118  0.96358924803995838     
         101         119  0.97239635968483928     
         102         120  0.96808969397533029     
         107         121  0.96801473918083414     
         108         122  0.97239582676981562     
         111         123  0.96358741940394999     
         125         126   1.6486604872510633     
         126         127   1.1800226443139432     
          76         128   1.1727273714249469     
         127         128   1.2548058365894585     
         128         129   1.2550088237304153     
         129         130   1.1800112287986797     
         130         131   1.6486746619256434     
         131         132   1.1727616816469517     
         124         133  0.48896671266335795     
         129         133   1.2858814736327124     
         132         133   1.2460061139683059     
         132         134   1.3557073752294522     
         134         135   1.3562229726072075     
         135         136   1.1727329612107007     
         136         137   1.6486327584211908     
         137         138   1.1800991270926251     
         124         139  0.48895377533649409     
         135         139   1.2456021233121555     
         138         139   1.2863033920647937     
          77         140   1.1740775629293922     
         138         140   1.2542497368748777     
         140         141   1.2542322066755363     
         141         142   1.1801197387236144     
         142         143   1.6486110277562025     
         143         144   1.1727458800346273     
         124         145  0.48901365830742549     
         141         145   1.2862814631070130     
         144         145   1.2455966291815666     
         144         146   1.3562169486653468     
         125         147   1.1727740343263044     
         146         147   1.3557260759496057     
         124         148  0.48890477622434358     
         127         148   1.2859229598839161     
         147         148   1.2459751842169775     
         125         149  0.97239587023200302     
         126         150  0.96802979324017657     
         130         151  0.96808921501811418     
         131         152  0.97239742265769369     
         134         153  0.96355537845690065     
         136         154  0.97239541609691194     
         137         155  0.96757837115429246     
         142         156  0.96751529337557995     
         143         157  0.97239461501477065     
         146         158  0.96355246805296879     
         160         161   1.6484190077244252     
         161         162   1.1802682944027252     
          78         163   1.1741968615389462     
         162         163   1.2541588863605675     
         163         164   1.2541680063276321     
         164         165   1.1802565618676828     
         165         166   1.6484197396051230     
         166         167   1.1728910491632560     
         159         168  0.48892053715875627     
         164         168   1.2862184159219221     
         167         168   1.2457226650715194     
         167         169   1.3558402630738560     
         169         170   1.3560545642972590     
         170         171   1.1728657002184033     
         171         172   1.6484248728109874     
         172         173   1.1802734982807308     
         159         174  0.48890045964070494     
         170         174   1.2455652415991325     
         173         174   1.2863943127670572     
          79         175   1.1746810451322298     
         173         175   1.2538444142189300     
         175         176   1.2539953191503082     
         176         177   1.1802630046211706     
         177         178   1.6484456726011480     
         178         179   1.1728454224202363     
         159         180  0.48889418275608748     
         176         180   1.2863603723328694     
         179         180   1.2455946879801556     
         179         181   1.3560591165157438     
         160         182   1.1728872246213415     
         181         182   1.3558220241858387     
         159         183  0.48896014051421349     
         162         183   1.2861779449130222     
         182         183   1.2457439795311456     
         160         184  0.97239655507735834     
         161         185  0.96752243242773783     
         165         186  0.96758418123461232     
         166         187  0.97239602481636145     
         169         188  0.96353493137011093     
         171         189  0.97239471103761388     
         172         190  0.96726364424312294     
         177         191  0.96744494047314589     
         178         192  0.97239586096022879     
         181         193  0.96353663642208209     
         195         196   1.6483759422354081     
         196         197   1.1803193824866229     
          80         198   1.1747209388734108     
         197         198   1.2539716181558875     
         198         199   1.2538132600517331     
         199         200   1.1803292971889023     
         200         201   1.6483492370579635     
         201         202   1.1729179578889382     
         194         203  0.48886075838082910     
         199         203   1.2863546888060267     
         202         203   1.2456248267963859     
         202         204   1.3559098696693788     
         204         205   1.3559801633860920     
         205         206   1.1729345103674527     
         206         207   1.6483312330330908     
         207         208   1.1803526499651431     
         194         209  0.48894892915329652     
         205         209   1.2455360254573735     
         208         209   1.2864115225344523     
          81         210   1.1748896940988953     
         208         210   1.2537415706642328     
         210         211   1.2538835847715293     
         211         212   1.1803547631162834     
         212         213   1.6483481518255316     
         213         214   1.1729065747188796     
         194         215  0.48890268264236370     
         211         215   1.2863172468522046     
         214         215   1.2456428767647445     
         214         216   1.3559137279232651     
         195         217   1.1728964176497356     
         216         217   1.3559357684494044     
         194         218  0.48891248868099940     
         197         218   1.2863263396061233     
         217         218   1.2456268977407619     
         195         219  0.97239695137517146     
         196         220  0.96744566752632333     
         200         221  0.96726804858186399     
         201         222  0.97239562514882116     
         204         223  0.96352848285644810     
         206         224  0.97239504793556264     
         207         225  0.96721678605166272     
         212         226  0.96731833270398715     
         213         227  0.97239688358602039     
         216         228  0.96353122953239101     
         230         231   1.6483705951408969     
         231         232   1.1803221587202493     
          82         233   1.1748714919098844     
         232         233   1.2536885534323501     
         233         234   1.2539497264961004     
         234         235   1.1803284515850923     
         235         236   1.6483701803946413     
         236         237   1.1728953715332255     
         229         238  0.48896245683622241     
         234         238   1.2863011178838313     
         237         238   1.2456091067881616     
         237         239   1.3559862593329493     
         239         240   1.3558759340426834     
         240         241   1.1728788269507477     
         241         242   1.6484141475983771     
         242         243   1.1802831085170757     
         229         244  0.48890770954817542     
         240         244   1.2457045316533266     
         243         244   1.2862500740427831     
          83         245   1.1744641584474436     
         243         245   1.2540923345903794     
         245         246   1.2539631463856069     
         246         247   1.1803215744650770     
         247         248   1.6483463840086263     
         248         249   1.1729353142954566     
         229         250  0.48888340886963499     
         246         250   1.2862736538333630     
         249         250   1.2456932267597205     
         249         251   1.3558085619322071     
         230         252   1.1728998625473683     
         251         252   1.3560866734485890     
         229         253  0.48889879704696876     
         232         253   1.2864861329808139     
         252         253   1.2454779488808034     
         230         254  0.97239516696059947     
         231         255  0.96731196634573080     
         235         256  0.96722390204571329     
         236         257  0.97239669731377032     
         239         258  0.96353507759737145     
         241         259  0.97239693725686416     
         242         260  0.96747693825581516     
         247         261  0.96741038694681547     
         248         262  0.97239648710756155     
         251         263  0.96353029401728874     
         265         266   1.6485593123089135     
         266         267   1.1801666029409494     
          84         268   1.1743409709979220     
         267         268   1.2540471971934948     
         268         269   1.2541734623644964     
         269         270   1.1801550706736053     
         270         271   1.6485699511280849     
         271         272   1.1727644823566019     
         264         273  0.48895827745522863     
         269         273   1.2863398743653833     
         272         273   1.2455663368973269     
         272         274   1.3562270273617272     
         274         275   1.3556979576980142     
         275         276   1.1727911938855733     
         276         277   1.6486485200255137     
         277         278   1.1800330757154958     
         264         279  0.48897962505515991     
         275         279   1.2459699012426997     
         278         279   1.2858953799236907     
          85         280   1.1727688491313537     
         278         280   1.2548870084338883     
         280         281   1.2548750869557406     
         281         282   1.1800127015431119     
         282         283   1.6486667199295946     
         283         284   1.1727713730728027     
         264         285  0.48888825683693699     
         281         285   1.2859314413507228     
         284         285   1.2459826800742246     
         284         286   1.3557137766265135     
         265         287   1.1727790047234297     
         286         287   1.3562261858109952     
         264         288  0.48899502801549566     
         267         288   1.2863446436572645     
         287         288   1.2455393278325710     
         265         289  0.97239445296869476     
         266         290  0.96740075576941387     
         270         291  0.96747261441044063     
         271         292  0.97239635928380674     
         274         293  0.96355213422055086     
         276         294  0.97239685354027017     
         277         295  0.96805451183365687     
         282         296  0.96805170407400298     
         283         297  0.97239705989596836     
         286         298  0.96355005946005068     
         300         301   1.6490677381534904     
         301         302   1.1797364162623285     
          86         303   1.1724930938034894     
         302         303   1.2551480175041596     
         303         304   1.2550350600845326     
         304         305   1.1797132764133340     
         305         306   1.6490774274171327     
         306         307   1.1724631804809511     
         299         308  0.48907359041570381     
         304         308   1.2860684597639755     
         307         308   1.2457011271399696     
         307         309   1.3565435365088181     
         309         310   1.3554847145475231     
         310         311   1.1724477834002611     
         311         312   1.6492994943549788     
         312         313   1.1794688254928747     
         299         314  0.48904628274657469     
         310         314   1.2465970512588345     
         313         314   1.2850499757385125     
          87         315   1.1689433300173242     
         313         315   1.2567289355319440     
         315         316   1.2569629330306513     
         316         317   1.1794092418076851     
         317         318   1.6493600219997751     
         318         319   1.1724027775722290     
         299         320  0.48897698399377271     
         316         320   1.2850256382184835     
         319         320   1.2466610903389843     
         319         321   1.3554818315832811     
         300         322   1.1724630156949711     
         321         322   1.3565195730230630     
         299         323  0.48920602597863183     
         302         323   1.2859666061372745     
         322         323   1.2457268498877205     
         300         324  0.97239565713884590     
         301         325  0.96803778035157639     
         305         326  0.96804549018706154     
         306         327  0.97239549565937566     
         309         328  0.96358681528287571     
         311         329  0.97239421133847459     
         312         330  0.96872747046987062     
         317         331  0.96875933981360407     
         318         332  0.97239631317383846     
         321         333  0.96359054591403193     
