   -0.29302155
   -0.05219452
   -0.05085136
    0.07303186
    0.02651078
    0.07317889
   -0.05045939
   -0.05221799
    0.07318223
   -0.04729424
   -0.04157780
    0.07425876
   -0.05124507
   -0.05131029
    0.07454008
   -0.04655603
   -0.04316967
    0.07454370
   -0.05131163
   -0.05125976
    0.07421815
   -0.04653967
   -0.04154954
    0.07314257
   -0.04712744
    0.03546954
    0.03700753
    0.03657121
    0.03542029
    0.04911158
    0.03582084
    0.03574404
    0.04851546
    0.03574284
    0.03581142
    0.04913655
   -0.29291602
   -0.05220490
   -0.05074059
    0.07305617
    0.02648235
    0.07311183
   -0.05054497
   -0.05219859
    0.07320659
   -0.04732292
   -0.04160291
    0.07426028
   -0.05125243
   -0.05130899
    0.07454574
   -0.04658448
   -0.04319288
    0.07454696
   -0.05130921
   -0.05125505
    0.07424001
   -0.04658357
   -0.04158758
    0.07317962
   -0.04722105
    0.03545079
    0.03692241
    0.03670995
    0.03543538
    0.04911717
    0.03581205
    0.03574138
    0.04851680
    0.03574149
    0.03580990
    0.04912975
   -0.02848533
   -0.02934854
   -0.02871280
   -0.02900469
   -0.02881470
   -0.02882761
   -0.02899557
   -0.02868409
   -0.02932880
   -0.02845582
   -0.28850108
   -0.05203742
   -0.05056729
    0.07339448
    0.02692880
    0.07339882
   -0.05032309
   -0.05204433
    0.07306224
   -0.04877597
   -0.03969668
    0.07298085
   -0.05202863
   -0.05064273
    0.07351003
   -0.04869327
    0.02650520
    0.07349526
   -0.05058802
   -0.05203062
    0.07296653
   -0.04869607
   -0.03969339
    0.07306380
   -0.04869908
    0.03557561
    0.03713442
    0.03660214
    0.03556134
    0.04978363
    0.03553895
    0.03678274
    0.03664625
    0.03553921
    0.04979218
   -0.28872556
   -0.05202080
   -0.05045423
    0.07351835
    0.02678838
    0.07347678
   -0.05059565
   -0.05201241
    0.07298872
   -0.04868985
   -0.03948646
    0.07296579
   -0.05204170
   -0.05056038
    0.07349618
   -0.04853710
    0.02672002
    0.07350167
   -0.05053129
   -0.05204003
    0.07298103
   -0.04857770
   -0.03949819
    0.07300642
   -0.04873301
    0.03557906
    0.03666216
    0.03684175
    0.03559814
    0.04989426
    0.03558780
    0.03666046
    0.03663061
    0.03558240
    0.04987886
   -0.28884450
   -0.05203593
   -0.05053660
    0.07349696
    0.02672051
    0.07350269
   -0.05052600
   -0.05203461
    0.07298653
   -0.04860720
   -0.03949227
    0.07301911
   -0.05201483
   -0.05042059
    0.07348798
   -0.04866735
    0.02678379
    0.07344641
   -0.05057658
   -0.05201305
    0.07301229
   -0.04865371
   -0.03948558
    0.07298018
   -0.04858179
    0.03558517
    0.03662744
    0.03662412
    0.03557772
    0.04987644
    0.03558282
    0.03664978
    0.03684764
    0.03559779
    0.04989022
   -0.28843294
   -0.05204093
   -0.05064503
    0.07346382
    0.02649408
    0.07346858
   -0.05055474
   -0.05203494
    0.07300534
   -0.04868880
   -0.03971264
    0.07309456
   -0.05203232
   -0.05055438
    0.07335837
   -0.04878028
    0.02690208
    0.07339846
   -0.05032578
   -0.05203465
    0.07309799
   -0.04887413
   -0.03972065
    0.07299740
   -0.04860992
    0.03553694
    0.03680087
    0.03667319
    0.03553510
    0.04978725
    0.03557641
    0.03708769
    0.03672675
    0.03555209
    0.04977596
