           2           3   1.6464848500284053     
           3           4   1.1773405577403027     
           4           5   1.2581341480058799     
           5           6   1.2596473448737409     
           6           7   1.1771509224969736     
           7           8   1.6465648752596831     
           8           9   1.1691413043929570     
           1          10  0.75282688597619318     
           6          10   1.2596809817862729     
           9          10   1.2283553582961904     
           9          11   1.3545991156648065     
          11          12   1.3537781408450258     
          12          13   1.1609983558372490     
          13          14   1.6612142314753406     
          14          15   1.1605327590918035     
           1          16  0.75160340164320194     
          12          16   1.2391406622969963     
          15          16   1.2421844727427125     
          15          17   1.3529097089345636     
          17          18   1.3531124885414465     
          18          19   1.1605027935405934     
          19          20   1.6610865935280075     
          20          21   1.1612468173051376     
           1          22  0.75156300889308436     
          18          22   1.2419457002129355     
          21          22   1.2394506370650367     
          21          23   1.3532768456443112     
           2          24   1.1691310895055054     
          23          24   1.3552626469519413     
           1          25  0.75288167620748625     
           4          25   1.2604978437055507     
          24          25   1.2275603057655049     
           2          26  0.97177489752072732     
           3          27  0.96785716168164349     
           7          28  0.96770035792154241     
           8          29  0.97178208172279334     
          11          30  0.96378979482254168     
          13          31  0.97169003132765808     
          14          32  0.97171318362561121     
          17          33  0.96409367638446819     
          19          34  0.97171724220969702     
          20          35  0.97169190263830796     
          23          36  0.96378149960396420     
          38          39   1.6465827966005271     
          39          40   1.1772357050879765     
          40          41   1.2589933693267716     
          41          42   1.2596673563582474     
          42          43   1.1770999710460304     
          43          44   1.6467336839739715     
          44          45   1.1690387557953648     
          37          46  0.75275935747502165     
          42          46   1.2597785172525702     
          45          46   1.2282843421422247     
          45          47   1.3548147803848400     
          47          48   1.3537229872292438     
          48          49   1.1610196894262474     
          49          50   1.6612715119468784     
          50          51   1.1604842964207824     
          37          52  0.75160592602045073     
          48          52   1.2392633266817934     
          51          52   1.2420986156567693     
          51          53   1.3530823397263176     
          53          54   1.3530988682614744     
          54          55   1.1605018028220322     
          55          56   1.6612043785849702     
          56          57   1.1611049748119586     
          37          58  0.75157837953404716     
          54          58   1.2420547290290218     
          57          58   1.2393414506620801     
          57          59   1.3535841782175124     
          38          60   1.1691309675578956     
          59          60   1.3549877096343526     
          37          61  0.75292372200020385     
          40          61   1.2600451508675388     
          60          61   1.2279305587165579     
          38          62  0.97177638219614393     
          39          63  0.96796426904107857     
          43          64  0.96804934705388568     
          44          65  0.97177933507610725     
          47          66  0.96377649806197030     
          49          67  0.97169114083308850     
          50          68  0.97171387763074824     
          53          69  0.96408448262320823     
          55          70  0.97171524352931482     
          56          71  0.97169220596499595     
          59          72  0.96377237216506195     
           5          73   1.1643313396178685     
          73          74   2.5840980348054625     
          75          76   2.5793836172957110     
          77          78   2.5782783154984035     
          79          80   2.5797337181747104     
          41          82   1.1634776255488677     
          81          82   2.5847560195917278     
          84          85   1.6451376198653433     
          85          86   1.1779411547577461     
          74          87   1.1659673317110650     
          86          87   1.2565830557226003     
          87          88   1.2571301625770095     
          88          89   1.1779520225155811     
          89          90   1.6450993611563920     
          90          91   1.1704833883057431     
          83          92  0.74939047743626974     
          88          92   1.2615884319883282     
          91          92   1.2265416330769972     
          91          93   1.3535202237669912     
          93          94   1.3548588339927694     
          94          95   1.1704040449863040     
          95          96   1.6449541294896868     
          96          97   1.1781886893682336     
          83          98  0.74972659593582691     
          94          98   1.2253793867082237     
          97          98   1.2627350810261873     
          75          99   1.1693056615031967     
          97          99   1.2551313236402892     
          99         100   1.2553322551748707     
         100         101   1.1781304586565091     
         101         102   1.6449627106097018     
         102         103   1.1704573737503490     
          83         104  0.74968891257506665     
         100         104   1.2625444307647611     
         103         104   1.2256161766274276     
         103         105   1.3546111647319004     
          84         106   1.1704351284844394     
         105         106   1.3538065924866065     
          83         107  0.74950251627149767     
          86         107   1.2618600329983760     
         106         107   1.2262313445098545     
          84         108  0.97177385937229555     
          85         109  0.96793751622415969     
          89         110  0.96779796894656778     
          90         111  0.97178009374317498     
          93         112  0.96344640079028487     
          95         113  0.97177951367936677     
          96         114  0.96733729361462928     
         101         115  0.96727448320023501     
         102         116  0.97177999345837485     
         105         117  0.96344662977954321     
         119         120   1.6446748973401488     
         120         121   1.1783808143220680     
          76         122   1.1696385972961427     
         121         122   1.2551914319683104     
         122         123   1.2546910813275303     
         123         124   1.1784028390930734     
         124         125   1.6446558960793132     
         125         126   1.1706917465826356     
         118         127  0.74932373843730804     
         123         127   1.2625860425082416     
         126         127   1.2254056801122215     
         126         128   1.3541162682076280     
         128         129   1.3541057506176757     
         129         130   1.1708382864001539     
         130         131   1.6443802580777533     
         131         132   1.1786795081599795     
         118         133  0.74979815147095685     
         129         133   1.2252283987614292     
         132         133   1.2625142056439229     
          77         134   1.1711196032336284     
         132         134   1.2542024297493588     
         134         135   1.2542902505359002     
         135         136   1.1786834027136599     
         136         137   1.6444099507253291     
         137         138   1.1707896924455263     
         118         139  0.74975955660192173     
         135         139   1.2625169160087673     
         138         139   1.2252458524539034     
         138         140   1.3541681578213240     
         119         141   1.1706781162430198     
         140         141   1.3539995711190271     
         118         142  0.74936987993456738     
         121         142   1.2623585754813513     
         141         142   1.2255896681262020     
         119         143  0.97178882173733061     
         120         144  0.96731605093105111     
         124         145  0.96737646189732474     
         125         146  0.97178639163405489     
         128         147  0.96340082869994192     
         130         148  0.97178456682509928     
         131         149  0.96664170803833860     
         136         150  0.96665843844035548     
         137         151  0.97178588555933665     
         140         152  0.96340670214498192     
         154         155   1.6444412317203700     
         155         156   1.1786664634750743     
          78         157   1.1711621327645192     
         156         157   1.2541997438005290     
         157         158   1.2542486608358980     
         158         159   1.1786860243539055     
         159         160   1.6444342941118386     
         160         161   1.1707738613821399     
         153         162  0.74968031062281992     
         158         162   1.2624744281698619     
         161         162   1.2252201619574783     
         161         163   1.3541537278432656     
         163         164   1.3539357638757583     
         164         165   1.1706845668791279     
         165         166   1.6446551389224213     
         166         167   1.1784413732553121     
         153         168  0.74955825102294904     
         164         168   1.2255227171949059     
         167         168   1.2621871859385629     
          79         169   1.1693555630621253     
         167         169   1.2552467138773267     
         169         170   1.2548476668252713     
         170         171   1.1784508996829890     
         171         172   1.6446484280708589     
         172         173   1.1707050594162856     
         153         174  0.74946373439983371     
         170         174   1.2623105581316130     
         173         174   1.2254451469502874     
         173         175   1.3539692134569963     
         154         176   1.1707784752164012     
         175         176   1.3541683424393014     
         153         177  0.74970134917670617     
         156         177   1.2625011581290480     
         176         177   1.2251840918335251     
         154         178  0.97178807432802550     
         155         179  0.96666358115283124     
         159         180  0.96665913487743815     
         160         181  0.97178994408467489     
         163         182  0.96340014747363178     
         165         183  0.97178849222321906     
         166         184  0.96754846967544861     
         171         185  0.96742370705211267     
         172         186  0.97178685758953454     
         175         187  0.96339381741113783     
         189         190   1.6449612616760805     
         190         191   1.1782146927401438     
          80         192   1.1689482637207216     
         191         192   1.2553111632818408     
         192         193   1.2555473063612457     
         193         194   1.1781802871718647     
         194         195   1.6449921270092749     
         195         196   1.1703729148655464     
         188         197  0.74973517701427461     
         193         197   1.2624564515716878     
         196         197   1.2257323808504392     
         196         198   1.3546103950852646     
         198         199   1.3537768706570197     
         199         200   1.1703249764639103     
         200         201   1.6453169738563997     
         201         202   1.1778113530195835     
         188         203  0.74930094068158837     
         199         203   1.2264575777595101     
         202         203   1.2617717934444734     
          81         204   1.1651559130703126     
         202         204   1.2569642203242459     
         204         205   1.2575279810471445     
         205         206   1.1778650389634884     
         206         207   1.6452533126676601     
         207         208   1.1703319195487927     
         188         209  0.74921245794580715     
         205         209   1.2616049806655838     
         208         209   1.2266991037408534     
         208         210   1.3536187859845930     
         189         211   1.1703860617558162     
         210         211   1.3547077958351417     
         188         212  0.74995269843180079     
         191         212   1.2624981584788029     
         211         212   1.2255544774044613     
         189         213  0.97177619319442443     
         190         214  0.96736494564699749     
         194         215  0.96748925870570635     
         195         216  0.97177729090490095     
         198         217  0.96344432821557024     
         200         218  0.97177345153507977     
         201         219  0.96803353003406323     
         206         220  0.96814665980787340     
         207         221  0.97177890889955776     
         210         222  0.96344993630007114     
