    0.56181588
   -0.05424822
   -0.05426421
    0.07022808
    0.01042531
    0.07025270
   -0.05421428
   -0.05424858
    0.06424306
   -0.21425227
   -0.06035963
    0.06546833
   -0.05339128
   -0.05510669
    0.07044478
   -0.21272449
   -0.05906729
    0.07044474
   -0.05511083
   -0.05339291
    0.06546763
   -0.21272433
   -0.06034824
    0.06423509
   -0.21421205
    0.03038763
    0.03283092
    0.03284092
    0.03036376
    0.04942465
    0.03078149
    0.03109533
    0.04741636
    0.03109696
    0.03078185
    0.04943504
    0.56183589
   -0.05425282
   -0.05426817
    0.07021209
    0.01041447
    0.07023832
   -0.05422740
   -0.05425462
    0.06425747
   -0.21426010
   -0.06039014
    0.06547025
   -0.05339763
   -0.05511163
    0.07043820
   -0.21273525
   -0.05908196
    0.07043650
   -0.05511314
   -0.05339877
    0.06546874
   -0.21272751
   -0.06038316
    0.06425889
   -0.21425120
    0.03038249
    0.03284966
    0.03286645
    0.03036623
    0.04940988
    0.03077233
    0.03108773
    0.04740657
    0.03109003
    0.03077474
    0.04941758
   -0.02251178
   -0.01115279
   -0.01094216
   -0.02273873
   -0.02255639
   -0.01100325
   -0.01098611
   -0.02256869
   -0.02254862
   -0.01098842
   -0.01098844
   -0.02254539
   -0.02257735
   -0.01098345
   -0.01102000
   -0.02255216
   -0.02269219
   -0.01091568
   -0.01113878
   -0.02245965
    0.56522007
   -0.05418582
   -0.05431682
    0.07057923
    0.01037881
    0.07059808
   -0.05429088
   -0.05419008
    0.06398954
   -0.21546336
   -0.05868712
    0.06396163
   -0.05417500
   -0.05434574
    0.07062454
   -0.21544915
    0.01030234
    0.07063401
   -0.05433242
   -0.05417746
    0.06395750
   -0.21545543
   -0.05868089
    0.06397762
   -0.21542592
    0.03032060
    0.03264090
    0.03266612
    0.03031075
    0.04998514
    0.03033742
    0.03267082
    0.03266537
    0.03033205
    0.04998819
    0.56549858
   -0.05418121
   -0.05434556
    0.07062004
    0.01032765
    0.07062476
   -0.05434334
   -0.05418459
    0.06395319
   -0.21547383
   -0.05862998
    0.06394438
   -0.05418085
   -0.05438124
    0.07059976
   -0.21545040
    0.01032009
    0.07065906
   -0.05431279
   -0.05417653
    0.06395527
   -0.21549704
   -0.05863901
    0.06395313
   -0.21546592
    0.03034663
    0.03266593
    0.03265936
    0.03034519
    0.05002927
    0.03036926
    0.03269147
    0.03265432
    0.03033390
    0.05001866
    0.56552189
   -0.05417411
   -0.05437334
    0.07060744
    0.01031755
    0.07064945
   -0.05432266
   -0.05418579
    0.06396039
   -0.21550875
   -0.05864137
    0.06395942
   -0.05418125
   -0.05433912
    0.07062658
   -0.21547938
    0.01032851
    0.07061952
   -0.05434913
   -0.05418595
    0.06395240
   -0.21547464
   -0.05862679
    0.06394105
   -0.21544120
    0.03035682
    0.03268597
    0.03265934
    0.03034732
    0.05001773
    0.03034333
    0.03267220
    0.03265992
    0.03034970
    0.05002699
    0.56519960
   -0.05417996
   -0.05434546
    0.07061651
    0.01029051
    0.07063275
   -0.05433490
   -0.05417865
    0.06396260
   -0.21545889
   -0.05870331
    0.06399563
   -0.05418713
   -0.05432540
    0.07055752
   -0.21543141
    0.01038078
    0.07058491
   -0.05429057
   -0.05419012
    0.06400849
   -0.21548360
   -0.05870805
    0.06396808
   -0.21545337
    0.03033731
    0.03266069
    0.03266731
    0.03032431
    0.04997569
    0.03032780
    0.03267755
    0.03268775
    0.03030678
    0.04996976
