           2           3   1.6441028953675410     
           3           4   1.1822888440760768     
           4           5   1.2565678468840191     
           5           6   1.2569760090812556     
           6           7   1.1822907555383368     
           7           8   1.6440898386829725     
           8           9   1.1710403451647828     
           1          10  0.65687486095470815     
           6          10   1.2571085353175804     
           9          10   1.2166531823111710     
           9          11   1.3610711072745247     
          11          12   1.3609244314523818     
          12          13   1.1627274538633241     
          13          14   1.6598918658446140     
          14          15   1.1638894043812795     
           1          16  0.65951607341167073     
          12          16   1.2266130872576830     
          15          16   1.2388259042804151     
          15          17   1.3579070558468733     
          17          18   1.3579086146855237     
          18          19   1.1638863999861582     
          19          20   1.6598810930956844     
          20          21   1.1627437235428029     
           1          22  0.65948282554798943     
          18          22   1.2388289290401895     
          21          22   1.2266284463285038     
          21          23   1.3608966112587357     
           2          24   1.1710507402822246     
          23          24   1.3611325728510064     
           1          25  0.65680243783940229     
           4          25   1.2572667580168151     
          24          25   1.2165571143782803     
           2          26  0.97224381492213274     
           3          27  0.97122333273085926     
           7          28  0.97123062700861773     
           8          29  0.97224394510382206     
          11          30  0.96293285550558338     
          13          31  0.97214614930499277     
          14          32  0.97241041920794902     
          17          33  0.96492026039111922     
          19          34  0.97241143210153669     
          20          35  0.97214507571550723     
          23          36  0.96292904705361504     
          38          39   1.6442207451426540     
          39          40   1.1821735212608473     
          40          41   1.2570056311224085     
          41          42   1.2573199936439041     
          42          43   1.1821418739159191     
          43          44   1.6442451532032929     
          44          45   1.1709766749669126     
          37          46  0.65699190840945376     
          42          46   1.2569570106888608     
          45          46   1.2166871668728909     
          45          47   1.3610963099596014     
          47          48   1.3609367670538512     
          48          49   1.1627316373013172     
          49          50   1.6598929968156244     
          50          51   1.1638873753474090     
          37          52  0.65955678853688349     
          48          52   1.2266194394269998     
          51          52   1.2388086889104719     
          51          53   1.3579267975551701     
          53          54   1.3579374684327530     
          54          55   1.1638745509945680     
          55          56   1.6599116788288169     
          56          57   1.1627205058930818     
          37          58  0.65956922406587271     
          54          58   1.2388071776192600     
          57          58   1.2266131694812803     
          57          59   1.3609572175891040     
          38          60   1.1710009381764352     
          59          60   1.3610858251025704     
          37          61  0.65679384053733536     
          40          61   1.2570648321380853     
          60          61   1.2166906883568391     
          38          62  0.97224414127849745     
          39          63  0.97122132813059392     
          43          64  0.97121708346037439     
          44          65  0.97224403063812037     
          47          66  0.96293412588035165     
          49          67  0.97214613326855925     
          50          68  0.97241152865868197     
          53          69  0.96492049840587202     
          55          70  0.97241151043032437     
          56          71  0.97214519617497130     
          59          72  0.96293240243006262     
           5          73   1.1820593917434157     
          73          74   2.4764907664784896     
          74          75   1.3008045796552581     
          73          76  0.20337153009562681     
          75          76   2.4748920344586041     
          77          78   2.4724651367248871     
          78          79   1.3028280985261051     
          77          80  0.20301561199700424     
          79          80   2.4724091612815133     
          81          82   2.4722158388535487     
          82          83   1.3029848636580594     
          81          84  0.20302234265035957     
          83          84   2.4722239622555806     
          85          86   2.4723971895050938     
          86          87   1.3028529088367771     
          85          88  0.20303443266720328     
          87          88   2.4724677032772342     
          89          90   2.4755380670680611     
          90          91   1.3000626049508508     
          41          92   1.1812630510555557     
          89          92  0.20318459257408183     
          91          92   2.4771180782623676     
          94          95   1.6432173664488947     
          95          96   1.1826014890865890     
          76          97   1.1842432045413562     
          96          97   1.2541354695789937     
          97          98   1.2544051156833498     
          98          99   1.1825865281565910     
          99         100   1.6432286803714686     
         100         101   1.1719403853599160     
          93         102  0.65182619751877358     
          98         102   1.2600444829919597     
         101         102   1.2153481632383203     
         101         103   1.3605892771920212     
         103         104   1.3607500996110973     
         104         105   1.1720032107526785     
         105         106   1.6430810445692461     
         106         107   1.1827248601398226     
          93         108  0.65168652231721025     
         104         108   1.2151701830885693     
         107         108   1.2603945572437065     
          77         109   1.1854408301147445     
         107         109   1.2536367718193313     
         109         110   1.2537003164745346     
         110         111   1.1827308615874379     
         111         112   1.6430606982762312     
         112         113   1.1720184105779916     
          93         114  0.65171150611920137     
         110         114   1.2603837882707409     
         113         114   1.2151716417811040     
         113         115   1.3607303129830068     
          94         116   1.1719629460787664     
         115         116   1.3606254109648419     
          93         117  0.65187007126076413     
          96         117   1.2601250944639071     
         116         117   1.2152579255666367     
          94         118  0.97223950711210183     
          95         119  0.97125956937231928     
          99         120  0.97126267978551584     
         100         121  0.97224217243554867     
         103         122  0.96267893370692048     
         105         123  0.97224217337144336     
         106         124  0.97126048350903460     
         111         125  0.97126023225718339     
         112         126  0.97224237812432013     
         115         127  0.96267687818129588     
         129         130   1.6430315008812486     
         130         131   1.1827541327924243     
          80         132   1.1855078987054974     
         131         132   1.2535976592055309     
         132         133   1.2535939898595436     
         133         134   1.1827681292144820     
         134         135   1.6429979186636623     
         135         136   1.1720733352996469     
         128         137  0.65156910887022912     
         133         137   1.2604327558955144     
         136         137   1.2152017214541724     
         136         138   1.3606324517096264     
         138         139   1.3607348701112250     
         139         140   1.1720478645640724     
         140         141   1.6430390030922912     
         141         142   1.1827460038407083     
         128         143  0.65160592420740282     
         139         143   1.2151020443810001     
         142         143   1.2605118735603558     
          81         144   1.1856031745911235     
         142         144   1.2533606282805654     
         144         145   1.2537531542689100     
         145         146   1.1827522202201246     
         146         147   1.6430108823506238     
         147         148   1.1720478593669164     
         128         149  0.65157932982067424     
         145         149   1.2604055304055408     
         148         149   1.2152135278467404     
         148         150   1.3606527095483578     
         129         151   1.1720425981546825     
         150         151   1.3606922147019738     
         128         152  0.65164412067195776     
         131         152   1.2604215244512178     
         151         152   1.2151614070832006     
         129         153  0.97224205772556993     
         130         154  0.97126143049725278     
         134         155  0.97126319277972673     
         135         156  0.97224153257422863     
         138         157  0.96267331003475365     
         140         158  0.97224363383631507     
         141         159  0.97125908730047061     
         146         160  0.97126057306157187     
         147         161  0.97224042728898219     
         150         162  0.96267473046133245     
         164         165   1.6430391192011291     
         165         166   1.1827318286775697     
          84         167   1.1855965811081901     
         166         167   1.2534136171778980     
         167         168   1.2537058990757615     
         168         169   1.1827710057956831     
         169         170   1.6429982938541556     
         170         171   1.1720532807738184     
         163         172  0.65150429284260891     
         168         172   1.2604018052219412     
         171         172   1.2152423785753828     
         171         173   1.3606433460917891     
         173         174   1.3607041196268790     
         174         175   1.1720338402437345     
         175         176   1.6430532120385966     
         176         177   1.1827262253506712     
         163         178  0.65159047959173244     
         174         178   1.2151807039261968     
         177         178   1.2604217852057658     
          85         179   1.1855187372087621     
         177         179   1.2536637298779107     
         179         180   1.2535296536727942     
         180         181   1.1827661839868435     
         181         182   1.6429950588387467     
         182         183   1.1720805051828886     
         163         184  0.65156277769719118     
         180         184   1.2604542924003261     
         183         184   1.2151773071702601     
         183         185   1.3606441008182029     
         164         186   1.1720569263276022     
         185         186   1.3607564684555871     
         163         187  0.65169348867193633     
         166         187   1.2605010052918144     
         186         187   1.2150563445049893     
         164         188  0.97223827309138500     
         165         189  0.97125532960174010     
         169         190  0.97126450046986135     
         170         191  0.97224549606189603     
         173         192  0.96267725566808360     
         175         193  0.97224165560445830     
         176         194  0.97126254050783023     
         181         195  0.97126060942150916     
         182         196  0.97224264110216985     
         185         197  0.96267133425670914     
         199         200   1.6431115465383257     
         200         201   1.1826996852355718     
          88         202   1.1854239642111259     
         201         202   1.2536441235715587     
         202         203   1.2537578339994815     
         203         204   1.1826933002621391     
         204         205   1.6431039280997106     
         205         206   1.1719898719586208     
         198         207  0.65178530072190588     
         203         207   1.2603495660201434     
         206         207   1.2151617836264084     
         206         208   1.3607830101146630     
         208         209   1.3606063799840293     
         209         210   1.1719070375355156     
         210         211   1.6433521814870669     
         211         212   1.1824679922705443     
         198         213  0.65198079979015400     
         209         213   1.2153224829902216     
         212         213   1.2599268199982199     
          89         214   1.1834399219176737     
         212         214   1.2544834150427808     
         214         215   1.2548349748851273     
         215         216   1.1824610334133774     
         216         217   1.6433468986388147     
         217         218   1.1718945030663650     
         198         219  0.65191346659887994     
         215         219   1.2598382325661253     
         218         219   1.2154252740717091     
         218         220   1.3605607342384050     
         199         221   1.1719800313960780     
         220         221   1.3608099967485101     
         198         222  0.65174641062642436     
         201         222   1.2603741111863476     
         221         222   1.2151568134809367     
         199         223  0.97224386551809516     
         200         224  0.97126118036402553     
         204         225  0.97126051618718212     
         205         226  0.97224173623854682     
         208         227  0.96267889386920025     
         210         228  0.97223958429985780     
         211         229  0.97124988392259304     
         216         230  0.97125750053118587     
         217         231  0.97224102830927417     
         220         232  0.96268077649139061     
