    0.19713807
   -0.05065339
   -0.04891371
    0.07816785
    0.01838780
    0.07817039
   -0.04892340
   -0.05064402
    0.07718074
   -0.17095466
   -0.04971205
    0.07838488
   -0.04961101
   -0.04980498
    0.07910588
   -0.16954286
   -0.05146766
    0.07910100
   -0.04980137
   -0.04961395
    0.07838762
   -0.16953131
   -0.04971820
    0.07717589
   -0.17094894
    0.03460749
    0.03548126
    0.03556308
    0.03460042
    0.04995425
    0.03512444
    0.03507057
    0.04923043
    0.03506992
    0.03512571
    0.04995548
    0.19716426
   -0.05065379
   -0.04889950
    0.07817865
    0.01840292
    0.07816252
   -0.04893157
   -0.05065510
    0.07716611
   -0.17093582
   -0.04971429
    0.07837958
   -0.04961266
   -0.04980137
    0.07910718
   -0.16953081
   -0.05146686
    0.07910940
   -0.04979988
   -0.04960907
    0.07838337
   -0.16954338
   -0.04971770
    0.07717366
   -0.17096066
    0.03459878
    0.03551646
    0.03550559
    0.03461010
    0.04996518
    0.03513024
    0.03507621
    0.04923107
    0.03507533
    0.03512837
    0.04996047
   -0.02823892
   -0.02804595
   -0.02809035
   -0.02808751
   -0.02809057
   -0.02806248
   -0.02806682
   -0.02808965
   -0.02803526
   -0.02824725
    0.19871332
   -0.05063582
   -0.04919472
    0.07851322
    0.01827117
    0.07849433
   -0.04923535
   -0.05063830
    0.07659797
   -0.17216716
   -0.04760436
    0.07652412
   -0.05068915
   -0.04924370
    0.07856981
   -0.17201430
    0.01839716
    0.07856384
   -0.04922594
   -0.05069385
    0.07654366
   -0.17204510
   -0.04762696
    0.07661738
   -0.17218637
    0.03418239
    0.03476531
    0.03481401
    0.03418113
    0.05026823
    0.03418089
    0.03491121
    0.03488491
    0.03418430
    0.05026608
    0.19919038
   -0.05067820
   -0.04922841
    0.07858415
    0.01835156
    0.07857102
   -0.04926059
   -0.05066533
    0.07645372
   -0.17203506
   -0.04746048
    0.07645733
   -0.05066479
   -0.04919697
    0.07859966
   -0.17203849
    0.01836246
    0.07856618
   -0.04928774
   -0.05067304
    0.07644803
   -0.17200593
   -0.04745607
    0.07645105
   -0.17203482
    0.03419809
    0.03478584
    0.03487977
    0.03419667
    0.05035368
    0.03419831
    0.03484239
    0.03490957
    0.03421219
    0.05036238
    0.19912576
   -0.05067828
   -0.04927353
    0.07859241
    0.01834982
    0.07858729
   -0.04923766
   -0.05066966
    0.07644446
   -0.17201756
   -0.04746091
    0.07644361
   -0.05068071
   -0.04927301
    0.07855726
   -0.17201745
    0.01836292
    0.07859980
   -0.04921898
   -0.05068685
    0.07644862
   -0.17203108
   -0.04747168
    0.07644737
   -0.17201524
    0.03419132
    0.03490675
    0.03484086
    0.03419329
    0.05035301
    0.03418770
    0.03482739
    0.03478017
    0.03418097
    0.05034937
    0.19870542
   -0.05069715
   -0.04923358
    0.07855015
    0.01841394
    0.07858673
   -0.04921987
   -0.05069977
    0.07652547
   -0.17203025
   -0.04761390
    0.07659543
   -0.05063912
   -0.04923112
    0.07850489
   -0.17217061
    0.01827200
    0.07851949
   -0.04921062
   -0.05064204
    0.07659858
   -0.17217261
   -0.04762293
    0.07652359
   -0.17201411
    0.03418275
    0.03485592
    0.03488745
    0.03417311
    0.05026928
    0.03417650
    0.03479253
    0.03477028
    0.03417407
    0.05027074
