           2           3   1.6510035704840269     
           3           4   1.1739212358146178     
           4           5   1.2560125541324834     
           5           6   1.2560486350063180     
           6           7   1.1739263948663377     
           7           8   1.6510070085755244     
           8           9   1.1665797314689927     
           1          10  0.53338674232894834     
           6          10   1.2863980481251547     
           9          10   1.2502725355723130     
           9          11   1.3540822651087414     
          11          12   1.3525359927898661     
          12          13   1.1580035104702087     
          13          14   1.6659378924520001     
          14          15   1.1575855264534698     
           1          16  0.53529901825091053     
          12          16   1.2626919060871200     
          15          16   1.2652181515729022     
          15          17   1.3515258834784825     
          17          18   1.3515595135353220     
          18          19   1.1575852615833158     
          19          20   1.6659323819554450     
          20          21   1.1580036338792066     
           1          22  0.53524271002145085     
          18          22   1.2651823286360484     
          21          22   1.2627464154122743     
          21          23   1.3524924012150807     
           2          24   1.1665837712028508     
          23          24   1.3541303687810906     
           1          25  0.53346373736328245     
           4          25   1.2864350405125575     
          24          25   1.2502199200028987     
           2          26  0.97228360609799092     
           3          27  0.96847837020061411     
           7          28  0.96858359665695259     
           8          29  0.97228315922383723     
          11          30  0.96381641905725257     
          13          31  0.97219574094640970     
          14          32  0.97221854282438758     
          17          33  0.96420468435887274     
          19          34  0.97221969059368041     
          20          35  0.97219493051408623     
          23          36  0.96381700783286628     
          38          39   1.6509380928738513     
          39          40   1.1739988548093592     
          40          41   1.2560297797139315     
          41          42   1.2558334891165839     
          42          43   1.1739892427290761     
          43          44   1.6509433079959532     
          44          45   1.1666095475004219     
          37          46  0.53344650757932599     
          42          46   1.2864583141477035     
          45          46   1.2502079657667386     
          45          47   1.3541085699008881     
          47          48   1.3525029401109356     
          48          49   1.1580174533164251     
          49          50   1.6659162328805532     
          50          51   1.1576006056462038     
          37          52  0.53536594254827397     
          48          52   1.2627120415220894     
          51          52   1.2651665804020351     
          51          53   1.3515405001808789     
          53          54   1.3515353844541649     
          54          55   1.1575910897033508     
          55          56   1.6659492807884646     
          56          57   1.1579765444083032     
          37          58  0.53528171873380492     
          54          58   1.2651896707999040     
          57          58   1.2627228747469872     
          57          59   1.3525415267541527     
          38          60   1.1666014817883785     
          59          60   1.3540342881410534     
          37          61  0.53348493538539687     
          40          61   1.2863427476248919     
          60          61   1.2502967743675959     
          38          62  0.97228360339804210     
          39          63  0.96850480122176441     
          43          64  0.96843462354870258     
          44          65  0.97228331460897166     
          47          66  0.96381245253470249     
          49          67  0.97219456166044493     
          50          68  0.97221876013810182     
          53          69  0.96420664907094766     
          55          70  0.97221815910732112     
          56          71  0.97219591345973311     
          59          72  0.96381418470159552     
           5          73   1.1692547270535933     
          73          74   2.5765044060259186     
          75          76   2.5702809931275796     
          77          78   2.5697636044314560     
          79          80   2.5702646634619848     
          41          82   1.1694670603472903     
          81          82   2.5763724259499936     
          84          85   1.6501797820566526     
          85          86   1.1743116142045826     
          74          87   1.1709257688302857     
          86          87   1.2537550926989167     
          87          88   1.2535818400136165     
          88          89   1.1743747179924260     
          89          90   1.6500899977418917     
          90          91   1.1674300883030213     
          83          92  0.52923341851649097     
          88          92   1.2889461579531050     
          91          92   1.2491501431206986     
          91          93   1.3536745830458596     
          93          94   1.3538932239268127     
          94          95   1.1677925692800664     
          95          96   1.6493443241466708     
          96          97   1.1750507508132875     
          83          98  0.52925875021325064     
          94          98   1.2485468020846286     
          97          98   1.2899408351563655     
          75          99   1.1759015460099300     
          97          99   1.2513243442907043     
          99         100   1.2515354158696952     
         100         101   1.1750331649855776     
         101         102   1.6493990597314967     
         102         103   1.1677411082667131     
          83         104  0.52937109996950837     
         100         104   1.2897295790867151     
         103         104   1.2486852933727970     
         103         105   1.3538238857810494     
          84         106   1.1673563643066454     
         105         106   1.3537087307879565     
          83         107  0.52902718205048982     
          86         107   1.2889097106491421     
         106         107   1.2492496299800737     
          84         108  0.97232004532357508     
          85         109  0.96859458373073670     
          89         110  0.96869120489348404     
          90         111  0.97231908838492853     
          93         112  0.96351070880974676     
          95         113  0.97232142870993055     
          96         114  0.96767663249324032     
         101         115  0.96752289251098766     
         102         116  0.97232025307265968     
         105         117  0.96351351701873211     
         119         120   1.6489751770671186     
         120         121   1.1752820833257340     
          76         122   1.1760905966804263     
         121         122   1.2511615054710619     
         122         123   1.2511758673551443     
         123         124   1.1753094221964555     
         124         125   1.6489958740655952     
         125         126   1.1680416305808374     
         118         127  0.52994033534157703     
         123         127   1.2897345228369590     
         126         127   1.2482468311108539     
         126         128   1.3538031724105759     
         128         129   1.3537551655401319     
         129         130   1.1680635876926140     
         130         131   1.6489622482144630     
         131         132   1.1753072795144199     
         118         133  0.52983440706207752     
         129         133   1.2482765271577720     
         132         133   1.2897922067659129     
          77         134   1.1762972321210814     
         132         134   1.2512087156401632     
         134         135   1.2509176163950886     
         135         136   1.1753183504673976     
         136         137   1.6489456288659832     
         137         138   1.1680794132664374     
         118         139  0.52988605165222469     
         135         139   1.2898897344414322     
         138         139   1.2481758083820358     
         138         140   1.3538195817899310     
         119         141   1.1680649794704931     
         140         141   1.3537836933013021     
         118         142  0.52980826952414306     
         121         142   1.2898167015129620     
         141         142   1.2482395355534985     
         119         143  0.97232109531364175     
         120         144  0.96753802696061975     
         124         145  0.96769697160587187     
         125         146  0.97232061529520586     
         128         147  0.96347486628085899     
         130         148  0.97232226408725098     
         131         149  0.96778605775674120     
         136         150  0.96762138083845983     
         137         151  0.97231923865272729     
         140         152  0.96347185555923309     
         154         155   1.6490051434539450     
         155         156   1.1752760002799427     
          78         157   1.1762798853442005     
         156         157   1.2510926600740371     
         157         158   1.2510629144714902     
         158         159   1.1752739013911981     
         159         160   1.6490151347037332     
         160         161   1.1680207421131441     
         153         162  0.52966364389653786     
         158         162   1.2899369851598861     
         161         162   1.2482513699961741     
         161         163   1.3538497488531416     
         163         164   1.3537467698644177     
         164         165   1.1680421447658389     
         165         166   1.6489782642938575     
         166         167   1.1753244030775636     
         153         168  0.52970438327603642     
         164         168   1.2483253906674954     
         167         168   1.2898071956708939     
          79         169   1.1761299389603277     
         167         169   1.2510719223263707     
         169         170   1.2512378572365042     
         170         171   1.1752921038242665     
         171         172   1.6489949360137386     
         172         173   1.1680309150701669     
         153         174  0.52969893384376365     
         170         174   1.2898004703644554     
         173         174   1.2483285241017215     
         173         175   1.3537717112887933     
         154         176   1.1680259814100051     
         175         176   1.3538137965003245     
         153         177  0.52974802054832049     
         156         177   1.2898723961783345     
         176         177   1.2482849696378735     
         154         178  0.97232109585565207     
         155         179  0.96761797244840775     
         159         180  0.96778093582718894     
         160         181  0.97232130245273107     
         163         182  0.96347478185637903     
         165         183  0.97232072097127120     
         166         184  0.96756808245062720     
         171         185  0.96750727971009498     
         172         186  0.97232160588811734     
         175         187  0.96347685082962331     
         189         190   1.6493567979302717     
         190         191   1.1750812281210636     
          80         192   1.1759625160931559     
         191         192   1.2513692382481283     
         192         193   1.2514294885586976     
         193         194   1.1750711287131816     
         194         195   1.6493376021941961     
         195         196   1.1677800292759459     
         188         197  0.52929236456821060     
         193         197   1.2898487902133098     
         196         197   1.2486434257490702     
         196         198   1.3538222515722511     
         198         199   1.3537283702096519     
         199         200   1.1673755853868282     
         200         201   1.6501238238365643     
         201         202   1.1743711255796641     
         188         203  0.52913409617776053     
         199         203   1.2491761262812213     
         202         203   1.2889950827912735     
          81         204   1.1711378173100533     
         202         204   1.2535343287450167     
         204         205   1.2536110307413979     
         205         206   1.1743641779862553     
         206         207   1.6501245393485113     
         207         208   1.1673756601956080     
         188         209  0.52908586056603935     
         205         209   1.2889792611069413     
         208         209   1.2492250072537441     
         208         210   1.3537045966756458     
         189         211   1.1677614528921016     
         210         211   1.3538248420873380     
         188         212  0.52936047110030449     
         191         212   1.2898079952033574     
         211         212   1.2486632661177979     
         189         213  0.97232033647081184     
         190         214  0.96750214834552462     
         194         215  0.96754361148370460     
         195         216  0.97232166388088048     
         198         217  0.96350783726244615     
         200         218  0.97231899362796792     
         201         219  0.96860770238366511     
         206         220  0.96854710977527358     
         207         221  0.97232006874471522     
         210         222  0.96351067790859057     
