    0.19520044
   -0.05083943
   -0.04902782
    0.07808251
    0.01825980
    0.07805761
   -0.04907268
   -0.05084121
    0.07712138
   -0.17146640
   -0.04988276
    0.07825996
   -0.04983724
   -0.05000753
    0.07892566
   -0.16993635
   -0.05150172
    0.07893785
   -0.05000770
   -0.04985568
    0.07828392
   -0.16999996
   -0.04990916
    0.07712650
   -0.17147839
    0.03407041
    0.03498981
    0.03512488
    0.03406304
    0.04939847
    0.03454348
    0.03450115
    0.04869160
    0.03450750
    0.03454800
    0.04939978
   -0.02838089
   -0.02837673
    0.19518853
   -0.05082596
   -0.04904874
    0.07805751
    0.01827124
    0.07804741
   -0.04904485
   -0.05087259
    0.07713797
   -0.17149713
   -0.04992146
    0.07828657
   -0.04985411
   -0.05000422
    0.07894114
   -0.16995347
   -0.05150729
    0.07893620
   -0.05000469
   -0.04984512
    0.07824872
   -0.16997676
   -0.04988307
    0.07710756
   -0.17143984
    0.03405367
    0.03512417
    0.03496700
    0.03406933
    0.04939590
    0.03454832
    0.03450401
    0.04868631
    0.03450298
    0.03454379
    0.04938886
