           2           3   1.6521073809711511     
           3           4   1.1731001490218951     
           4           5   1.2573594814051254     
           5           6   1.2572505540892973     
           6           7   1.1732674597870871     
           7           8   1.6519265103359713     
           8           9   1.1660151895848547     
           1          10  0.53137927345807079     
           6          10   1.2864960488339652     
           9          10   1.2512153746400574     
           9          11   1.3540747125605634     
          11          12   1.3522992121665163     
          12          13   1.1577706932952534     
          13          14   1.6662746309000007     
          14          15   1.1574150073033622     
           1          16  0.53318783126453040     
          12          16   1.2635424810214522     
          15          16   1.2657480841261559     
          15          17   1.3514287478071889     
          17          18   1.3516374916600240     
          18          19   1.1575491605433335     
          19          20   1.6661591351376721     
          20          21   1.1578127873533415     
           1          22  0.53352056749920473     
          18          22   1.2654424753426414     
          21          22   1.2636494767143065     
          21          23   1.3521566968434142     
           2          24   1.1658694609518871     
          23          24   1.3541865008637477     
           1          25  0.53092773089423628     
           4          25   1.2865861426218814     
          24          25   1.2512993879602230     
           2          26  0.97232251887973176     
           3          27  0.96858691084722659     
           7          28  0.96905294819289645     
           8          29  0.97232532085956125     
          11          30  0.96389694954559080     
          13          31  0.97224291804890117     
          14          32  0.97226724173607570     
          17          33  0.96427907673208690     
          19          34  0.97226146732009699     
          20          35  0.97224516999717658     
          23          36  0.96389509674653684     
           5          37   1.1664246323972778     
          37          38   2.5812427462408527     
          40          41   1.6519365881043044     
          41          42   1.1732417243225421     
          38          43   1.1664308816864550     
          42          43   1.2572391476046723     
          43          44   1.2573873912505240     
          44          45   1.1732778933512680     
          45          46   1.6519592359092203     
          46          47   1.1659147200577131     
          39          48  0.53151385069128865     
          44          48   1.2862722009613625     
          47          48   1.2514272817121208     
          47          49   1.3539952918551199     
          49          50   1.3522939039094186     
          50          51   1.1575813919621982     
          51          52   1.6664450311447168     
          52          53   1.1572954400142217     
          39          54  0.53306284263341364     
          50          54   1.2637796246625945     
          53          54   1.2656850788628715     
          53          55   1.3516332408281926     
          55          56   1.3514090372816956     
          56          57   1.1575061810381184     
          57          58   1.6662231222606341     
          58          59   1.1577755252079314     
          39          60  0.53370251430138105     
          56          60   1.2656424488029967     
          59          60   1.2635064450841877     
          59          61   1.3523016738512872     
          40          62   1.1660026205350782     
          61          62   1.3540557028711893     
          39          63  0.53126086001339989     
          42          63   1.2865742565137310     
          62          63   1.2512712740903529     
          40          64  0.97232334477394355     
          41          65  0.96907128197129133     
          45          66  0.96857129127140662     
          46          67  0.97232671617620725     
          49          68  0.96389659424202634     
          51          69  0.97224771215511474     
          52          70  0.97226696717422556     
          55          71  0.96428616100471809     
          57          72  0.97226080058819231     
          58          73  0.97224443999446075     
          61          74  0.96389518013996134     
