    0.24436373
   -0.05209502
   -0.05053963
    0.07669975
    0.01820421
    0.07668791
   -0.05056198
   -0.05209598
    0.07565827
   -0.17638934
   -0.05002772
    0.07683013
   -0.05107333
   -0.05122802
    0.07736183
   -0.17475374
   -0.05175271
    0.07734836
   -0.05122924
   -0.05107261
    0.07681474
   -0.17467050
   -0.05002985
    0.07564589
   -0.17644497
    0.03376393
    0.03489199
    0.03499557
    0.03376680
    0.04910935
    0.03417565
    0.03410118
    0.04845071
    0.03410837
    0.03418243
    0.04910764
    0.24437656
   -0.05211981
   -0.05039356
    0.07673828
    0.01824702
    0.07668637
   -0.05073937
   -0.05213697
    0.07560583
   -0.17632426
   -0.04998275
    0.07681301
   -0.05107270
   -0.05122418
    0.07737260
   -0.17475960
   -0.05172013
    0.07736136
   -0.05121671
   -0.05106758
    0.07681796
   -0.17468577
   -0.05001886
    0.07562923
   -0.17642957
    0.03375237
    0.03466485
    0.03515662
    0.03377067
    0.04914262
    0.03418192
    0.03410738
    0.04845866
    0.03411838
    0.03418937
    0.04912305
   -0.02853099
   -0.02920555
   -0.02863615
   -0.02878275
   -0.02881049
   -0.02869531
   -0.02920321
   -0.02852894
    0.24582968
   -0.05191458
   -0.05050689
    0.07688121
    0.01848684
    0.07688237
   -0.05052746
   -0.05192814
    0.07522167
   -0.17636312
   -0.04820163
    0.07519063
   -0.05188216
   -0.05067117
    0.07686241
   -0.17633370
    0.01815305
    0.07694743
   -0.05044620
   -0.05187566
    0.07522224
   -0.17643052
   -0.04821851
    0.07523374
   -0.17634023
    0.03394855
    0.03519832
    0.03519303
    0.03393856
    0.04982785
    0.03396685
    0.03519303
    0.03492664
    0.03393968
    0.04981646
    0.24585104
   -0.05186667
   -0.05043274
    0.07692676
    0.01830531
    0.07688341
   -0.05062512
   -0.05187726
    0.07520393
   -0.17627619
   -0.04812837
    0.07518212
   -0.05190202
   -0.05052265
    0.07695140
   -0.17639296
    0.01830646
    0.07692108
   -0.05062109
   -0.05190257
    0.07517876
   -0.17626679
   -0.04813606
    0.07521816
   -0.17641842
    0.03397000
    0.03496004
    0.03526431
    0.03398990
    0.04987859
    0.03395778
    0.03498993
    0.03518908
    0.03396926
    0.04986954
    0.24587744
   -0.05191769
   -0.05065888
    0.07693216
    0.01820678
    0.07696181
   -0.05052905
   -0.05190885
    0.07516026
   -0.17641307
   -0.04816463
    0.07519394
   -0.05196061
   -0.05035553
    0.07694512
   -0.17635973
    0.01853952
    0.07685637
   -0.05071651
   -0.05196835
    0.07516374
   -0.17632894
   -0.04812093
    0.07513668
   -0.17638539
    0.03393064
    0.03506774
    0.03492852
    0.03392141
    0.04983689
    0.03392002
    0.03490351
    0.03536077
    0.03393287
    0.04986109
