           2           3   1.6514728541047035     
           3           4   1.1780039333546897     
           4           5   1.2586803251121601     
           5           6   1.2587321220268026     
           6           7   1.1780850979410145     
           7           8   1.6514417428797277     
           8           9   1.1705769131612391     
           1          10  0.48880606299370560     
           6          10   1.2841080646004828     
           9          10   1.2485212622096560     
           9          11   1.3566857279868325     
          11          12   1.3546758539398855     
          12          13   1.1626731639841408     
          13          14   1.6657522751017122     
          14          15   1.1619901563319051     
           1          16  0.49183239150527297     
          12          16   1.2605941843182016     
          15          16   1.2632695653271333     
          15          17   1.3541062815676388     
          17          18   1.3542130467062043     
          18          19   1.1619951648232010     
          19          20   1.6657378610400861     
          20          21   1.1627110231031279     
           1          22  0.49210937910274855     
          18          22   1.2631481816185561     
          21          22   1.2605492105664200     
          21          23   1.3546318278897034     
           2          24   1.1705929092157488     
          23          24   1.3567774555233489     
           1          25  0.48865395901689912     
           4          25   1.2843289910411726     
          24          25   1.2484052942439985     
           2          26  0.97241347134056655     
           3          27  0.96866920133959000     
           7          28  0.96874624490417405     
           8          29  0.97241489988599195     
          11          30  0.96393728376565391     
          13          31  0.97234392005122616     
          14          32  0.97236799991579692     
          17          33  0.96425377140568214     
          19          34  0.97236385364413880     
          20          35  0.97233881738879024     
          23          36  0.96393612001563844     
          38          39   1.6512172955249462     
          39          40   1.1783305147460705     
          40          41   1.2584736002090640     
          41          42   1.2576324116586501     
          42          43   1.1783525386589773     
          43          44   1.6511319033252618     
          44          45   1.1707701430339059     
          37          46  0.48884605193020031     
          42          46   1.2845602535252727     
          45          46   1.2481662552859347     
          45          47   1.3567909412279071     
          47          48   1.3546007508636426     
          48          49   1.1626692919006896     
          49          50   1.6657576113465815     
          50          51   1.1619560528376074     
          37          52  0.49165708186468071     
          48          52   1.2606262973643660     
          51          52   1.2633344674706244     
          51          53   1.3540684660917879     
          53          54   1.3541982251817537     
          54          55   1.1619908795185359     
          55          56   1.6657620625244547     
          56          57   1.1626549409674229     
          37          58  0.49199965451558597     
          54          58   1.2631645621799383     
          57          58   1.2606095796595194     
          57          59   1.3546213291059417     
          38          60   1.1706662286215150     
          59          60   1.3566858970233779     
          37          61  0.48878838946544850     
          40          61   1.2842338702698597     
          60          61   1.2484581092612022     
          38          62  0.97241555711888761     
          39          63  0.96837040744477454     
          43          64  0.96805012846851723     
          44          65  0.97241000058142191     
          47          66  0.96392027087701937     
          49          67  0.97234126699397327     
          50          68  0.97236651303800847     
          53          69  0.96425630615980129     
          55          70  0.97236249775052341     
          56          71  0.97234222910835255     
          59          72  0.96392925694404197     
           5          73   1.1675633997534174     
          73          74   2.5787412454243626     
          75          76   2.5765861792134652     
          77          78   2.5754239717258729     
          41          80   1.1689172098665874     
          79          80   2.5779129347118150     
          82          83   1.6495964000364272     
          83          84   1.1791934602967338     
          74          85   1.1688341643220908     
          84          85   1.2570389321648070     
          85          86   1.2569517858306780     
          86          87   1.1792581707047147     
          87          88   1.6495198110053548     
          88          89   1.1722920966728543     
          81          90  0.48904371008733732     
          86          90   1.2851352481980396     
          89          90   1.2465244334515928     
          89          91   1.3558172710974050     
          91          92   1.3563509261152860     
          92          93   1.1721933373558313     
          93          94   1.6496865388638278     
          94          95   1.1790941316092884     
          81          96  0.48922240302110670     
          92          96   1.2461542498899671     
          95          96   1.2852907566212983     
          75          97   1.1684426570651771     
          95          97   1.2566957371998864     
          97          98   1.2573431615871706     
          98          99   1.1790954520382340     
          99         100   1.6496995437868853     
         100         101   1.1721593074457279     
          81         102  0.48918387883192049     
          98         102   1.2850520245481527     
         101         102   1.2463550548364739     
         101         103   1.3562229264340075     
          82         104   1.1722730012498972     
         103         104   1.3558743221381677     
          81         105  0.48921391611127252     
          84         105   1.2850756242746753     
         104         105   1.2464684327714877     
          82         106  0.97239296021063515     
          83         107  0.96865299724542242     
          87         108  0.96875435965543089     
          88         109  0.97239437168789555     
          91         110  0.96362335325850812     
          93         111  0.97239507972377104     
          94         112  0.96917875615077120     
          99         113  0.96929078354054943     
         100         114  0.97239835305349032     
         103         115  0.96362677248815842     
         117         118   1.6495945612108880     
         118         119   1.1791502553287148     
          76         120   1.1685524007598607     
         119         120   1.2571822550750160     
         120         121   1.2567097639328635     
         121         122   1.1792377058124932     
         122         123   1.6494911704070283     
         123         124   1.1723581369960963     
         116         125  0.48926647903169385     
         121         125   1.2851861210427764     
         124         125   1.2462678564080298     
         124         126   1.3559668979393087     
         126         127   1.3561650142535908     
         127         128   1.1723591171685639     
         128         129   1.6493681004450975     
         129         130   1.1793764762068741     
         116         131  0.48894771025167405     
         127         131   1.2461392437868071     
         130         131   1.2856232985928222     
          77         132   1.1704295510580085     
         130         132   1.2561861730047439     
         132         133   1.2560366385889601     
         133         134   1.1794743165260499     
         134         135   1.6492836375564721     
         135         136   1.1724334981990365     
         116         137  0.48933859501575061     
         133         137   1.2855025029286928     
         136         137   1.2460496921930702     
         136         138   1.3561452134331426     
         117         139   1.1722627992891146     
         138         139   1.3559481985829127     
         116         140  0.48896819738910058     
         119         140   1.2851537465948797     
         139         140   1.2464422676303284     
         117         141  0.97239652690753531     
         118         142  0.96930129594346559     
         122         143  0.96917170659271934     
         123         144  0.97239178875569410     
         126         145  0.96360948946696801     
         128         146  0.97239515247994590     
         129         147  0.96870455143689238     
         134         148  0.96869094827254076     
         135         149  0.97239301600315409     
         138         150  0.96361175656435094     
         152         153   1.6492729431085289     
         153         154   1.1794429621893956     
          78         155   1.1704413277782497     
         154         155   1.2558261798252763     
         155         156   1.2562957790679961     
         156         157   1.1793879311776021     
         157         158   1.6493882145252960     
         158         159   1.1723203678623286     
         151         160  0.48911252824950913     
         156         160   1.2855078028452245     
         159         160   1.2460793545901359     
         159         161   1.3563097946868272     
         161         162   1.3556895066267245     
         162         163   1.1724882672490644     
         163         164   1.6491831217024020     
         164         165   1.1795914515565651     
         151         166  0.48922962529455338     
         162         166   1.2464481209786271     
         165         166   1.2851441060613493     
          79         167   1.1702330925057329     
         165         167   1.2567134878143889     
         167         168   1.2558495544783348     
         168         169   1.1796494263968507     
         169         170   1.6490899558711014     
         170         171   1.1725681908644923     
         151         172  0.48905703654388566     
         168         172   1.2854238439777093     
         171         172   1.2462565881412182     
         171         173   1.3557552374077635     
         152         174   1.1724224229849909     
         173         174   1.3563345288626512     
         151         175  0.48902981524166350     
         154         175   1.2857490704502086     
         174         175   1.2459221038021164     
         152         176  0.97239745396543420     
         153         177  0.96870702751361337     
         157         178  0.96871317964893122     
         158         179  0.97239985240348581     
         161         180  0.96360973686619866     
         163         181  0.97240140489090454     
         164         182  0.96835093686470430     
         169         183  0.96807257707218519     
         170         184  0.97239386941253458     
         173         185  0.96359462165695808     
