    0.24463216
   -0.05197083
   -0.05039178
    0.07728194
    0.01697450
    0.07732619
   -0.05034628
   -0.05198492
    0.07563295
   -0.17681565
   -0.04973384
    0.07690464
   -0.05100999
   -0.05115023
    0.07740861
   -0.17471982
   -0.05151140
    0.07740982
   -0.05115186
   -0.05101148
    0.07690577
   -0.17473987
   -0.04972210
    0.07562044
   -0.17677071
    0.03371711
    0.03542743
    0.03545205
    0.03369393
    0.04923449
    0.03430474
    0.03422544
    0.04859995
    0.03422378
    0.03430319
    0.04924233
    0.24462112
   -0.05197172
   -0.05039158
    0.07727780
    0.01696088
    0.07729624
   -0.05035782
   -0.05197530
    0.07565781
   -0.17682553
   -0.04977405
    0.07691508
   -0.05101536
   -0.05114959
    0.07740308
   -0.17473047
   -0.05152055
    0.07740800
   -0.05115277
   -0.05101524
    0.07690942
   -0.17475878
   -0.04975258
    0.07564384
   -0.17680900
    0.03371851
    0.03547008
    0.03549602
    0.03370771
    0.04922038
    0.03429944
    0.03421860
    0.04859119
    0.03421447
    0.03429586
    0.04922782
   -0.02034678
   -0.01002083
   -0.00930028
   -0.02114709
   -0.02051588
   -0.00960947
   -0.00938573
   -0.02073517
   -0.02059557
   -0.00944883
   -0.00945131
   -0.02059015
   -0.02074699
   -0.00938939
   -0.00961809
   -0.02051861
   -0.02110569
   -0.00926722
   -0.01000728
   -0.02029559
    0.24635275
   -0.05180536
   -0.05037055
    0.07747736
    0.01741577
    0.07750161
   -0.05034720
   -0.05181240
    0.07515951
   -0.17688995
   -0.04760019
    0.07509917
   -0.05177411
   -0.05043040
    0.07755645
   -0.17684914
    0.01702762
    0.07754518
   -0.05044001
   -0.05177597
    0.07509492
   -0.17685665
   -0.04759500
    0.07514884
   -0.17683372
    0.03384167
    0.03555713
    0.03558876
    0.03382427
    0.04994596
    0.03383498
    0.03543116
    0.03544299
    0.03384245
    0.04995127
    0.24637344
   -0.05177077
   -0.05038328
    0.07755839
    0.01728231
    0.07755077
   -0.05039596
   -0.05177341
    0.07511917
   -0.17680355
   -0.04750725
    0.07511201
   -0.05176223
   -0.05040009
    0.07756209
   -0.17679655
    0.01719693
    0.07755423
   -0.05040096
   -0.05176945
    0.07511285
   -0.17679143
   -0.04751488
    0.07512284
   -0.17681301
    0.03388933
    0.03552460
    0.03552269
    0.03389313
    0.05003820
    0.03388864
    0.03549111
    0.03549728
    0.03389846
    0.05003374
    0.24637397
   -0.05176958
   -0.05040790
    0.07756761
    0.01719799
    0.07756461
   -0.05039642
   -0.05176561
    0.07511491
   -0.17679744
   -0.04751693
    0.07512510
   -0.05177100
   -0.05035244
    0.07756351
   -0.17682549
    0.01727867
    0.07753399
   -0.05042858
   -0.05177159
    0.07511524
   -0.17675833
   -0.04750321
    0.07511654
   -0.17682678
    0.03389274
    0.03549465
    0.03548836
    0.03388933
    0.05002764
    0.03388005
    0.03551311
    0.03554147
    0.03390818
    0.05004267
    0.24634639
   -0.05177797
   -0.05040622
    0.07756038
    0.01702639
    0.07755258
   -0.05045991
   -0.05177597
    0.07510696
   -0.17685828
   -0.04761951
    0.07518143
   -0.05180148
   -0.05035812
    0.07746853
   -0.17688769
    0.01740467
    0.07746518
   -0.05035541
   -0.05179712
    0.07518291
   -0.17684438
   -0.04764005
    0.07512056
   -0.17690491
    0.03382943
    0.03541214
    0.03546364
    0.03384578
    0.04994662
    0.03384622
    0.03560300
    0.03565201
    0.03385241
    0.04993446
