           2           3   1.6505759394367856     
           3           4   1.1791616997474115     
           4           5   1.2515620877447369     
           5           6   1.2519373663509574     
           6           7   1.1792325962488552     
           7           8   1.6505006766068577     
           8           9   1.1710072276910468     
           1          10  0.48887071005421329     
           6          10   1.2861762645466424     
           9          10   1.2467866793633942     
           9          11   1.3576944545038467     
          11          12   1.3538481035992154     
          12          13   1.1628529520325828     
          13          14   1.6655574951991279     
          14          15   1.1620871862026865     
           1          16  0.49155384255002055     
          12          16   1.2608882601049864     
          15          16   1.2631696564754094     
          15          17   1.3540818000472661     
          17          18   1.3540739126208092     
          18          19   1.1620718634321843     
          19          20   1.6655728166893926     
          20          21   1.1628361771373359     
           1          22  0.49143113335777533     
          18          22   1.2631922847277854     
          21          22   1.2609524510797026     
          21          23   1.3537924413796396     
           2          24   1.1709876600775371     
          23          24   1.3577869843701493     
           1          25  0.48880677852305621     
           4          25   1.2863404543136896     
          24          25   1.2466814832958883     
           2          26  0.97242198186221729     
           3          27  0.97097399814645358     
           7          28  0.97097445732909504     
           8          29  0.97242857885146938     
          11          30  0.96391063695199786     
          13          31  0.97233374563665298     
          14          32  0.97235553390324037     
          17          33  0.96423804463587193     
          19          34  0.97235596148839376     
          20          35  0.97233507516893514     
          23          36  0.96390767453942638     
          38          39   1.6506224108493992     
          39          40   1.1791299715696586     
          40          41   1.2520182236219946     
          41          42   1.2525088325117111     
          42          43   1.1789645358154395     
          43          44   1.6507879347791299     
          44          45   1.1708629989262087     
          37          46  0.48889104523648952     
          42          46   1.2859385944440549     
          45          46   1.2469194490940778     
          45          47   1.3577165400379452     
          47          48   1.3538463596804788     
          48          49   1.1628287869809084     
          49          50   1.6655810666538344     
          50          51   1.1620871398179771     
          37          52  0.49158628869352317     
          48          52   1.2609425810371675     
          51          52   1.2631013641135247     
          51          53   1.3541595531172423     
          53          54   1.3540756727592524     
          54          55   1.1620734845012761     
          55          56   1.6655897605552541     
          56          57   1.1628165032936411     
          37          58  0.49140867993254111     
          54          58   1.2631919158031291     
          57          58   1.2609683213022373     
          57          59   1.3538399946987945     
          38          60   1.1709789018116874     
          59          60   1.3577244511381041     
          37          61  0.48887413815817776     
          40          61   1.2860676738215662     
          60          61   1.2467957321514376     
          38          62  0.97242236391233916     
          39          63  0.97095618413714657     
          43          64  0.97097368348642177     
          44          65  0.97242508330889954     
          47          66  0.96391259322794909     
          49          67  0.97233551005633256     
          50          68  0.97235452936179489     
          53          69  0.96423531233287973     
          55          70  0.97235541054764274     
          56          71  0.97233613162180343     
          59          72  0.96391119788260460     
           5          73   1.1845978793792453     
          73          74   2.4700583347944107     
          74          75   1.3051884113981123     
          73          76  0.20288259602595135     
          75          76   2.4684341978923028     
          77          78   2.4658737999429849     
          78          79   1.3073444719445022     
          77          80  0.20244040403210822     
          79          80   2.4657992300805032     
          81          82   2.4658015101402793     
          82          83   1.3073279621121678     
          81          84  0.20238009603167906     
          83          84   2.4658039612132203     
          85          86   2.4658347695183465     
          86          87   1.3073175481432300     
          85          88  0.20245895870837094     
          87          88   2.4659435307352813     
          89          90   2.4694084335129780     
          90          91   1.3041412976691056     
          41          92   1.1835122642980933     
          89          92  0.20264423315051230     
          91          92   2.4709930944628899     
          94          95   1.6480551807545019     
          95          96   1.1807737735278208     
          76          97   1.1868793474480714     
          96          97   1.2493370421659500     
          97          98   1.2495567217222265     
          98          99   1.1808815181569929     
          99         100   1.6479621187597644     
         100         101   1.1731966200416151     
          93         102  0.48860164890244223     
          98         102   1.2872771724900862     
         101         102   1.2450606705521037     
         101         103   1.3557751544234995     
         103         104   1.3566922810043736     
         104         105   1.1731620218405565     
         105         106   1.6479568112476475     
         106         107   1.1809257594527585     
          93         108  0.48901212040164299     
         104         108   1.2443197300029394     
         107         108   1.2877416924869169     
          77         109   1.1881309178279609     
         107         109   1.2487507849010602     
         109         110   1.2487018724693288     
         110         111   1.1808655361460427     
         111         112   1.6480009290945135     
         112         113   1.1731544009215775     
          93         114  0.48892428822763140     
         110         114   1.2878033454332167     
         113         114   1.2443357722175328     
         113         115   1.3566690025729156     
          94         116   1.1731790454202331     
         115         116   1.3558314299570737     
          93         117  0.48859368378564799     
          96         117   1.2874275228585448     
         116         117   1.2449856636496641     
          94         118  0.97241165142564601     
          95         119  0.97097503970637600     
          99         120  0.97098015409508076     
         100         121  0.97241568144770052     
         103         122  0.96357194563217685     
         105         123  0.97241034876875432     
         106         124  0.97098672152630816     
         111         125  0.97099223893060727     
         112         126  0.97241101505327443     
         115         127  0.96357018469334021     
         129         130   1.6478521574288951     
         130         131   1.1809827195968388     
          80         132   1.1882776007560751     
         131         132   1.2487410166043449     
         132         133   1.2485990306793904     
         133         134   1.1810040836474780     
         134         135   1.6478452946116959     
         135         136   1.1732307433655209     
         128         137  0.48862401277650902     
         133         137   1.2877633803071491     
         136         137   1.2446563704163425     
         136         138   1.3561431891821825     
         138         139   1.3563269004702723     
         139         140   1.1732403409274212     
         140         141   1.6478256031622598     
         141         142   1.1810334977559751     
         128         143  0.48883022562179596     
         139         143   1.2445019897420351     
         142         143   1.2877181673295597     
          81         144   1.1882564807432170     
         142         144   1.2486369722984658     
         144         145   1.2486414645489847     
         145         146   1.1810217397536205     
         146         147   1.6478312570882037     
         147         148   1.1732558305642555     
         128         149  0.48881749368894134     
         145         149   1.2877234105761892     
         148         149   1.2445515778620713     
         148         150   1.3562680874316282     
         129         151   1.1732350651496888     
         150         151   1.3561462046984751     
         128         152  0.48865178707935458     
         131         152   1.2877236047002443     
         151         152   1.2446688776611212     
         129         153  0.97241150200152882     
         130         154  0.97098759229218468     
         134         155  0.97098547156928383     
         135         156  0.97241088690064170     
         138         157  0.96355250433795681     
         140         158  0.97240623007886873     
         141         159  0.97098367074394987     
         146         160  0.97099427745514344     
         147         161  0.97241315622979674     
         150         162  0.96355797733062232     
         164         165   1.6478757287578794     
         165         166   1.1809547712888375     
          84         167   1.1882526645242599     
         166         167   1.2486327190230226     
         167         168   1.2486485129739662     
         168         169   1.1810082044076040     
         169         170   1.6478721097138807     
         170         171   1.1731959581612110     
         163         172  0.48878281674038260     
         168         172   1.2877326569004239     
         171         172   1.2445440897532420     
         171         173   1.3563350793455531     
         173         174   1.3560968118632470     
         174         175   1.1732596585526678     
         175         176   1.6478013597415839     
         176         177   1.1810288047155961     
         163         178  0.48876987936600563     
         174         178   1.2447005060324994     
         177         178   1.2876045432262848     
          85         179   1.1882581444612281     
         177         179   1.2489428198298285     
         179         180   1.2484251754475548     
         180         181   1.1810067957444617     
         181         182   1.6478218122777257     
         182         183   1.1732791171454235     
         163         184  0.48873442690580859     
         180         184   1.2878113843955996     
         183         184   1.2445523393293421     
         183         185   1.3561823308817367     
         164         186   1.1732314227623513     
         185         186   1.3562973893370738     
         163         187  0.48863566574879214     
         166         187   1.2878118078494840     
         186         187   1.2445496768596020     
         164         188  0.97241022821959733     
         165         189  0.97098950831015174     
         169         190  0.97098904832297317     
         170         191  0.97240971474350812     
         173         192  0.96355687242704546     
         175         193  0.97241282639724291     
         176         194  0.97099747014965954     
         181         195  0.97097449960884363     
         182         196  0.97240993570649614     
         185         197  0.96355327886398734     
         199         200   1.6480298215116109     
         200         201   1.1808589176068982     
          88         202   1.1880668104641747     
         201         202   1.2489698790694028     
         202         203   1.2486097717441238     
         203         204   1.1808243135069507     
         204         205   1.6480682786339929     
         205         206   1.1730940406268680     
         198         207  0.48885246411314798     
         203         207   1.2878763818694554     
         206         207   1.2443118645164071     
         206         208   1.3567765161189804     
         208         209   1.3557232188761577     
         209         210   1.1731905062343810     
         210         211   1.6480396804221229     
         211         212   1.1808111259986751     
         198         213  0.48870211877518660     
         209         213   1.2451325158660187     
         212         213   1.2870344921925205     
          89         214   1.1857769749977953     
         212         214   1.2498419406007206     
         214         215   1.2500874739510397     
         215         216   1.1805935504610172     
         216         217   1.6482546507911584     
         217         218   1.1730724748315406     
         198         219  0.48879482117075895     
         215         219   1.2870591043802528     
         218         219   1.2451156794881142     
         218         220   1.3558286352698075     
         199         221   1.1731055287001400     
         220         221   1.3566369695910563     
         198         222  0.48888155061866306     
         201         222   1.2876748102533582     
         221         222   1.2444672287118419     
         199         223  0.97241347628830388     
         200         224  0.97099700349782758     
         204         225  0.97097765056375884     
         205         226  0.97241057822834520     
         208         227  0.96357141616894859     
         210         228  0.97240982300740852     
         211         229  0.97096429364835513     
         216         230  0.97096763132633490     
         217         231  0.97241032808654571     
         220         232  0.96357620752989026     
