    0.56163706
   -0.05459265
   -0.05428403
    0.06950914
    0.01163397
    0.06954142
   -0.05430544
   -0.05461352
    0.06399171
   -0.21380824
   -0.06067663
    0.06520616
   -0.05356677
   -0.05531780
    0.07028385
   -0.21289455
   -0.05939311
    0.07027303
   -0.05531587
   -0.05356704
    0.06522141
   -0.21286972
   -0.06067883
    0.06402853
   -0.21387248
    0.03029212
    0.03176637
    0.03183497
    0.03029144
    0.04915932
    0.03042991
    0.03074412
    0.04704830
    0.03074801
    0.03043924
    0.04915698
    0.56155675
   -0.05458398
   -0.05428866
    0.06956353
    0.01158528
    0.06952842
   -0.05438278
   -0.05457914
    0.06406358
   -0.21389130
   -0.06069734
    0.06523805
   -0.05358496
   -0.05531846
    0.07023226
   -0.21282776
   -0.05938365
    0.07023942
   -0.05531910
   -0.05358307
    0.06523880
   -0.21283485
   -0.06069389
    0.06406705
   -0.21392405
    0.03027980
    0.03185484
    0.03199709
    0.03028891
    0.04914129
    0.03043467
    0.03074419
    0.04705572
    0.03074206
    0.03043158
    0.04913516
   -0.03069783
   -0.03082830
   -0.03082877
   -0.03068057
    0.56613982
   -0.05454174
   -0.05426015
    0.06984052
    0.01145863
    0.06977261
   -0.05442043
   -0.05454651
    0.06369612
   -0.21503937
   -0.05928850
    0.06373285
   -0.05452243
   -0.05434134
    0.06985182
   -0.21516175
    0.01142812
    0.06983986
   -0.05441149
   -0.05452027
    0.06374999
   -0.21519528
   -0.05930624
    0.06369517
   -0.21506279
    0.03028275
    0.03157092
    0.03171572
    0.03030320
    0.04977990
    0.03028735
    0.03165814
    0.03180284
    0.03027794
    0.04976363
