           2           3   1.6444894967025074     
           3           4   1.1816311360603617     
           4           5   1.2619700217674648     
           5           6   1.2619408633262026     
           6           7   1.1816783470498728     
           7           8   1.6444417767535613     
           8           9   1.1709188861549396     
           1          10  0.65723606120925471     
           6          10   1.2561295765744995     
           9          10   1.2172734940579502     
           9          11   1.3605301568654391     
          11          12   1.3613710392971057     
          12          13   1.1627997723066616     
          13          14   1.6598260854908813     
          14          15   1.1638418351014490     
           1          16  0.65940256235326922     
          12          16   1.2263572920243042     
          15          16   1.2390591760973775     
          15          17   1.3578138387688827     
          17          18   1.3579305753051583     
          18          19   1.1637664995628441     
          19          20   1.6599493679519277     
          20          21   1.1626850610875068     
           1          22  0.65943838455783421     
          18          22   1.2390300920558683     
          21          22   1.2263474749084544     
          21          23   1.3615023930576733     
           2          24   1.1708866202234884     
          23          24   1.3603910448274370     
           1          25  0.65672784450817967     
           4          25   1.2561357869494021     
          24          25   1.2175404127899991     
           2          26  0.97224850080427794     
           3          27  0.96841009169284609     
           7          28  0.96835053584165298     
           8          29  0.97224891059157637     
          11          30  0.96296522870702883     
          13          31  0.97217126413756982     
          14          32  0.97243898041671906     
          17          33  0.96496913156354536     
          19          34  0.97243862677405279     
          20          35  0.97216810243017104     
          23          36  0.96296447774834659     
          38          39   1.6447921289931982     
          39          40   1.1813154805298132     
          40          41   1.2625250098401422     
          41          42   1.2623949911547563     
          42          43   1.1812783706221202     
          43          44   1.6448502929277053     
          44          45   1.1706945974708622     
          37          46  0.65650735954930250     
          42          46   1.2562291090657054     
          45          46   1.2175444338583494     
          45          47   1.3607181748908823     
          47          48   1.3612567929377777     
          48          49   1.1627720903482048     
          49          50   1.6598036481627945     
          50          51   1.1639085720544577     
          37          52  0.65960563907135561     
          48          52   1.2265384929618290     
          51          52   1.2387976716829234     
          51          53   1.3579668865550560     
          53          54   1.3579071478500500     
          54          55   1.1638861928636859     
          55          56   1.6598221487661335     
          56          57   1.1627607944607448     
          37          58  0.65948963582380349     
          54          58   1.2388952032003546     
          57          58   1.2265248664029358     
          57          59   1.3613016417070831     
          38          60   1.1707407038004523     
          59          60   1.3606787889653149     
          37          61  0.65650714134626731     
          40          61   1.2561988615183437     
          60          61   1.2175652241253909     
          38          62  0.97224878142132332     
          39          63  0.96882885948379993     
          43          64  0.96891457629465205     
          44          65  0.97224794628818367     
          47          66  0.96297913842260274     
          49          67  0.97216869992234178     
          50          68  0.97243531000155881     
          53          69  0.96496151093953675     
          55          70  0.97243625497775943     
          56          71  0.97216840965765661     
          59          72  0.96297908140192479     
           5          73   1.1692703004491118     
          73          74   2.5820646227512847     
          41          76   1.1682296080115122     
          75          76   2.5825057594394556     
          78          79   1.6439450505302016     
          79          80   1.1816654030752072     
          74          81   1.1705675689643260     
          80          81   1.2603205990221094     
          81          82   1.2596468852644760     
          82          83   1.1817615576771070     
          83          84   1.6438737628120559     
          84          85   1.1715822459985499     
          77          86  0.65268582547815102     
          82          86   1.2587589359819851     
          85          86   1.2158887857283480     
          85          87   1.3605540569814878     
          87          88   1.3606835759791478     
          88          89   1.1714553827767904     
          89          90   1.6442099560253101     
          90          91   1.1813440101288890     
          77          92  0.65229774304555665     
          88          92   1.2160216893337092     
          91          92   1.2587707918136248     
          75          93   1.1695973504578732     
          91          93   1.2604755733416639     
          93          94   1.2603435068644613     
          94          95   1.1814253884422394     
          95          96   1.6441811707132816     
          96          97   1.1714237187430381     
          77          98  0.65205761196200474     
          94          98   1.2587940845838204     
          97          98   1.2161261408156172     
          97          99   1.3606293243866587     
          78         100   1.1715440795607623     
          99         100   1.3605347850266616     
          77         101  0.65305281417108174     
          80         101   1.2584874539055075     
         100         101   1.2159463548770841     
          78         102  0.97224296414853173     
          79         103  0.96845308911286376     
          83         104  0.96839435034423438     
          84         105  0.97224328941564386     
          87         106  0.96270547095491044     
          89         107  0.97224711282667597     
          90         108  0.96888382916224680     
          95         109  0.96897180688010764     
          96         110  0.97225006508696510     
          99         111  0.96271301283097266     
