    0.19866999
   -0.05055313
   -0.04901414
    0.07876442
    0.01677663
    0.07879558
   -0.04895688
   -0.05055614
    0.07721031
   -0.17159047
   -0.04948587
    0.07852610
   -0.04952174
   -0.04969182
    0.07922726
   -0.16980337
   -0.05123339
    0.07922538
   -0.04969437
   -0.04952381
    0.07852184
   -0.16978919
   -0.04947437
    0.07719736
   -0.17156715
    0.03470955
    0.03675276
    0.03673658
    0.03468685
    0.05019479
    0.03535924
    0.03528333
    0.04946087
    0.03528557
    0.03536184
    0.05020362
    0.19865269
   -0.05054649
   -0.04901009
    0.07875110
    0.01678393
    0.07879271
   -0.04893876
   -0.05055596
    0.07722262
   -0.17160468
   -0.04950940
    0.07853251
   -0.04952560
   -0.04969105
    0.07922939
   -0.16979968
   -0.05123736
    0.07923167
   -0.04969059
   -0.04952249
    0.07852695
   -0.16979513
   -0.04949616
    0.07721924
   -0.17156654
    0.03471543
    0.03674430
    0.03673795
    0.03469359
    0.05019140
    0.03536533
    0.03529090
    0.04945972
    0.03528571
    0.03536193
    0.05020300
   -0.01920228
   -0.00963888
   -0.00188619
   -0.00167930
   -0.00974555
   -0.01888388
   -0.01898956
   -0.00962053
   -0.00176972
   -0.00170821
   -0.00968740
   -0.01891472
   -0.01894667
   -0.00967091
   -0.00174281
   -0.00174202
   -0.00967067
   -0.01894539
   -0.01891787
   -0.00968857
   -0.00171396
   -0.00177357
   -0.00962288
   -0.01899598
   -0.01884096
   -0.00972601
   -0.00164397
   -0.00185334
   -0.00961570
   -0.01916287
    0.20075535
   -0.05056014
   -0.04933562
    0.07916310
    0.01666667
    0.07916382
   -0.04932554
   -0.05055885
    0.07664848
   -0.17318327
   -0.04724463
    0.07663604
   -0.05055201
   -0.04932072
    0.07917014
   -0.17314006
    0.01678217
    0.07918608
   -0.04930077
   -0.05055442
    0.07664264
   -0.17315235
   -0.04724728
    0.07664911
   -0.17319071
    0.03414516
    0.03596907
    0.03597646
    0.03414812
    0.05037455
    0.03418262
    0.03608268
    0.03607615
    0.03417110
    0.05037007
    0.20099604
   -0.05053588
   -0.04933163
    0.07916283
    0.01666991
    0.07916205
   -0.04932955
   -0.05053557
    0.07663146
   -0.17310289
   -0.04717581
    0.07663029
   -0.05052917
   -0.04932778
    0.07916878
   -0.17310753
    0.01669701
    0.07916977
   -0.04932620
   -0.05053083
    0.07663289
   -0.17310995
   -0.04717624
    0.07663093
   -0.17310471
    0.03419902
    0.03606323
    0.03605810
    0.03419675
    0.05040124
    0.03420564
    0.03608487
    0.03608260
    0.03420424
    0.05040158
    0.20098822
   -0.05052931
   -0.04932984
    0.07916284
    0.01669720
    0.07917750
   -0.04932480
   -0.05053120
    0.07663334
   -0.17310764
   -0.04717408
    0.07663163
   -0.05053546
   -0.04933899
    0.07915241
   -0.17310526
    0.01667068
    0.07917322
   -0.04932248
   -0.05053652
    0.07663451
   -0.17310594
   -0.04717619
    0.07663289
   -0.17311376
    0.03420595
    0.03608688
    0.03608060
    0.03420414
    0.05040212
    0.03419972
    0.03606937
    0.03605392
    0.03419617
    0.05039913
    0.20073447
   -0.05055038
   -0.04932627
    0.07916755
    0.01678076
    0.07919224
   -0.04928593
   -0.05055562
    0.07664948
   -0.17317453
   -0.04727269
    0.07666636
   -0.05055694
   -0.04932235
    0.07914889
   -0.17319636
    0.01667317
    0.07915606
   -0.04931899
   -0.05055577
    0.07666446
   -0.17319859
   -0.04726488
    0.07664067
   -0.17312831
    0.03418593
    0.03608505
    0.03608051
    0.03417211
    0.05036324
    0.03415245
    0.03596003
    0.03597326
    0.03415283
    0.05037265
