           2           3   1.6498724570464389     
           3           4   1.1753148039540282     
           4           5   1.2482184875680904     
           5           6   1.2485461750173843     
           6           7   1.1753561283048941     
           7           8   1.6498072069745968     
           8           9   1.1671774097590732     
           1          10  0.53354458991523346     
           6          10   1.2880402038635625     
           9          10   1.2486540846310215     
           9          11   1.3548252054561807     
          11          12   1.3519587651909442     
          12          13   1.1580452155274124     
          13          14   1.6658593301069904     
          14          15   1.1576600875375236     
           1          16  0.53480245416003147     
          12          16   1.2629829931487935     
          15          16   1.2650136403487000     
          15          17   1.3515793828675819     
          17          18   1.3515214686272610     
          18          19   1.1576588570193107     
          19          20   1.6658489619608943     
          20          21   1.1580550609896973     
           1          22  0.53469896328868649     
          18          22   1.2650667396547974     
          21          22   1.2629910701770777     
          21          23   1.3519346309270217     
           2          24   1.1671473285969793     
          23          24   1.3549074138968125     
           1          25  0.53359832836015253     
           4          25   1.2881451017359160     
          24          25   1.2485513093151346     
           2          26  0.97228763992616996     
           3          27  0.97066713777261382     
           7          28  0.97067736150614436     
           8          29  0.97228972356808196     
          11          30  0.96376810113462219     
          13          31  0.97218124752808188     
          14          32  0.97220041569261684     
          17          33  0.96417326490823640     
          19          34  0.97220361741979855     
          20          35  0.97218195560673182     
          23          36  0.96376397987145679     
          38          39   1.6499362132820585     
          39          40   1.1752491141548549     
          40          41   1.2484576228015281     
          41          42   1.2489172472743109     
          42          43   1.1752784015929050     
          43          44   1.6499324969714901     
          44          45   1.1670713103772183     
          37          46  0.53369365520417655     
          42          46   1.2878181713555346     
          45          46   1.2487874792944793     
          45          47   1.3547990242175609     
          47          48   1.3520072179100924     
          48          49   1.1580017807839866     
          49          50   1.6658976416554649     
          50          51   1.1576463842273277     
          37          52  0.53488627795744992     
          48          52   1.2629944073862758     
          51          52   1.2650112064846164     
          51          53   1.3515852586841834     
          53          54   1.3515526815989158     
          54          55   1.1576586222273342     
          55          56   1.6658581437116728     
          56          57   1.1580417381881709     
          37          58  0.53482647189605403     
          54          58   1.2650354512201782     
          57          58   1.2629921270842406     
          57          59   1.3519691091796426     
          38          60   1.1671349455199147     
          59          60   1.3548513988547586     
          37          61  0.53367544049001625     
          40          61   1.2879877399880044     
          60          61   1.2486471410363833     
          38          62  0.97228414459788093     
          39          63  0.97066357722031305     
          43          64  0.97067269796928957     
          44          65  0.97228873843910490     
          47          66  0.96376591151564628     
          49          67  0.97218338213066846     
          50          68  0.97220245913466963     
          53          69  0.96417364450908860     
          55          70  0.97220087396905486     
          56          71  0.97218129490411509     
          59          72  0.96376309488485756     
           5          73   1.1881970765119849     
          73          74   2.4416459628908953     
          74          75   1.3328294338660489     
          73          76  0.19257500560229168     
          75          76   2.3556718870290259     
          76          77   1.3337662258559315     
          75          78  0.19238160779947039     
          77          78   2.4386725810924146     
          79          80   2.4364241787951242     
          80          81   1.3356675904151925     
          79          82  0.19207734057386949     
          81          82   2.3520751364872505     
          82          83   1.3357292405629084     
          81          84  0.19209016262470260     
          83          84   2.4363055773133739     
          85          86   2.4359779317466552     
          86          87   1.3360100069736813     
          85          88  0.19210607570363464     
          87          88   2.3516485876041546     
          88          89   1.3360041378791228     
          87          90  0.19210352561442648     
          89          90   2.4359827231171156     
          91          92   2.4363689139841420     
          92          93   1.3356642204204907     
          91          94  0.19208263094021208     
          93          94   2.3521482161604599     
          94          95   1.3356276851353017     
          93          96  0.19209020030441520     
          95          96   2.4364881570867825     
          97          98   2.4392956033214528     
          98          99   1.3331500558250673     
          97         100  0.19231210723003528     
          99         100   2.3563302104732138     
         100         101   1.3322024930325613     
          41         102   1.1875809107177944     
          99         102  0.19250167787830519     
         101         102   2.4422952325437506     
         104         105   1.6488898158543552     
         105         106   1.1758078509839651     
          78         107   1.1912497339965342     
         106         107   1.2453754351649968     
         107         108   1.2454293859031575     
         108         109   1.1758122901773589     
         109         110   1.6488704719514358     
         110         111   1.1680474323440122     
         103         112  0.52825191183521814     
         108         112   1.2911277625266471     
         111         112   1.2477760650057907     
         111         113   1.3540211243082441     
         113         114   1.3540075634083337     
         114         115   1.1680970180098840     
         115         116   1.6487630275990350     
         116         117   1.1758969064554639     
         103         118  0.52830774605751285     
         114         118   1.2476843194621066     
         117         118   1.2913696200315754     
          79         119   1.1923840471333038     
         117         119   1.2448664502720597     
         119         120   1.2450125820103362     
         120         121   1.1759243017784029     
         121         122   1.6487328551250466     
         122         123   1.1681001460956446     
         103         124  0.52824825559533350     
         120         124   1.2913068489939856     
         123         124   1.2477504534573858     
         123         125   1.3539553888318503     
         104         126   1.1680279554128867     
         125         126   1.3540772800814005     
         103         127  0.52830586757852471     
         106         127   1.2911419467912215     
         126         127   1.2477348716881451     
         104         128  0.97233053382302881     
         105         129  0.97076659192330494     
         109         130  0.97077556016024180     
         110         131  0.97233200564842803     
         113         132  0.96349136437356742     
         115         133  0.97233022867059182     
         116         134  0.97076008447662299     
         121         135  0.97076154531052306     
         122         136  0.97233214831636405     
         125         137  0.96349076615989759     
         139         140   1.6486398478101070     
         140         141   1.1759163649962940     
          84         142   1.1924573570246029     
         141         142   1.2448250848147304     
         142         143   1.2448105427879905     
         143         144   1.1759291349558514     
         144         145   1.6486289772695863     
         145         146   1.1682415492387404     
         138         147  0.52856002992563100     
         143         147   1.2914310632008814     
         146         147   1.2474106611200302     
         146         148   1.3540613309271150     
         148         149   1.3540670407554352     
         149         150   1.1682163733609898     
         150         151   1.6486639852311786     
         151         152   1.1758844165135696     
         138         153  0.52853953998590442     
         149         153   1.2474111624300612     
         152         153   1.2914904184802345     
          85         154   1.1926324616116353     
         152         154   1.2447679992325189     
         154         155   1.2447661308151099     
         155         156   1.1759071006789916     
         156         157   1.6486412078150909     
         157         158   1.1682286732833802     
         138         159  0.52853159766329760     
         155         159   1.2914854585831248     
         158         159   1.2474191534519345     
         158         160   1.3540532152964557     
         139         161   1.1682349559054148     
         160         161   1.3540747388836303     
         138         162  0.52856489708324683     
         141         162   1.2914305857902828     
         161         162   1.2474039829092458     
         139         163  0.97232579595815105     
         140         164  0.97075658646764929     
         144         165  0.97075757327189072     
         145         166  0.97232541370460701     
         148         167  0.96349864943979757     
         150         168  0.97232695223676990     
         151         169  0.97075209560474385     
         156         170  0.97075220680247587     
         157         171  0.97232755624026701     
         160         172  0.96349843036075011     
         174         175   1.6486724246321620     
         175         176   1.1758743115763297     
          90         177   1.1926281052914089     
         176         177   1.2447854702898531     
         177         178   1.2447525796490542     
         178         179   1.1759205589620221     
         179         180   1.6486285155410441     
         180         181   1.1682410109526105     
         173         182  0.52847138361734880     
         178         182   1.2914986017143302     
         181         182   1.2474077274345587     
         181         183   1.3540599131125775     
         183         184   1.3540681070190632     
         184         185   1.1682446750177622     
         185         186   1.6486350904038236     
         186         187   1.1759254857232462     
         173         188  0.52850110598524824     
         184         188   1.2474048673803151     
         187         188   1.2914261981869881     
          91         189   1.1924301808174360     
         187         189   1.2448062464106615     
         189         190   1.2448547115525990     
         190         191   1.1759237093620500     
         191         192   1.6486305715086362     
         192         193   1.1682465690894790     
         173         194  0.52850114682649363     
         190         194   1.2914346726189661     
         193         194   1.2474064046582618     
         193         195   1.3540677793859526     
         174         196   1.1682178783069996     
         195         196   1.3540674333532063     
         173         197  0.52847104663155642     
         176         197   1.2914870597697139     
         196         197   1.2474148532781768     
         174         198  0.97232715554742388     
         175         199  0.97075271717206113     
         179         200  0.97075237057393138     
         180         201  0.97232821104947298     
         183         202  0.96349868968334185     
         185         203  0.97232583774356218     
         186         204  0.97075986329756225     
         191         205  0.97075559693572377     
         192         206  0.97232619982247015     
         195         207  0.96349872175194140     
         209         210   1.6487641957412056     
         210         211   1.1759240987970427     
          96         212   1.1923498578283609     
         211         212   1.2448193741375473     
         212         213   1.2451254715514941     
         213         214   1.1758902925393753     
         214         215   1.6487802737125177     
         215         216   1.1680737470751725     
         208         217  0.52810054225314251     
         213         217   1.2912865609257644     
         216         217   1.2477547051028075     
         216         218   1.3540109703724510     
         218         219   1.3539908657296391     
         219         220   1.1680034804545318     
         220         221   1.6489613276875192     
         221         222   1.1757612093849614     
         208         223  0.52812799387766152     
         219         223   1.2478721031613915     
         222         223   1.2909453010392755     
          97         224   1.1906543196187978     
         222         224   1.2456728698045274     
         224         225   1.2457046505986069     
         225         226   1.1757399960215453     
         226         227   1.6489659257070115     
         227         228   1.1680035975369774     
         208         229  0.52807892897044484     
         225         229   1.2909735696208220     
         228         229   1.2478711990588669     
         228         230   1.3539942108452374     
         209         231   1.1681026759040494     
         230         231   1.3540183859534514     
         208         232  0.52812632618715238     
         211         232   1.2913464272106179     
         231         232   1.2476941429589461     
         209         233  0.97233148847504658     
         210         234  0.97076748616535513     
         214         235  0.97075627352681126     
         215         236  0.97233438913339476     
         218         237  0.96349293603013997     
         220         238  0.97233140702760057     
         221         239  0.97076819658624236     
         226         240  0.97076789050304069     
         227         241  0.97233070733743754     
         230         242  0.96349069072116666     
