    0.09227217
   -0.05322254
   -0.05255905
    0.07180157
    0.01920773
    0.07219990
   -0.05085110
   -0.05331490
    0.07087977
   -0.12871542
   -0.04862102
    0.07216126
   -0.05252393
   -0.05254645
    0.07241726
   -0.12695833
   -0.05020336
    0.07239549
   -0.05257572
   -0.05251961
    0.07213596
   -0.12693318
   -0.04856417
    0.07082822
   -0.12829268
    0.03423354
    0.03583856
    0.03281502
    0.03411499
    0.04955731
    0.03428065
    0.03424010
    0.04904152
    0.03423173
    0.03427946
    0.04962605
    0.09257885
   -0.05322435
   -0.05251916
    0.07172031
    0.01906843
    0.07210813
   -0.05060091
   -0.05334840
    0.07101839
   -0.12885874
   -0.04887379
    0.07226562
   -0.05249772
   -0.05253834
    0.07249599
   -0.12728773
   -0.05042773
    0.07246814
   -0.05257589
   -0.05249470
    0.07219020
   -0.12713434
   -0.04876376
    0.07096185
   -0.12845218
    0.03418951
    0.03587926
    0.03253415
    0.03406356
    0.04949546
    0.03425701
    0.03420098
    0.04896962
    0.03420287
    0.03425550
    0.04957778
   -0.02721517
   -0.02885786
   -0.02710906
   -0.02784660
   -0.02799213
   -0.02705734
   -0.02895725
   -0.02722292
    0.09018669
   -0.05332815
   -0.05250082
    0.07144942
    0.02116512
    0.07185568
   -0.05083771
   -0.05336451
    0.07031492
   -0.12768522
   -0.04545854
    0.07019955
   -0.05315113
   -0.05265680
    0.07186004
   -0.12764100
    0.02018055
    0.07223529
   -0.05123116
   -0.05319095
    0.07017158
   -0.12803974
   -0.04544066
    0.07030200
   -0.12729932
    0.03426786
    0.03604587
    0.03297206
    0.03420644
    0.05050272
    0.03435216
    0.03575663
    0.03298851
    0.03422489
    0.05047688
    0.08939902
   -0.05325054
   -0.05114842
    0.07205229
    0.02099131
    0.07163313
   -0.05259823
   -0.05320325
    0.07002290
   -0.12710865
   -0.04491306
    0.06999735
   -0.05326429
   -0.05120264
    0.07200832
   -0.12727192
    0.02107498
    0.07164192
   -0.05254899
   -0.05322286
    0.07001804
   -0.12707609
   -0.04491198
    0.07002101
   -0.12741124
    0.03430604
    0.03300216
    0.03570401
    0.03440681
    0.05064747
    0.03432629
    0.03315104
    0.03566805
    0.03439987
    0.05063957
    0.09036294
   -0.05315546
   -0.05266980
    0.07193025
    0.02002063
    0.07228729
   -0.05126843
   -0.05317235
    0.07021257
   -0.12815287
   -0.04561451
    0.07042678
   -0.05330953
   -0.05239065
    0.07136966
   -0.12733967
    0.02108431
    0.07180490
   -0.05061500
   -0.05338190
    0.07044953
   -0.12787219
   -0.04563402
    0.07027658
   -0.12785289
    0.03433545
    0.03573834
    0.03310273
    0.03421011
    0.05044255
    0.03425318
    0.03610260
    0.03268819
    0.03419218
    0.05046758
