           2           3   1.6402652224623293     
           3           4   1.1830105910895561     
           4           5   1.2516485564647672     
           5           6   1.2538384527083877     
           6           7   1.1837427841793471     
           7           8   1.6399480249260610     
           8           9   1.1738450858680314     
           1          10  0.72162798627303026     
           6          10   1.2645109480217536     
           9          10   1.2258903157956855     
           9          11   1.3589473554389782     
          11          12   1.3539194277092417     
          12          13   1.1662873937466951     
          13          14   1.6559602160861071     
          14          15   1.1653727130160680     
           1          16  0.72685561167465285     
          12          16   1.2394512891883611     
          15          16   1.2407875685417613     
          15          17   1.3552320781111309     
          17          18   1.3547881228223222     
          18          19   1.1655607355739692     
          19          20   1.6558173260875195     
          20          21   1.1662733606265792     
           1          22  0.72663021969074593     
          18          22   1.2411294041361067     
          21          22   1.2393981582421378     
          21          23   1.3538416984296724     
           2          24   1.1740238364835798     
          23          24   1.3591677190292832     
           1          25  0.72211709046964478     
           4          25   1.2651203828101019     
          24          25   1.2251867981903251     
           2          26  0.97198600617848219     
           3          27  0.96867515921341274     
           7          28  0.96658155566118009     
           8          29  0.97202591169347474     
          11          30  0.96367433175153239     
          13          31  0.97195190412374377     
          14          32  0.97197696050100413     
          17          33  0.96392392456080345     
          19          34  0.97197992678491230     
          20          35  0.97195384269134433     
          23          36  0.96365933926087699     
          38          39   1.6408241967426056     
          39          40   1.1827652749938091     
          40          41   1.2534391672097958     
          41          42   1.2567069712097880     
          42          43   1.1832137998665619     
          43          44   1.6407529479810483     
          44          45   1.1735471877291426     
          37          46  0.72195809010130918     
          42          46   1.2628503370167865     
          45          46   1.2270977101107985     
          45          47   1.3583939305934432     
          47          48   1.3549192735737803     
          48          49   1.1659208165951076     
          49          50   1.6563890635263681     
          50          51   1.1651652282066798     
          37          52  0.72602754679245973     
          48          52   1.2393527881822157     
          51          52   1.2412481339818391     
          51          53   1.3554877155490777     
          53          54   1.3551577689689092     
          54          55   1.1653612279230079     
          55          56   1.6560980974126034     
          56          57   1.1661595460919778     
          37          58  0.72646421755216384     
          54          58   1.2412933632885512     
          57          58   1.2391706600539238     
          57          59   1.3546227906383492     
          38          60   1.1738875001161064     
          59          60   1.3589296654902314     
          37          61  0.72201517977268159     
          40          61   1.2642812778600001     
          60          61   1.2258812819777116     
          38          62  0.97199376949050476     
          39          63  0.96898957048120449     
          43          64  0.96590942068863828     
          44          65  0.97202531553412930     
          47          66  0.96363872680603269     
          49          67  0.97194607526464494     
          50          68  0.97197367556990877     
          53          69  0.96389807095996582     
          55          70  0.97197317966278929     
          56          71  0.97194418308422303     
          59          72  0.96361875833483346     
           5          73   1.1794115005080161     
          73          74   2.5660241308172607     
          75          76   2.5557589254478645     
          77          78   2.5558325752863511     
          41          80   1.1755869675806365     
          79          80   2.5697684003059562     
          82          83   1.6377352876440026     
          83          84   1.1842028524452479     
          74          85   1.1824534673262042     
          84          85   1.2485074021035372     
          85          86   1.2497950746269562     
          86          87   1.1851589885855967     
          87          88   1.6372508896996421     
          88          89   1.1761399234138121     
          81          90  0.72184013155028137     
          86          90   1.2663971684215980     
          89          90   1.2247711456973764     
          89          91   1.3545869300654605     
          91          92   1.3568334457149898     
          92          93   1.1759074131111327     
          93          94   1.6380387301428621     
          94          95   1.1839309731766841     
          81          96  0.72087086949356460     
          92          96   1.2233283792396825     
          95          96   1.2683094219071525     
          75          97   1.1879685746012776     
          95          97   1.2457731490275841     
          97          98   1.2466463995111148     
          98          99   1.1850560623875617     
          99         100   1.6374303434424982     
         100         101   1.1757891707301915     
          81         102  0.72010256859719168     
          98         102   1.2691272246510079     
         101         102   1.2229121994872840     
         101         103   1.3574101574329023     
          82         104   1.1764078230772321     
         103         104   1.3540936775466872     
          81         105  0.72242936908501765     
          84         105   1.2658683383397460     
         104         105   1.2249983051230564     
          82         106  0.97200194641508109     
          83         107  0.96875935121304690     
          87         108  0.96668452093501422     
          88         109  0.97203334236011241     
          91         110  0.96354387265899966     
          93         111  0.97199518888309200     
          94         112  0.96897768352558145     
          99         113  0.96735137358587719     
         100         114  0.97203521743971932     
         103         115  0.96354431590744150     
         117         118   1.6364382017844059     
         118         119   1.1856994324085688     
          76         120   1.1892268472144605     
         119         120   1.2455398246114247     
         120         121   1.2445144545290423     
         121         122   1.1847028336508527     
         122         123   1.6368490504802233     
         123         124   1.1766406873335833     
         116         125  0.72177682265031173     
         121         125   1.2681954564902831     
         124         125   1.2235317844671922     
         124         126   1.3549767887437358     
         126         127   1.3556338557759737     
         127         128   1.1763572373219677     
         128         129   1.6363044878476631     
         129         130   1.1858269076851191     
         116         131  0.72190018864119543     
         127         131   1.2230169059421128     
         130         131   1.2686334383810185     
          77         132   1.1895283271105153     
         130         132   1.2452972434205130     
         132         133   1.2444156966150499     
         133         134   1.1848279939804458     
         134         135   1.6367257352629194     
         135         136   1.1766311406301315     
         116         137  0.72185325250297838     
         133         137   1.2682347827626843     
         136         137   1.2235686367475365     
         136         138   1.3549306570576163     
         117         139   1.1763451291091502     
         138         139   1.3556641810683301     
         116         140  0.72143455775076404     
         119         140   1.2687508625492609     
         139         140   1.2231016651672906     
         117         141  0.97204181395269840     
         118         142  0.96741038592804918     
         122         143  0.96909242805821860     
         123         144  0.97200757290479878     
         126         145  0.96360806588809989     
         128         146  0.97203547521398659     
         129         147  0.96751968984025427     
         134         148  0.96902093146938251     
         135         149  0.97200639632958974     
         138         150  0.96361125253718094     
         152         153   1.6383403361364204     
         153         154   1.1837621163617045     
          78         155   1.1878372211554153     
         154         155   1.2460380147899119     
         155         156   1.2468872634268309     
         156         157   1.1849812607218280     
         157         158   1.6376359976756099     
         158         159   1.1755766529227138     
         151         160  0.72005441521382429     
         156         160   1.2691691986989013     
         159         160   1.2227987181372333     
         159         161   1.3579557199019132     
         161         162   1.3537883398786894     
         162         163   1.1761916655744360     
         163         164   1.6384341720976328     
         164         165   1.1837001582329802     
         151         166  0.72272672749298028     
         162         166   1.2256592617314808     
         165         166   1.2647594610081296     
          79         167   1.1788479012372499     
         165         167   1.2506041714977201     
         167         168   1.2518090491304517     
         168         169   1.1847150905543804     
         169         170   1.6379148274797541     
         170         171   1.1758321912652914     
         151         172  0.72165731982023507     
         168         172   1.2654133993169479     
         171         172   1.2255637442490113     
         171         173   1.3542964843643470     
         152         174   1.1756378003045960     
         173         174   1.3573490180629038     
         151         175  0.72023161712855222     
         154         175   1.2684754402086527     
         174         175   1.2234482383722289     
         152         176  0.97199302792973574     
         153         177  0.96887447302813023     
         157         178  0.96744376122546749     
         158         179  0.97202682688922448     
         161         180  0.96352351744859110     
         163         181  0.97200349626575588     
         164         182  0.96908690688238242     
         169         183  0.96604597284789573     
         170         184  0.97203631637501331     
         173         185  0.96351725042385572     
