   -0.05476783
   -0.05310026
    0.08703800
    0.01177056
    0.06411621
   -0.04978530
   -0.05177488
    0.06432708
   -0.08109418
   -0.05490367
    0.08683192
   -0.05372791
   -0.05376453
    0.08646406
   -0.32080602
   -0.05665057
    0.06499155
   -0.05104216
   -0.05087045
    0.06571213
   -0.08091658
   -0.05490466
    0.08552592
   -0.32468692
    0.01858149
    0.02067511
    0.04322626
    0.04145490
    0.21413048
    0.04705588
    0.01952809
    0.01956330
    0.04623222
    0.04197897
    0.04191404
    0.21444044
    0.04707803
   -0.05476691
   -0.05307125
    0.08706662
    0.01177663
    0.06411136
   -0.04980686
   -0.05176831
    0.06430990
   -0.08105261
   -0.05489133
    0.08682800
   -0.05372808
   -0.05376530
    0.08646650
   -0.32080527
   -0.05664564
    0.06499670
   -0.05104508
   -0.05087184
    0.06570856
   -0.08090360
   -0.05489695
    0.08552350
   -0.32470702
    0.01857194
    0.02067390
    0.04322609
    0.04147005
    0.21412957
    0.04706585
    0.01953083
    0.01956701
    0.04623648
    0.04198069
    0.04191453
    0.21442748
    0.04707506
   -0.02167028
   -0.01133737
   -0.01041436
   -0.02254817
   -0.02179597
   -0.01073821
   -0.01048637
   -0.02201860
   -0.02182533
   -0.01059492
   -0.01051964
   -0.02188873
   -0.02189289
   -0.01052294
   -0.01060054
   -0.02182235
   -0.02202486
   -0.01046792
   -0.01071878
   -0.02180312
   -0.02256012
   -0.01042318
   -0.01135793
   -0.02167465
   -0.05455113
   -0.05295745
    0.08683835
    0.01231921
    0.06355309
   -0.05005093
   -0.05181641
    0.06407945
   -0.08122438
   -0.05268440
    0.08520290
   -0.05451458
   -0.05296738
    0.08699205
   -0.32393567
    0.01185572
    0.06365161
   -0.05021640
   -0.05175813
    0.06396551
   -0.08122719
   -0.05260780
    0.08520781
   -0.32381202
    0.01875213
    0.02076272
    0.04302489
    0.04130457
    0.21443509
    0.04780509
    0.01874039
    0.02061536
    0.04294939
    0.04133835
    0.21444585
    0.04785946
   -0.05451065
   -0.05294499
    0.08699492
    0.01217597
    0.06363400
   -0.05016336
   -0.05177407
    0.06398277
   -0.08104837
   -0.05252205
    0.08518379
   -0.05450039
   -0.05298909
    0.08701781
   -0.32382296
    0.01202638
    0.06368543
   -0.05016733
   -0.05175028
    0.06396318
   -0.08110309
   -0.05250707
    0.08517783
   -0.32379575
    0.01882202
    0.02071975
    0.04306781
    0.04141361
    0.21443236
    0.04793969
    0.01883882
    0.02069948
    0.04301068
    0.04140194
    0.21441111
    0.04793573
   -0.05449765
   -0.05298121
    0.08703591
    0.01210255
    0.06369277
   -0.05014941
   -0.05174710
    0.06395834
   -0.08104032
   -0.05250334
    0.08518570
   -0.05449713
   -0.05296064
    0.08703224
   -0.32380794
    0.01212133
    0.06368695
   -0.05016903
   -0.05175708
    0.06395279
   -0.08100920
   -0.05249238
    0.08517612
   -0.32381219
    0.01885866
    0.02074121
    0.04304662
    0.04143225
    0.21438797
    0.04795341
    0.01884841
    0.02072081
    0.04305793
    0.04143901
    0.21440345
    0.04796251
   -0.05449686
   -0.05296050
    0.08702452
    0.01203462
    0.06367111
   -0.05019141
   -0.05175281
    0.06395732
   -0.08107709
   -0.05249856
    0.08517162
   -0.05450921
   -0.05297353
    0.08698731
   -0.32377876
    0.01217341
    0.06365763
   -0.05014051
   -0.05177227
    0.06398208
   -0.08106987
   -0.05252844
    0.08518593
   -0.32383217
    0.01882764
    0.02068161
    0.04302317
    0.04141301
    0.21442468
    0.04794706
    0.01883485
    0.02075487
    0.04304630
    0.04140313
    0.21440972
    0.04792806
   -0.05451589
   -0.05299893
    0.08697247
    0.01185648
    0.06366687
   -0.05019371
   -0.05176623
    0.06396845
   -0.08124713
   -0.05260485
    0.08519930
   -0.05455330
   -0.05295899
    0.08684019
   -0.32378895
    0.01231528
    0.06356262
   -0.05005354
   -0.05182369
    0.06406241
   -0.08123075
   -0.05268240
    0.08519603
   -0.32391058
    0.01875172
    0.02062036
    0.04294001
    0.04132038
    0.21444509
    0.04785210
    0.01874669
    0.02072775
    0.04302405
    0.04129990
    0.21444171
    0.04781363
