           1           2   1.7164316974629474     
           2           3   1.1216186750957100     
           3           4   1.2427730576428866     
           4           5   1.2480852525467605     
           5           6   1.2373493144935193     
           6           7   1.5923628276770403     
           7           8   1.2239697127344311     
           5           9   1.2259737086709066     
           8           9   1.2020638402194603     
           8          10   1.3443868200889915     
          10          11   1.3570886109306883     
          11          12   1.1067911645594146     
          12          13   1.7309014518742842     
          13          14   1.1089497404758677     
          11          15   1.3241221801494800     
          14          15   1.3250518952603956     
          14          16   1.3538440284493034     
          16          17   1.3464249386297591     
          17          18   1.2158278493023658     
          18          19   1.6079399243442984     
          19          20   1.2152966992480465     
          17          21   1.2097620034779324     
          20          21   1.2113984185387294     
          20          22   1.3415352531551810     
           1          23   1.1150042517088115     
          22          23   1.3670904434057778     
           3          24   1.3624875610905756     
          23          24   1.2983440574064500     
           1          25  0.97278282059590293     
           2          26  0.97152425319332036     
           6          27  0.97188238463009979     
           7          28  0.97291859332820940     
           9          29  0.89986953359012245     
          10          30  0.96367995923252603     
          12          31  0.97274125563680869     
          13          32  0.97279154919285027     
          16          33  0.96473493491238582     
          18          34  0.97289271587450166     
          19          35  0.97282256795518962     
          21          36  0.90018717248981195     
          22          37  0.96351448484308333     
          38          39   1.7164205358047251     
          39          40   1.1216157799204982     
          40          41   1.2428134991207889     
          41          42   1.2478155752665450     
          42          43   1.2373764594086092     
          43          44   1.5923299137741287     
          44          45   1.2240090623930766     
          42          46   1.2260850107035111     
          45          46   1.2019814759744227     
          45          47   1.3444097600448637     
          47          48   1.3570674047197104     
          48          49   1.1068052898788214     
          49          50   1.7308878163442014     
          50          51   1.1089537798496309     
          48          52   1.3241301294398327     
          51          52   1.3250351998422094     
          51          53   1.3538533197746996     
          53          54   1.3464056240371953     
          54          55   1.2158447195339099     
          55          56   1.6079083391111435     
          56          57   1.2153280531714725     
          54          58   1.2097593024638535     
          57          58   1.2113920910405600     
          57          59   1.3414956438289560     
          38          60   1.1149998857087102     
          59          60   1.3671340753218755     
          40          61   1.3625698040305234     
          60          61   1.2983090257164664     
          38          62  0.97278432076438559     
          39          63  0.97152506950606410     
          43          64  0.97187897743291185     
          44          65  0.97291687779983627     
          46          66  0.89989198747431953     
          47          67  0.96368069937670575     
          49          68  0.97274121700891181     
          50          69  0.97279146119272553     
          53          70  0.96473169702987960     
          55          71  0.97289242632403727     
          56          72  0.97282293995978086     
          58          73  0.90021099868082377     
          59          74  0.96351734801410760     
           4          75   1.1920538544849597     
          75          76   2.4607314266578246     
          76          77   1.3109852734063927     
          75          78  0.20158632746620558     
          77          78   2.4583108771855700     
          79          80   2.4541910011738586     
          80          81   1.3145490683372383     
          79          82  0.20105115549121041     
          81          82   2.4540905062595604     
          83          84   2.4537496079214143     
          84          85   1.3148023044732249     
          83          86  0.20102382809556524     
          85          86   2.4537769762629464     
          87          88   2.4538097111410400     
          88          89   1.3147889408265874     
          87          90  0.20102649127911781     
          89          90   2.4537844912140252     
          91          92   2.4540493675643535     
          92          93   1.3145677005036056     
          91          94  0.20103549707106555     
          93          94   2.4541410409481266     
          95          96   2.4580842245699119     
          96          97   1.3112320821432839     
          41          98   1.1922973851976977     
          95          98  0.20162887897548148     
          97          98   2.4605276112024566     
          99         100   1.7153443297457120     
         100         101   1.1236637272736028     
          78         102   1.1959927538724362     
         101         102   1.2411106064777617     
         102         103   1.2434533938299324     
         103         104   1.2416703939880331     
         104         105   1.5869534686556417     
         105         106   1.2282685352861007     
         103         107   1.2264768235007810     
         106         107   1.2035818558683047     
         106         108   1.3347605413375745     
         108         109   1.3725542993537003     
         109         110   1.1149808407202084     
         110         111   1.7155459917303562     
         111         112   1.1234210580644386     
         109         113   1.2938642959974069     
         112         113   1.3641526805686373     
          79         114   1.1981431459279430     
         112         114   1.2399378514991879     
         114         115   1.2423434934323478     
         115         116   1.2416250333570595     
         116         117   1.5870475147213434     
         117         118   1.2280941824032059     
         115         119   1.2271887182366852     
         118         119   1.2027957281275858     
         118         120   1.3359460912197381     
          99         121   1.1151523432641963     
         120         121   1.3711888679690623     
         101         122   1.3626936217876264     
         121         122   1.2950333335940813     
          99         123  0.97276754856440639     
         100         124  0.97163848100133188     
         104         125  0.97204753891870010     
         105         126  0.97291905590311623     
         107         127  0.89755659654034414     
         108         128  0.96298569777670129     
         110         129  0.97276811348535341     
         111         130  0.97164609839879013     
         116         131  0.97204682315249757     
         117         132  0.97291627770583600     
         119         133  0.89757273261516179     
         120         134  0.96297738253062437     
         135         136   1.7153290996437178     
         136         137   1.1235777076723017     
          82         138   1.1982994001753979     
         137         138   1.2399769920077783     
         138         139   1.2421351253038395     
         139         140   1.2419853727707384     
         140         141   1.5865208309797754     
         141         142   1.2286006045294062     
         139         143   1.2270557111600939     
         142         143   1.2031430023396172     
         142         144   1.3348377283653270     
         144         145   1.3725427655341476     
         145         146   1.1150897946572604     
         146         147   1.7154662428106509     
         147         148   1.1234444389969551     
         145         149   1.2937086652744862     
         148         149   1.3642924709991262     
          83         150   1.1984581195485919     
         148         150   1.2395934228123675     
         150         151   1.2422955661752497     
         151         152   1.2418550304277249     
         152         153   1.5866553458779007     
         153         154   1.2284847986051666     
         151         155   1.2271329173530023     
         154         155   1.2029604798703544     
         154         156   1.3352083170223041     
         135         157   1.1151659543536983     
         156         157   1.3720931961290621     
         137         158   1.3639173031815541     
         157         158   1.2940675738784011     
         135         159  0.97276667608615808     
         136         160  0.97164052640457843     
         140         161  0.97203473587269196     
         141         162  0.97291465805285260     
         143         163  0.89774028295599195     
         144         164  0.96297954015643483     
         146         165  0.97276435738079226     
         147         166  0.97163116632728608     
         152         167  0.97204671277329113     
         153         168  0.97291566065387525     
         155         169  0.89776710364848589     
         156         170  0.96298243361015923     
         171         172   1.7154352511936031     
         172         173   1.1234271897042440     
          86         174   1.1984412803940883     
         173         174   1.2396480981324423     
         174         175   1.2422556607702091     
         175         176   1.2418948057649604     
         176         177   1.5865778379817035     
         177         178   1.2285788208208546     
         175         179   1.2270997311983742     
         178         179   1.2029989010276727     
         178         180   1.3350449718877844     
         180         181   1.3722908726822358     
         181         182   1.1151151243415462     
         182         183   1.7154292780244327     
         183         184   1.1234665655001752     
         181         185   1.2939349138037679     
         184         185   1.3640971291577708     
          87         186   1.1984127404156228     
         184         186   1.2398607920950655     
         186         187   1.2420833550028370     
         187         188   1.2419410238290887     
         188         189   1.5865174488140510     
         189         190   1.2286355784753615     
         187         191   1.2271546407818714     
         190         191   1.2029986015420899     
         190         192   1.3349687805694164     
         171         193   1.1151491984957576     
         192         193   1.3724340433850795     
         173         194   1.3642930084453004     
         193         194   1.2937293739520572     
         171         195  0.97276410325044183     
         172         196  0.97162912470477025     
         176         197  0.97203854135928369     
         177         198  0.97291437847894957     
         179         199  0.89788437620040351     
         180         200  0.96298905446356586     
         182         201  0.97276579057185253     
         183         202  0.97164223619612267     
         188         203  0.97202893155176040     
         189         204  0.97291426511972645     
         191         205  0.89787558965341330     
         192         206  0.96298612924153537     
         207         208   1.7154579014329112     
         208         209   1.1234651112341818     
          90         210   1.1984396963354924     
         209         210   1.2398000866361341     
         210         211   1.2420867726630909     
         211         212   1.2418890544175434     
         212         213   1.5866096783710557     
         213         214   1.2285234737513633     
         211         215   1.2271987535477522     
         214         215   1.2029326435396679     
         214         216   1.3351767667103216     
         216         217   1.3721737809955066     
         217         218   1.1151675161858887     
         218         219   1.7153529177980067     
         219         220   1.1235450612153173     
         217         221   1.2939653105441846     
         220         221   1.3640179355779796     
          91         222   1.1983339206885066     
         220         222   1.2398162211577088     
         222         223   1.2422457604839066     
         223         224   1.2419819153267206     
         224         225   1.5865138303785666     
         225         226   1.2286029976138326     
         223         227   1.2270387089233481     
         226         227   1.2031292305850323     
         226         228   1.3348652563940941     
         207         229   1.1150664151462331     
         228         229   1.3724645252065097     
         209         230   1.3641789798695978     
         229         230   1.2938308373702596     
         207         231  0.97276569774416721     
         208         232  0.97164200295588155     
         212         233  0.97203782178442233     
         213         234  0.97291431148073781     
         215         235  0.89775507135083088     
         216         236  0.96297880314203166     
         218         237  0.97276494514601330     
         219         238  0.97164075075726553     
         224         239  0.97203816983485425     
         225         240  0.97291613149149991     
         227         241  0.89776249301109046     
         228         242  0.96298369883435786     
         243         244   1.7155352205848848     
         244         245   1.1234521797542945     
          94         246   1.1981975486633947     
         245         246   1.2397375753619120     
         246         247   1.2424724815891157     
         247         248   1.2416462174532090     
         248         249   1.5869971196479156     
         249         250   1.2281303596950219     
         247         251   1.2271716644928330     
         250         251   1.2028382196712919     
         250         252   1.3358670011364133     
         252         253   1.3712658866824696     
         253         254   1.1151494202529797     
         254         255   1.7153472438480009     
         255         256   1.1236551150872429     
         253         257   1.2949405927680380     
         256         257   1.3628431690953253     
          95         258   1.1962764339288880     
         256         258   1.2409371250227568     
         258         259   1.2433440309310613     
         259         260   1.2417419219887895     
         260         261   1.5868578016803740     
         261         262   1.2283338197942577     
         259         263   1.2265178676743964     
         262         263   1.2035643895809076     
         262         264   1.3347260133153425     
         243         265   1.1149748034977878     
         264         265   1.3725937528319319     
         245         266   1.3641664600334871     
         265         266   1.2938201267586948     
         243         267  0.97276603604014433     
         244         268  0.97164412855941418     
         248         269  0.97205377563856332     
         249         270  0.97291820929516704     
         251         271  0.89755724879492937     
         252         272  0.96297996895391447     
         254         273  0.97276683938249298     
         255         274  0.97163911566426686     
         260         275  0.97205195484822415     
         261         276  0.97292085592598865     
         263         277  0.89756103325492975     
         264         278  0.96298273176675631     
