    0.19778026
   -0.05064765
   -0.04892954
    0.07864844
    0.01717830
    0.07865602
   -0.04889296
   -0.05065720
    0.07711203
   -0.17151835
   -0.04952485
    0.07841676
   -0.04962871
   -0.04981463
    0.07909689
   -0.16984778
   -0.05135933
    0.07909626
   -0.04981509
   -0.04963550
    0.07842350
   -0.16984502
   -0.04951456
    0.07711329
   -0.17151473
    0.03441927
    0.03616796
    0.03621419
    0.03441980
    0.04990848
    0.03507856
    0.03500109
    0.04919712
    0.03499967
    0.03507574
    0.04991966
    0.19774357
   -0.05063815
   -0.04895207
    0.07861605
    0.01715926
    0.07865921
   -0.04886999
   -0.05064183
    0.07715100
   -0.17156287
   -0.04956808
    0.07843242
   -0.04963255
   -0.04981198
    0.07909162
   -0.16984266
   -0.05136315
    0.07909212
   -0.04981314
   -0.04963424
    0.07843064
   -0.16984725
   -0.04955103
    0.07713760
   -0.17153409
    0.03444231
    0.03624366
    0.03624093
    0.03441824
    0.04989622
    0.03507597
    0.03500017
    0.04919115
    0.03500013
    0.03507740
    0.04991000
   -0.02052457
   -0.00908919
   -0.00924117
   -0.02019535
   -0.02026040
   -0.00910314
   -0.00910746
   -0.02026215
   -0.02013544
   -0.00920576
   -0.00904331
   -0.02045703
    0.19967670
   -0.05066903
   -0.04927629
    0.07898830
    0.01704339
    0.07900221
   -0.04927006
   -0.05066294
    0.07657179
   -0.17302985
   -0.04727554
    0.07654636
   -0.05066814
   -0.04925128
    0.07901817
   -0.17296621
    0.01713103
    0.07899801
   -0.04925752
   -0.05066216
    0.07653849
   -0.17293922
   -0.04727313
    0.07656238
   -0.17299757
    0.03389097
    0.03539548
    0.03544795
    0.03387360
    0.05008877
    0.03390377
    0.03552494
    0.03551420
    0.03390914
    0.05009166
    0.19964890
   -0.05066407
   -0.04925457
    0.07900365
    0.01712555
    0.07901150
   -0.04924417
   -0.05066389
    0.07655365
   -0.17295672
   -0.04731190
    0.07659759
   -0.05065548
   -0.04928602
    0.07895745
   -0.17302459
    0.01703880
    0.07899484
   -0.04925474
   -0.05065439
    0.07660106
   -0.17304416
   -0.04731782
    0.07656016
   -0.17296353
    0.03390882
    0.03552265
    0.03552451
    0.03390803
    0.05008479
    0.03389906
    0.03546124
    0.03549885
    0.03389682
    0.05008073
