           2           3   1.6502618973551186     
           3           4   1.1749077142063573     
           4           5   1.2492744228198265     
           5           6   1.2496100765235156     
           6           7   1.1748422624397232     
           7           8   1.6502427896632028     
           8           9   1.1669794033765031     
           1          10  0.53313218483703217     
           6          10   1.2884831253220754     
           9          10   1.2488200807710279     
           9          11   1.3548825567053955     
          11          12   1.3518899426286857     
          12          13   1.1580982042969685     
          13          14   1.6658634012537510     
          14          15   1.1575941095469218     
           1          16  0.53436939818030282     
          12          16   1.2630316624110445     
          15          16   1.2653182004548573     
          15          17   1.3514195525390893     
          17          18   1.3514841318260420     
          18          19   1.1575911184576118     
          19          20   1.6658712764221177     
          20          21   1.1580789802372142     
           1          22  0.53439752837164767     
          18          22   1.2652542428855020     
          21          22   1.2630886363891738     
          21          23   1.3518298109458478     
           2          24   1.1668940547793496     
          23          24   1.3550162488236626     
           1          25  0.53295687901406152     
           4          25   1.2885650363612391     
          24          25   1.2487662482929951     
           2          26  0.97230316743211298     
           3          27  0.97076239276117648     
           7          28  0.97077616592344274     
           8          29  0.97230892255013390     
          11          30  0.96382071780952416     
          13          31  0.97220099448275554     
          14          32  0.97222657515012179     
          17          33  0.96420528702403463     
          19          34  0.97222428970981789     
          20          35  0.97219941089182627     
          23          36  0.96381214181329722     
          38          39   1.6504468592756252     
          39          40   1.1747589839089845     
          40          41   1.2497470361504646     
          41          42   1.2503605440588110     
          42          43   1.1746523896907526     
          43          44   1.6504945924503827     
          44          45   1.1668157004761173     
          37          46  0.53300016895993485     
          42          46   1.2881542706476128     
          45          46   1.2490215502009752     
          45          47   1.3548994659820288     
          47          48   1.3518752677596197     
          48          49   1.1580724948324095     
          49          50   1.6658825671438331     
          50          51   1.1576105648373751     
          37          52  0.53434464873561793     
          48          52   1.2631016072374892     
          51          52   1.2652418802855403     
          51          53   1.3514897189973345     
          53          54   1.3514959141317431     
          54          55   1.1576125596792948     
          55          56   1.6658696524402974     
          56          57   1.1580835998022878     
          37          58  0.53434970459698583     
          54          58   1.2652341748792602     
          57          58   1.2631019305833624     
          57          59   1.3518638272562660     
          38          60   1.1668217866086510     
          59          60   1.3549496012636730     
          37          61  0.53285562241880480     
          40          61   1.2882860189670149     
          60          61   1.2489366445078225     
          38          62  0.97230149906688768     
          39          63  0.97075414424946715     
          43          64  0.97075820196924156     
          44          65  0.97230298207725552     
          47          66  0.96382190668515233     
          49          67  0.97220269829564565     
          50          68  0.97222546301236801     
          53          69  0.96420402836527763     
          55          70  0.97222447741106821     
          56          71  0.97220148095543224     
          59          72  0.96381649187456742     
           5          73   1.1856871694607232     
          73          74   2.4686455893603050     
          74          75   1.3061154295362054     
          73          76  0.20281353293157894     
          75          76   2.4668272179808493     
          77          78   2.4639141072755972     
          78          79   1.3085783068939605     
          77          80  0.20242521735977181     
          79          80   2.4639484339103919     
          81          82   2.4680445606089574     
          82          83   1.3048166042641047     
          41          84   1.1843476916084252     
          81          84  0.20252952594179160     
          83          84   2.4699071399593899     
          86          87   1.6492555252183037     
          87          88   1.1753010067776970     
          76          89   1.1881533083439224     
          88          89   1.2466075534935082     
          89          90   1.2468085735745853     
          90          91   1.1754131220297022     
          91          92   1.6491811075468843     
          92          93   1.1679235322695127     
          85          94  0.52794781575149652     
          90          94   1.2913531468133517     
          93          94   1.2479496512848944     
          93          95   1.3540548988730770     
          95          96   1.3540214199329461     
          96          97   1.1680460687100860     
          97          98   1.6489578805491982     
          98          99   1.1756016445701378     
          85         100  0.52815775813784338     
          96         100   1.2477974451627234     
          99         100   1.2916469847173042     
          77         101   1.1896996118466314     
          99         101   1.2460725129868029     
         101         102   1.2459659036659883     
         102         103   1.1755386455738648     
         103         104   1.6489902901251483     
         104         105   1.1680667091687105     
          85         106  0.52804942639813635     
         102         106   1.2917452586013967     
         105         106   1.2477832070735457     
         105         107   1.3540088459993873     
          86         108   1.1679372538136212     
         107         108   1.3540684439161379     
          85         109  0.52803852354364345     
          88         109   1.2915174774596971     
         108         109   1.2478856561955542     
          86         110  0.97234850883363133     
          87         111  0.97085930126983921     
          91         112  0.97087007992239527     
          92         113  0.97234642297531348     
          95         114  0.96355048267043308     
          97         115  0.97234802075822280     
          98         116  0.97085596860966084     
         103         117  0.97086371584010778     
         104         118  0.97234737146675743     
         107         119  0.96355306714100331     
         121         122   1.6490093599588986     
         122         123   1.1755694195582143     
          80         124   1.1896524251885672     
         123         124   1.2460859625278284     
         124         125   1.2460607302999043     
         125         126   1.1755577297912330     
         126         127   1.6490107450753464     
         127         128   1.1680294470037282     
         120         129  0.52794452664414604     
         125         129   1.2916928910677754     
         128         129   1.2478069010949691     
         128         130   1.3540723780419794     
         130         131   1.3539560907691217     
         131         132   1.1678552293457349     
         132         133   1.6493706156929342     
         133         134   1.1752621412531734     
         120         135  0.52789659983873416     
         131         135   1.2481193959740711     
         134         135   1.2910802317755239     
          81         136   1.1868422086054100     
         134         136   1.2471670465093574     
         136         137   1.2474525574294477     
         137         138   1.1751487636769551     
         138         139   1.6494490474420362     
         139         140   1.1678136409345745     
         120         141  0.52791866485859973     
         137         141   1.2911041228608626     
         140         141   1.2480776133327289     
         140         142   1.3540490072727180     
         121         143   1.1680231362220017     
         142         143   1.3540141280261171     
         120         144  0.52798632377423893     
         123         144   1.2916084178662579     
         143         144   1.2478472456802505     
         121         145  0.97234916245020508     
         122         146  0.97085416315362671     
         126         147  0.97086282233377108     
         127         148  0.97234930985013546     
         130         149  0.96355595349094203     
         132         150  0.97234405549340208     
         133         151  0.97085587475244917     
         138         152  0.97085107044104413     
         139         153  0.97234436812647407     
         142         154  0.96355266398895001     
