    0.09386403
   -0.05314244
   -0.05247647
    0.07189459
    0.01937263
    0.07222760
   -0.05099902
   -0.05320612
    0.07087904
   -0.12867508
   -0.04841458
    0.07220057
   -0.05243091
   -0.05245569
    0.07246190
   -0.12691074
   -0.05002197
    0.07245287
   -0.05249405
   -0.05242457
    0.07216075
   -0.12689794
   -0.04835792
    0.07083797
   -0.12833246
    0.03446609
    0.03592512
    0.03334132
    0.03437593
    0.04984827
    0.03454920
    0.03451780
    0.04934347
    0.03450830
    0.03455161
    0.04990787
    0.09716732
   -0.05320308
   -0.05233708
    0.07153437
    0.01928445
    0.07197446
   -0.05047354
   -0.05331444
    0.07125418
   -0.12950906
   -0.04918424
    0.07235317
   -0.05237526
   -0.05246342
    0.07262537
   -0.12798146
   -0.05078888
    0.07261217
   -0.05249268
   -0.05240208
    0.07225370
   -0.12787451
   -0.04906420
    0.07112115
   -0.12895197
    0.03436217
    0.03626117
    0.03333341
    0.03420813
    0.04962655
    0.03446358
    0.03438293
    0.04905502
    0.03437632
    0.03444408
    0.04971584
   -0.02716010
   -0.02868797
   -0.02817958
   -0.02725075
   -0.02937181
   -0.02727554
   -0.02837129
   -0.02909052
   -0.02866858
   -0.02869047
    0.09293549
   -0.05322367
   -0.05246524
    0.07160251
    0.02106824
    0.07195257
   -0.05099485
   -0.05325994
    0.07024950
   -0.12797066
   -0.04533106
    0.07017738
   -0.05318997
   -0.05246392
    0.07180928
   -0.12780865
    0.02076494
    0.07206718
   -0.05126843
   -0.05320398
    0.07016395
   -0.12797305
   -0.04531993
    0.07023202
   -0.12762064
    0.03448203
    0.03594474
    0.03333383
    0.03441798
    0.05071768
    0.03451582
    0.03573221
    0.03359600
    0.03446938
    0.05072198
    0.09328632
   -0.05315109
   -0.05129137
    0.07241609
    0.01971638
    0.07223635
   -0.05262681
   -0.05305900
    0.07055074
   -0.12861875
   -0.04610735
    0.07087347
   -0.05335311
   -0.05175999
    0.07166523
   -0.12850997
    0.02064910
    0.07157121
   -0.05179858
   -0.05320028
    0.07083653
   -0.12818777
   -0.04612166
    0.07051537
   -0.12880562
    0.03433552
    0.03354524
    0.03572320
    0.03451401
    0.05060170
    0.03426379
    0.03553461
    0.03562244
    0.03435520
    0.05053368
    0.09403029
   -0.05309611
   -0.05186618
    0.07243676
    0.01830598
    0.07232233
   -0.05204022
   -0.05319171
    0.07134476
   -0.13018913
   -0.04786125
    0.07140077
   -0.05326668
   -0.05162411
    0.07226328
   -0.13010993
    0.01881693
    0.07226287
   -0.05195971
   -0.05318295
    0.07149191
   -0.13022998
   -0.04788327
    0.07146306
   -0.13044757
    0.03396146
    0.03520774
    0.03463511
    0.03398430
    0.05004916
    0.03395377
    0.03456734
    0.03563232
    0.03396810
    0.05002758
    0.09626721
   -0.05315917
   -0.05204877
    0.07187545
    0.01937905
    0.07201976
   -0.05148041
   -0.05331415
    0.07114423
   -0.12986483
   -0.04728086
    0.07109716
   -0.05310833
   -0.05247415
    0.07184256
   -0.12945992
    0.01936705
    0.07212693
   -0.05048860
   -0.05331950
    0.07110422
   -0.12993724
   -0.04732827
    0.07111470
   -0.12956740
    0.03422400
    0.03563927
    0.03494177
    0.03405740
    0.05023153
    0.03427181
    0.03642210
    0.03299458
    0.03404018
    0.05018415
