           2           3   1.6398736981458442     
           3           4   1.1833356219587194     
           4           5   1.2505996073680490     
           5           6   1.2525397807503198     
           6           7   1.1839204215328574     
           7           8   1.6396142924711583     
           8           9   1.1740476217500599     
           1          10  0.72183451577479418     
           6          10   1.2650385214686317     
           9          10   1.2252955456986006     
           9          11   1.3590356577792271     
          11          12   1.3535700502472490     
          12          13   1.1663782491734551     
          13          14   1.6558303240821703     
          14          15   1.1654456306122167     
           1          16  0.72731099329299043     
          12          16   1.2393607663621107     
          15          16   1.2405765590857891     
          15          17   1.3551021757428567     
          17          18   1.3544756965355671     
          18          19   1.1656489885177155     
          19          20   1.6555992136599715     
          20          21   1.1664760338506659     
           1          22  0.72713071220569225     
          18          22   1.2410586372866832     
          21          22   1.2391045121941402     
          21          23   1.3535689961853972     
           2          24   1.1742093029412932     
          23          24   1.3591493795957563     
           1          25  0.72213610063532152     
           4          25   1.2655178887077030     
          24          25   1.2248032507568687     
           2          26  0.97196621951864537     
           3          27  0.96845950901090572     
           7          28  0.96690426728818291     
           8          29  0.97200221460567626     
          11          30  0.96365575069917753     
          13          31  0.97193721351337270     
          14          32  0.97196044279276783     
          17          33  0.96391125206212180     
          19          34  0.97196599394267313     
          20          35  0.97193719662740063     
          23          36  0.96364223610475919     
          38          39   1.6407932039779867     
          39          40   1.1829293924692867     
          40          41   1.2555412626751796     
          41          42   1.2601238320898753     
          42          43   1.1828514067535940     
          43          44   1.6409879145326709     
          44          45   1.1738104454656777     
          37          46  0.72271636808356776     
          42          46   1.2603723554183162     
          45          46   1.2283624918723413     
          45          47   1.3569090876481138     
          47          48   1.3563513449298668     
          48          49   1.1657298768322097     
          49          50   1.6564737663683919     
          50          51   1.1653472015937087     
          37          52  0.72649990964455957     
          48          52   1.2383029706997268     
          51          52   1.2412356241187423     
          51          53   1.3554069556638375     
          53          54   1.3555720990123299     
          54          55   1.1654083336439081     
          55          56   1.6560646803730399     
          56          57   1.1663120826065030     
          37          58  0.72650042988776453     
          54          58   1.2408874415411237     
          57          58   1.2388467971080148     
          57          59   1.3551954660359231     
          38          60   1.1740852106272031     
          59          60   1.3584862460396554     
          37          61  0.72336697373665115     
          40          61   1.2626346296772211     
          60          61   1.2259658093804109     
          38          62  0.97198347207337643     
          39          63  0.96907815648373341     
          43          64  0.96698737422984837     
          44          65  0.97201575678557706     
          47          66  0.96360670025591433     
          49          67  0.97192742849896963     
          50          68  0.97195460967187131     
          53          69  0.96386364649238421     
          55          70  0.97196120740527714     
          56          71  0.97193571391101086     
          59          72  0.96357738166254769     
           5          73   1.1814671684454312     
          73          74   2.5638190908117373     
          75          76   2.5579303085866205     
          77          78   2.5772419719339847     
          79          80   2.5793332852966069     
          41          82   1.1704746763349176     
          81          82   2.5772884710789588     
          84          85   1.6372778500571021     
          85          86   1.1845459015912547     
          74          87   1.1847099255520335     
          86          87   1.2469250795146467     
          87          88   1.2484349371902592     
          88          89   1.1852570871034738     
          89          90   1.6370033127399324     
          90          91   1.1763257164452627     
          83          92  0.72193122461515713     
          88          92   1.2670101069973350     
          91          92   1.2239439128553293     
          91          93   1.3551495745979845     
          93          94   1.3559606341858745     
          94          95   1.1765911573300543     
          95          96   1.6368639147264490     
          96          97   1.1849565750810156     
          83          98  0.72166291882042277     
          94          98   1.2230560087064417     
          97          98   1.2682122673668166     
          75          99   1.1886261217869400     
          97          99   1.2451038875366196     
          99         100   1.2461515231618940     
         100         101   1.1855247650949028     
         101         102   1.6366112061039870     
         102         103   1.1763947359299269     
          83         104  0.72151609352909996     
         100         104   1.2683550373827299     
         103         104   1.2229802495558555     
         103         105   1.3561626474142265     
          84         106   1.1765798236170539     
         105         106   1.3549809324042033     
          83         107  0.72245594055441553     
          86         107   1.2669711432962654     
         106         107   1.2237490150556805     
          84         108  0.97198781299733694     
          85         109  0.96858487353989464     
          89         110  0.96703984056815329     
          90         111  0.97201537547885075     
          93         112  0.96354037118494085     
          95         113  0.97199017711664648     
          96         114  0.96828408595845328     
         101         115  0.96738368341049608     
         102         116  0.97200868293703502     
         105         117  0.96353893403713831     
         119         120   1.6382028545058713     
         120         121   1.1844142742979855     
          76         122   1.1866846848557291     
         121         122   1.2491872419417644     
         122         123   1.2460207772369620     
         123         124   1.1840466772186362     
         124         125   1.6387239293073192     
         125         126   1.1748835065451055     
         118         127  0.71934074007794913     
         123         127   1.2697789275499303     
         126         127   1.2221556128802853     
         126         128   1.3600742939072621     
         128         129   1.3525450682626401     
         129         130   1.1757298578362696     
         130         131   1.6396471747993211     
         131         132   1.1831150624853544     
         118         133  0.72134123607312994     
         129         133   1.2284081080450855     
         132         133   1.2618375533190911     
          77         134   1.1702317676304892     
         132         134   1.2570713383307544     
         134         135   1.2555109878520814     
         135         136   1.1830948247500979     
         136         137   1.6399668457343326     
         137         138   1.1754145131761891     
         118         139  0.72230534698348958     
         135         139   1.2635632401659671     
         138         139   1.2261820841747590     
         138         140   1.3549264634958833     
         119         141   1.1755255297606775     
         140         141   1.3579291668910181     
         118         142  0.71963656145037036     
         121         142   1.2679322892517340     
         141         142   1.2239811671839878     
         119         143  0.97199374276657491     
         120         144  0.96726728271022677     
         124         145  0.96813967177694860     
         125         146  0.97196110897122501     
         128         147  0.96338613653579819     
         130         148  0.97202597394097257     
         131         149  0.96728130117532207     
         136         150  0.96942825433972080     
         137         151  0.97200632429870137     
         140         152  0.96339633209156084     
         154         155   1.6427044590013611     
         155         156   1.1815920725911768     
          78         157   1.1671313085691146     
         156         157   1.2607463056986232     
         157         158   1.2590775704767032     
         158         159   1.1820816057713741     
         159         160   1.6420590661600234     
         160         161   1.1740902194327496     
         153         162  0.71792719377041325     
         158         162   1.2641151544363611     
         161         162   1.2267064615613010     
         161         163   1.3594594532210511     
         163         164   1.3581888848179449     
         164         165   1.1743627231713236     
         165         166   1.6418335024514363     
         166         167   1.1822377746766544     
         153         168  0.71825439106759925     
         164         168   1.2276051321286077     
         167         168   1.2632405134618454     
          79         169   1.1670613082813726     
         167         169   1.2602005850173192     
         169         170   1.2601542033238244     
         170         171   1.1819841741698802     
         171         172   1.6422992381795187     
         172         173   1.1740291633955178     
         153         174  0.71782455464591066     
         170         174   1.2633569471639881     
         173         174   1.2277340023583041     
         173         175   1.3584190181767937     
         154         176   1.1737306194601396     
         175         176   1.3591409177125784     
         153         177  0.71726960166851761     
         156         177   1.2635302341919969     
         176         177   1.2276229226886071     
         154         178  0.97200609875702348     
         155         179  0.96928984878021363     
         159         180  0.96711068149716561     
         160         181  0.97200383812093938     
         163         182  0.96303584669030040     
         165         183  0.97200808927457460     
         166         184  0.96719468717694723     
         171         185  0.96873060464460858     
         172         186  0.97200668847618465     
         175         187  0.96307002270768816     
         189         190   1.6411457288962612     
         190         191   1.1826547461716144     
          80         192   1.1687447299121314     
         191         192   1.2561866223434581     
         192         193   1.2598651189537882     
         193         194   1.1824423653204494     
         194         195   1.6407108730452764     
         195         196   1.1750317901186687     
         188         197  0.72019255240608571     
         193         197   1.2614138349817985     
         196         197   1.2283401400232512     
         196         198   1.3551589011358984     
         198         199   1.3593059808002963     
         199         200   1.1741639133692103     
         200         201   1.6413058665788181     
         201         202   1.1825630988342009     
         188         203  0.72017616788462124     
         199         203   1.2245899137974823     
         202         203   1.2652675544529268     
          81         204   1.1704570258352383     
         202         204   1.2544056052751003     
         204         205   1.2600338162868787     
         205         206   1.1827492876138552     
         206         207   1.6405466103595043     
         207         208   1.1749824391858978     
         188         209  0.72003978003701030     
         205         209   1.2618252741581093     
         208         209   1.2281688418969636     
         208         210   1.3555846317436417     
         189         211   1.1742774545492107     
         210         211   1.3588318114817304     
         188         212  0.72056280068695022     
         191         212   1.2645500591654300     
         211         212   1.2250882081568168     
         189         213  0.97199245940978884     
         190         214  0.96881357989783068     
         194         215  0.96731547411851881     
         195         216  0.97201136367472651     
         198         217  0.96326514003587049     
         200         218  0.97197524849730577     
         201         219  0.96894486708493388     
         206         220  0.96695113370533414     
         207         221  0.97202258352679327     
         210         222  0.96328468766971231     
