    0.24472258
   -0.05191763
   -0.05050384
    0.07741113
    0.01649467
    0.07744406
   -0.05045284
   -0.05191205
    0.07569331
   -0.17698127
   -0.04968150
    0.07697926
   -0.05098137
   -0.05111530
    0.07746054
   -0.17475086
   -0.05145420
    0.07745889
   -0.05111395
   -0.05097885
    0.07697442
   -0.17475366
   -0.04967643
    0.07568626
   -0.17693552
    0.03379741
    0.03579326
    0.03578894
    0.03377268
    0.04930712
    0.03437733
    0.03428489
    0.04866473
    0.03428626
    0.03438037
    0.04931386
    0.24471824
   -0.05190947
   -0.05048954
    0.07741253
    0.01649223
    0.07741983
   -0.05045322
   -0.05191505
    0.07570138
   -0.17698224
   -0.04970421
    0.07698180
   -0.05098321
   -0.05111555
    0.07745996
   -0.17476197
   -0.05146177
    0.07745959
   -0.05111435
   -0.05098230
    0.07697762
   -0.17476364
   -0.04969514
    0.07570387
   -0.17695921
    0.03378818
    0.03578081
    0.03578342
    0.03378191
    0.04929889
    0.03437588
    0.03428216
    0.04865898
    0.03427986
    0.03437296
    0.04930571
   -0.01899426
   -0.01075524
   -0.00192969
   -0.00262499
   -0.01010080
   -0.01974586
   -0.01928971
   -0.01029535
   -0.00214254
   -0.00213959
   -0.01030243
   -0.01929251
   -0.01971317
   -0.01008740
   -0.00259100
   -0.00187967
   -0.01075417
   -0.01895100
    0.24655712
   -0.05172310
   -0.05047237
    0.07762981
    0.01687596
    0.07764219
   -0.05046032
   -0.05172876
    0.07524742
   -0.17707436
   -0.04750486
    0.07522032
   -0.05169752
   -0.05053530
    0.07770520
   -0.17708239
    0.01661549
    0.07771761
   -0.05052859
   -0.05169576
    0.07521604
   -0.17711200
   -0.04750047
    0.07523992
   -0.17701311
    0.03395463
    0.03591186
    0.03591498
    0.03394771
    0.05005177
    0.03396556
    0.03584521
    0.03583554
    0.03395420
    0.05004916
    0.24655459
   -0.05169300
   -0.05054387
    0.07770820
    0.01661312
    0.07771974
   -0.05051198
   -0.05169704
    0.07522924
   -0.17711674
   -0.04752575
    0.07526293
   -0.05172391
   -0.05045217
    0.07762520
   -0.17703969
    0.01688036
    0.07762729
   -0.05046516
   -0.05172148
    0.07526256
   -0.17707336
   -0.04751499
    0.07522195
   -0.17708471
    0.03396577
    0.03585335
    0.03583571
    0.03395968
    0.05004370
    0.03396056
    0.03590621
    0.03591879
    0.03395696
    0.05005092
