           2           3   1.6503403129626053     
           3           4   1.1793803748811533     
           4           5   1.2503169879508822     
           5           6   1.2506651406172193     
           6           7   1.1793753174940562     
           7           8   1.6503870522524324     
           8           9   1.1710416661885767     
           1          10  0.48886379140867497     
           6          10   1.2862068437659961     
           9          10   1.2465957905637870     
           9          11   1.3577934911929774     
          11          12   1.3537994791328924     
          12          13   1.1628688638714846     
          13          14   1.6655463380036657     
          14          15   1.1621103747237369     
           1          16  0.49144205072960001     
          12          16   1.2609356735943145     
          15          16   1.2631680195948283     
          15          17   1.3540899483027855     
          17          18   1.3541240646733832     
          18          19   1.1620620513985043     
          19          20   1.6655960818384512     
          20          21   1.1628390231959271     
           1          22  0.49141385493074619     
          18          22   1.2631831661961099     
          21          22   1.2609335865663380     
          21          23   1.3538454060817360     
           2          24   1.1711428936742045     
          23          24   1.3577388151227043     
           1          25  0.48886699575605985     
           4          25   1.2863331569820156     
          24          25   1.2465212664066978     
           2          26  0.97242534867275188     
           3          27  0.97088662446397078     
           7          28  0.97088426590986199     
           8          29  0.97242143980839801     
          11          30  0.96389599689631245     
          13          31  0.97233044649044864     
          14          32  0.97235452392300670     
          17          33  0.96422609341733756     
          19          34  0.97235357934663269     
          20          35  0.97232983916459936     
          23          36  0.96389701179741638     
          38          39   1.6503963693348012     
          39          40   1.1793578268035743     
          40          41   1.2506493723579695     
          41          42   1.2508717795815598     
          42          43   1.1792866796337189     
          43          44   1.6504833138088126     
          44          45   1.1710083070261774     
          37          46  0.48886084673153063     
          42          46   1.2860941215345418     
          45          46   1.2467130384811032     
          45          47   1.3577140551738032     
          47          48   1.3538674980265004     
          48          49   1.1628355009352178     
          49          50   1.6655855999532330     
          50          51   1.1620936791962051     
          37          52  0.49144068195681845     
          48          52   1.2609373547516460     
          51          52   1.2631657794797206     
          51          53   1.3541131176543126     
          53          54   1.3541442603454603     
          54          55   1.1620558086725838     
          55          56   1.6656268710624031     
          56          57   1.1628054527518745     
          37          58  0.49139325535153489     
          54          58   1.2631692809364923     
          57          58   1.2609702577075794     
          57          59   1.3538474699794154     
          38          60   1.1710914842169320     
          59          60   1.3577690548346264     
          37          61  0.48894516146831274     
          40          61   1.2861209206017248     
          60          61   1.2465710698304415     
          38          62  0.97241881581638856     
          39          63  0.97087365260697656     
          43          64  0.97088568119537755     
          44          65  0.97242380826816088     
          47          66  0.96389869024658459     
          49          67  0.97233125731221348     
          50          68  0.97235452972794989     
          53          69  0.96422576823970219     
          55          70  0.97235257828597710     
          56          71  0.97233051843582174     
          59          72  0.96389515115363622     
           5          73   1.1875842581131772     
          73          74   2.4421024690104058     
          74          75   1.3327002569209343     
          73          76  0.19275623360419364     
          75          76   2.3559938091441675     
          76          77   1.3334949094684636     
          75          78  0.19253373107575283     
          77          78   2.4395511853677379     
          79          80   2.4377169510691648     
          80          81   1.3350279960494067     
          79          82  0.19228272133317320     
          81          82   2.3531190399173711     
          82          83   1.3350230980312803     
          81          84  0.19228864039204396     
          83          84   2.4377346068145971     
          85          86   2.4401112665680817     
          86          87   1.3329089269770700     
          85          88  0.19244372865158343     
          87          88   2.3565973351311440     
          88          89   1.3321635634443283     
          41          90   1.1870421540797524     
          87          90  0.19269856974691174     
          89          90   2.4425920654034479     
          92          93   1.6477578665747985     
          93          94   1.1810677971463963     
          78          95   1.1902878931337622     
          94          95   1.2479243166974086     
          95          96   1.2480571718158644     
          96          97   1.1810553541346804     
          97          98   1.6478000524742049     
          98          99   1.1732827905134711     
          91         100  0.48867002299095474     
          96         100   1.2874183843875695     
          99         100   1.2447218935370099     
          99         101   1.3559715303852566     
         101         102   1.3566279385288431     
         102         103   1.1732961119138441     
         103         104   1.6477875848058092     
         104         105   1.1810309503048759     
          91         106  0.48880653265227630     
         102         106   1.2441611951259723     
         105         106   1.2878724301096813     
          79         107   1.1911602960547776     
         105         107   1.2474695899090422     
         107         108   1.2475291955397889     
         108         109   1.1810407731002353     
         109         110   1.6477845431992613     
         110         111   1.1732853799955549     
          91         112  0.48874335286477211     
         108         112   1.2878691512419822     
         111         112   1.2441815902124325     
         111         113   1.3566271325270360     
          92         114   1.1733610096382727     
         113         114   1.3559798163717161     
          91         115  0.48883851559017910     
          94         115   1.2874700115301494     
         114         115   1.2446040323283796     
          92         116  0.97240688216909899     
          93         117  0.97088487335232299     
          97         118  0.97089303516227343     
          98         119  0.97240972154152105     
         101         120  0.96355441191594926     
         103         121  0.97240916307246150     
         104         122  0.97089026041049820     
         109         123  0.97090099786754858     
         110         124  0.97240890880398168     
         113         125  0.96355344617156735     
         127         128   1.6478046227909218     
         128         129   1.1810531695342996     
          84         130   1.1911289595008294     
         129         130   1.2474448499884478     
         130         131   1.2476212944971574     
         131         132   1.1809703283259221     
         132         133   1.6478502196232010     
         133         134   1.1732550693497039     
         126         135  0.48874587887750326     
         131         135   1.2878811891022852     
         134         135   1.2442069594099112     
         134         136   1.3566561879000911     
         136         137   1.3559101273012013     
         137         138   1.1732973953648966     
         138         139   1.6478488292855413     
         139         140   1.1809986835675015     
         126         141  0.48882867383275846     
         137         141   1.2447633773968445     
         140         141   1.2872570844545626     
          85         142   1.1897258281558154     
         140         142   1.2482958743486352     
         142         143   1.2482323891076450     
         143         144   1.1809929052154085     
         144         145   1.6478517888830719     
         145         146   1.1732867059412049     
         126         147  0.48870802390093759     
         143         147   1.2873182780440460     
         146         147   1.2447496855634550     
         146         148   1.3559331007789228     
         127         149   1.1732577515693132     
         148         149   1.3566954951519694     
         126         150  0.48882386600618982     
         129         150   1.2878444095225552     
         149         150   1.2441425660784979     
         127         151  0.97240634831074024     
         128         152  0.97089038228786773     
         132         153  0.97089883742060878     
         133         154  0.97241138163185104     
         136         155  0.96355888354635455     
         138         156  0.97240874471966932     
         139         157  0.97088242985176609     
         144         158  0.97088784589347843     
         145         159  0.97240617246316186     
         148         160  0.96355089295586294     
