    0.09227059
   -0.05322256
   -0.05255906
    0.07180207
    0.01920789
    0.07220046
   -0.05085110
   -0.05331460
    0.07088059
   -0.12871510
   -0.04862078
    0.07216206
   -0.05252379
   -0.05254647
    0.07241801
   -0.12695817
   -0.05020325
    0.07239641
   -0.05257570
   -0.05251953
    0.07213650
   -0.12693323
   -0.04856404
    0.07082907
   -0.12829254
    0.03423417
    0.03583923
    0.03281570
    0.03411547
    0.04955788
    0.03428113
    0.03424078
    0.04904192
    0.03423227
    0.03428012
    0.04962655
    0.09260129
   -0.05322486
   -0.05251931
    0.07171943
    0.01906529
    0.07210719
   -0.05060123
   -0.05334862
    0.07101773
   -0.12886172
   -0.04887632
    0.07226469
   -0.05249796
   -0.05253882
    0.07249504
   -0.12729097
   -0.05043021
    0.07246713
   -0.05257624
   -0.05249512
    0.07218917
   -0.12713764
   -0.04876651
    0.07096103
   -0.12845519
    0.03418880
    0.03587823
    0.03253316
    0.03406266
    0.04949423
    0.03425625
    0.03420018
    0.04896847
    0.03420207
    0.03425481
    0.04957657
   -0.02721607
   -0.02885564
   -0.02710994
   -0.02784536
   -0.02799144
   -0.02705739
   -0.02896030
   -0.02722251
    0.09018747
   -0.05332807
   -0.05250092
    0.07144976
    0.02116489
    0.07185610
   -0.05083805
   -0.05336472
    0.07031510
   -0.12768489
   -0.04545834
    0.07019928
   -0.05315121
   -0.05265737
    0.07185964
   -0.12764054
    0.02018004
    0.07223482
   -0.05123137
   -0.05319098
    0.07017150
   -0.12803984
   -0.04544043
    0.07030219
   -0.12729930
    0.03426780
    0.03604554
    0.03297177
    0.03420662
    0.05050293
    0.03435235
    0.03575680
    0.03298850
    0.03422509
    0.05047699
    0.08940152
   -0.05325064
   -0.05114855
    0.07205203
    0.02099107
    0.07163293
   -0.05259845
   -0.05320347
    0.07002281
   -0.12710857
   -0.04491356
    0.06999706
   -0.05326443
   -0.05120263
    0.07200810
   -0.12727158
    0.02107486
    0.07164193
   -0.05254886
   -0.05322305
    0.07001803
   -0.12707566
   -0.04491230
    0.07002093
   -0.12741140
    0.03430618
    0.03300212
    0.03570397
    0.03440691
    0.05064772
    0.03432637
    0.03315124
    0.03566811
    0.03440017
    0.05063957
    0.09036780
   -0.05315507
   -0.05267005
    0.07193012
    0.02001939
    0.07228720
   -0.05126850
   -0.05317216
    0.07021249
   -0.12815366
   -0.04561471
    0.07042712
   -0.05330971
   -0.05238992
    0.07136954
   -0.12733973
    0.02108594
    0.07180487
   -0.05061419
   -0.05338211
    0.07044996
   -0.12787237
   -0.04563405
    0.07027644
   -0.12785329
    0.03433569
    0.03573837
    0.03310259
    0.03421038
    0.05044288
    0.03425328
    0.03610354
    0.03268899
    0.03419249
    0.05046786
