           2           3   1.6402636037795495     
           3           4   1.1830118659729782     
           4           5   1.2516487755633294     
           5           6   1.2538392233885873     
           6           7   1.1837432249058655     
           7           8   1.6399475964214674     
           8           9   1.1738452210580903     
           1          10  0.72162722560192238     
           6          10   1.2645104169532146     
           9          10   1.2258927368943238     
           9          11   1.3589453524583663     
          11          12   1.3539210206968173     
          12          13   1.1662862136415804     
          13          14   1.6559612310409142     
          14          15   1.1653721966757433     
           1          16  0.72685631766000558     
          12          16   1.2394520327786984     
          15          16   1.2407879228581427     
          15          17   1.3552326261381509     
          17          18   1.3547878820405310     
          18          19   1.1655601961212032     
          19          20   1.6558174145778499     
          20          21   1.1662735066115386     
           1          22  0.72663078208205978     
          18          22   1.2411310898815908     
          21          22   1.2393970329559960     
          21          23   1.3538435659686237     
           2          24   1.1740246668731020     
          23          24   1.3591657352605755     
           1          25  0.72211611910111062     
           4          25   1.2651196637076256     
          24          25   1.2251890183455847     
           2          26  0.97198594355797896     
           3          27  0.96867513690174667     
           7          28  0.96658146138857604     
           8          29  0.97202579269777778     
          11          30  0.96367409880017219     
          13          31  0.97195179912538154     
          14          32  0.97197688170316987     
          17          33  0.96392355272077423     
          19          34  0.97197983471387095     
          20          35  0.97195374180289562     
          23          36  0.96365901167503232     
          38          39   1.6408234932368795     
          39          40   1.1827654093015398     
          40          41   1.2534369548345723     
          41          42   1.2567034344997488     
          42          43   1.1832138515790243     
          43          44   1.6407519479540424     
          44          45   1.1735475815639627     
          37          46  0.72196592596666187     
          42          46   1.2628519053655962     
          45          46   1.2270949249307448     
          45          47   1.3583954849937454     
          47          48   1.3549154497775275     
          48          49   1.1659228478173254     
          49          50   1.6563864538087745     
          50          51   1.1651661095787473     
          37          52  0.72603653452266004     
          48          52   1.2393527292572224     
          51          52   1.2412468735969426     
          51          53   1.3554869202195086     
          53          54   1.3551568677653483     
          54          55   1.1653627420812680     
          55          56   1.6560952066570267     
          56          57   1.1661613198917964     
          37          58  0.72647354039052192     
          54          58   1.2412915124108017     
          57          58   1.2391705899448275     
          57          59   1.3546192094232268     
          38          60   1.1738871991350164     
          59          60   1.3589313891570645     
          37          61  0.72202364944380326     
          40          61   1.2642817386106746     
          60          61   1.2258787538163596     
          38          62  0.97199396867463339     
          39          63  0.96898970094644676     
          43          64  0.96590956237162295     
          44          65  0.97202543912995520     
          47          66  0.96363893028005831     
          49          67  0.97194623915442524     
          50          68  0.97197386151367260     
          53          69  0.96389814640473004     
          55          70  0.97197334806291991     
          56          71  0.97194436735425849     
          59          72  0.96361891994614746     
           5          73   1.1794105909416932     
          73          74   2.5660257365312935     
          75          76   2.5557610547968199     
          77          78   2.5558310385585541     
          41          80   1.1755900283508698     
          79          80   2.5697619686229443     
          82          83   1.6377365224780653     
          83          84   1.1842023451694119     
          74          85   1.1824528214502013     
          84          85   1.2485086309933215     
          85          86   1.2497950895544916     
          86          87   1.1851587030592223     
          87          88   1.6372510825367665     
          88          89   1.1761399896293940     
          81          90  0.72183644453604223     
          86          90   1.2663970907147108     
          89          90   1.2247707194689488     
          89          91   1.3545876135984314     
          91          92   1.3568332498362190     
          92          93   1.1759072062825235     
          93          94   1.6380395953947113     
          94          95   1.1839299857315828     
          81          96  0.72086753356176203     
          92          96   1.2233283380543278     
          95          96   1.2683093802580760     
          75          97   1.1879672246470423     
          95          97   1.2457742677629831     
          97          98   1.2466474306901463     
          98          99   1.1850563708345438     
          99         100   1.6374303440742508     
         100         101   1.1757892755336425     
          81         102  0.72009962062111876     
          98         102   1.2691257692335696     
         101         102   1.2229123406298887     
         101         103   1.3574098731702977     
          82         104   1.1764070529353186     
         103         104   1.3540946132305818     
          81         105  0.72242562790618525     
          84         105   1.2658672976686116     
         104         105   1.2249984293425533     
          82         106  0.97200186350341000     
          83         107  0.96875932880156823     
          87         108  0.96668458331759310     
          88         109  0.97203337387475264     
          91         110  0.96354394783468278     
          93         111  0.97199518186541312     
          94         112  0.96897771596290250     
          99         113  0.96735128609909316     
         100         114  0.97203518468427430     
         103         115  0.96354436428769263     
         117         118   1.6364389739908618     
         118         119   1.1856994644567553     
          76         120   1.1892259491720141     
         119         120   1.2455401604424019     
         120         121   1.2445148458275357     
         121         122   1.1847018650773906     
         122         123   1.6368504397953405     
         123         124   1.1766400932744669     
         116         125  0.72177424828215031     
         121         125   1.2681951723817206     
         124         125   1.2235300848543926     
         124         126   1.3549783799696660     
         126         127   1.3556327034014390     
         127         128   1.1763581311254248     
         128         129   1.6363032902967829     
         129         130   1.1858283213878307     
         116         131  0.72189643696769645     
         127         131   1.2230161337969314     
         130         131   1.2686322054629218     
          77         132   1.1895292328557174     
         130         132   1.2452959032200870     
         132         133   1.2444163565439266     
         133         134   1.1848288148409014     
         134         135   1.6367250770210409     
         135         136   1.1766316693131216     
         116         137  0.72184914693278135     
         133         137   1.2682325936542462     
         136         137   1.2235686825766592     
         136         138   1.3549293151777928     
         117         139   1.1763445313238132     
         138         139   1.3556657107484908     
         116         140  0.72143227699884549     
         119         140   1.2687496857935860     
         139         140   1.2231000815890132     
         117         141  0.97204185538200050     
         118         142  0.96741037655637474     
         122         143  0.96909248881814158     
         123         144  0.97200760425438160     
         126         145  0.96360831610325481     
         128         146  0.97203551472224836     
         129         147  0.96751972722689228     
         134         148  0.96902095919625897     
         135         149  0.97200647233202075     
         138         150  0.96361145866856457     
         152         153   1.6383399943316785     
         153         154   1.1837624970633782     
          78         155   1.1878384596100784     
         154         155   1.2460377021538913     
         155         156   1.2468853173669170     
         156         157   1.1849834533728412     
         157         158   1.6376338932892587     
         158         159   1.1755778714835809     
         151         160  0.72005580436862648     
         156         160   1.2691687567846710     
         159         160   1.2227975537720401     
         159         161   1.3579562391603923     
         161         162   1.3537868240835380     
         162         163   1.1761929892687968     
         163         164   1.6384325683393230     
         164         165   1.1837016543454235     
         151         166  0.72272751930144374     
         162         166   1.2256591447972089     
         165         166   1.2647590193507825     
          79         167   1.1788522732601172     
         165         167   1.2506026603598304     
         167         168   1.2518068118598016     
         168         169   1.1847169637485393     
         169         170   1.6379131216333311     
         170         171   1.1758332313981052     
         151         172  0.72165843435548971     
         168         172   1.2654133032993058     
         171         172   1.2255627273055798     
         171         173   1.3542962892367001     
         152         174   1.1756383245268451     
         173         174   1.3573487716033577     
         151         175  0.72023290804859841     
         154         175   1.2684751731362038     
         174         175   1.2234476693519762     
         152         176  0.97199297109014149     
         153         177  0.96887444127008560     
         157         178  0.96744368350680199     
         158         179  0.97202679306471051     
         161         180  0.96352347158025553     
         163         181  0.97200340718989020     
         164         182  0.96908672271645280     
         169         183  0.96604572982751291     
         170         184  0.97203629408128844     
         173         185  0.96351717300053963     
