   -0.05469259
   -0.05295026
    0.08671854
    0.01184195
    0.06378537
   -0.04975310
   -0.05184652
    0.06465890
   -0.08177177
   -0.05575849
    0.08680042
   -0.05384614
   -0.05384475
    0.08639518
   -0.32144354
   -0.05713229
    0.06499291
   -0.05108399
   -0.05090306
    0.06565935
   -0.08131847
   -0.05557439
    0.08586405
   -0.32522245
    0.01853906
    0.02132895
    0.04326400
    0.04120155
    0.21409274
    0.04648348
    0.01916690
    0.01921313
    0.04577748
    0.04166528
    0.04164259
    0.21426697
    0.04665345
   -0.02188762
   -0.01106959
   -0.01107609
   -0.02181567
   -0.05384023
   -0.05384940
    0.08640939
   -0.05713156
    0.06500222
   -0.05107338
   -0.05090151
    0.06567619
   -0.08132326
   -0.05562132
    0.08589578
   -0.05471293
   -0.05276446
    0.08682775
   -0.32539602
    0.01188742
    0.06368561
   -0.04989987
   -0.05180671
    0.06463384
   -0.08155444
   -0.05568314
    0.08678571
   -0.32143007
    0.01917520
    0.01921815
    0.04577288
    0.04165442
    0.04163340
    0.21418402
    0.04659057
    0.01843630
    0.02121294
    0.04334801
    0.04128122
    0.21412036
    0.04653549
