           1           2   1.7180449025834852     
           2           3   1.1206417364235075     
           3           4   1.2533853910305319     
           4           5   1.2565176938266760     
           5           6   1.2342259164374842     
           6           7   1.5955452382509234     
           7           8   1.2222234854822975     
           5           9   1.2224800755273850     
           8           9   1.2034036896346096     
           8          10   1.3449772187811080     
          10          11   1.3570318906776171     
          11          12   1.1066521119442916     
          12          13   1.7311327322955352     
          13          14   1.1086613293777319     
          11          15   1.3244341180119394     
          14          15   1.3254590049888260     
          14          16   1.3537389135523574     
          16          17   1.3475592561262537     
          17          18   1.2148708706157689     
          18          19   1.6095721825746336     
          19          20   1.2139167098971246     
          17          21   1.2097354166584557     
          20          21   1.2105999575999766     
          20          22   1.3449404632135420     
           1          23   1.1141016003110715     
          22          23   1.3624648953438772     
           3          24   1.3542165971744979     
          23          24   1.3047175509275883     
           1          25  0.97278186199701122     
           2          26  0.97135266100665063     
           6          27  0.97178642543497551     
           7          28  0.97291932669945380     
           9          29  0.89999208529695307     
          10          30  0.96377232663426282     
          12          31  0.97275087729379428     
          13          32  0.97279739303110413     
          16          33  0.96475031802167066     
          18          34  0.97290342603729707     
          19          35  0.97284063219503825     
          21          36  0.90036736349221769     
          22          37  0.96362867155370990     
           4          38   1.1719761495697392     
          38          39   2.4809776542077877     
          39          40   1.2902226409305939     
          38          41  0.19874694774968318     
          40          41   2.4813203050364807     
          42          43   1.7311048002794096     
          43          44   1.1086544445838238     
          44          45   1.3535359232045026     
          45          46   1.3477738221736202     
          46          47   1.2147817796593114     
          47          48   1.6097303579810940     
          48          49   1.2137883214323446     
          46          50   1.2096442718707452     
          49          50   1.2105305963656814     
          49          51   1.3451892578414326     
          51          52   1.3620852427711685     
          52          53   1.1139635310379843     
          53          54   1.7181344900349229     
          54          55   1.1205751779830035     
          52          56   1.3054090465909565     
          55          56   1.3535828455120202     
          41          57   1.1716519043985523     
          55          57   1.2550899453518154     
          57          58   1.2552359455625592     
          58          59   1.2343138823013375     
          59          60   1.5955266849331571     
          60          61   1.2223710736097386     
          58          62   1.2228198338027374     
          61          62   1.2031641074689923     
          61          63   1.3449694809250217     
          42          64   1.1067054301549566     
          63          64   1.3571810035470209     
          44          65   1.3256639377373123     
          64          65   1.3242467338028405     
          42          66  0.97275224224313939     
          43          67  0.97280071188071915     
          45          68  0.96474595455182188     
          47          69  0.97290064059275916     
          48          70  0.97284070134846368     
          50          71  0.90045094488706057     
          51          72  0.96364264124085841     
          53          73  0.97279782674863247     
          54          74  0.97136476355901868     
          59          75  0.97174356525775385     
          60          76  0.97290724137469098     
          62          77  0.90002622116318942     
          63          78  0.96375701409865733     
