   -0.05500166
   -0.05385656
    0.08603208
    0.01290119
    0.06375968
   -0.04909378
   -0.05197122
    0.06447502
   -0.08125121
   -0.05525939
    0.08677670
   -0.05382419
   -0.05385248
    0.08629259
   -0.32098254
   -0.05700090
    0.06483468
   -0.05118123
   -0.05099237
    0.06561632
   -0.08132452
   -0.05519110
    0.08530173
   -0.32400517
    0.01845043
    0.01996245
    0.04222281
    0.04136886
    0.21422634
    0.04683411
    0.01926875
    0.01931269
    0.04585882
    0.04169229
    0.04160109
    0.21455585
    0.04686805
   -0.05501834
   -0.05330107
    0.08616886
    0.01292836
    0.06377732
   -0.04961261
   -0.05186690
    0.06439574
   -0.08099288
   -0.05523886
    0.08673938
   -0.05382323
   -0.05387126
    0.08637744
   -0.32106324
   -0.05699880
    0.06495045
   -0.05119520
   -0.05098416
    0.06548534
   -0.08115208
   -0.05521333
    0.08523042
   -0.32427841
    0.01839799
    0.01891831
    0.04355789
    0.04147692
    0.21414925
    0.04683999
    0.01927483
    0.01929755
    0.04588450
    0.04168353
    0.04161169
    0.21438190
    0.04676558
   -0.02998079
   -0.03063521
   -0.03071164
   -0.02990742
   -0.05476884
   -0.05297253
    0.08604781
    0.01312174
    0.06325757
   -0.04996367
   -0.05201258
    0.06399406
   -0.08134518
   -0.05321842
    0.08493268
   -0.05480534
   -0.05344697
    0.08590032
   -0.32358121
    0.01302317
    0.06337437
   -0.04969856
   -0.05190543
    0.06412910
   -0.08158702
   -0.05336488
    0.08512332
   -0.32354505
    0.01857043
    0.01884985
    0.04293342
    0.04117106
    0.21457203
    0.04745626
    0.01854694
    0.01924999
    0.04289477
    0.04123322
    0.21448588
    0.04747568
