           1           2   1.7162406441178066     
           2           3   1.1217492961198281     
           3           4   1.2477709275635318     
           4           5   1.2539664257121499     
           5           6   1.2365563637148203     
           6           7   1.5929708417012798     
           7           8   1.2233374725591595     
           5           9   1.2244923305171240     
           8           9   1.2033952439345919     
           8          10   1.3437308758253448     
          10          11   1.3575935942497726     
          11          12   1.1066009903755460     
          12          13   1.7309262618341672     
          13          14   1.1090666468763553     
          11          15   1.3239671085541191     
          14          15   1.3251691480316226     
          14          16   1.3536949915036849     
          16          17   1.3465129202144608     
          17          18   1.2157553903024514     
          18          19   1.6082571024208672     
          19          20   1.2147849020880590     
          17          21   1.2098445496766559     
          20          21   1.2111475882455671     
          20          22   1.3426786722114541     
           1          23   1.1151279184632217     
          22          23   1.3654299375190226     
           3          24   1.3601195120147407     
          23          24   1.3003669263780859     
           1          25  0.97276584832238466     
           2          26  0.96917351692062559     
           6          27  0.96967503639010200     
           7          28  0.97292296221825691     
           9          29  0.89938346366865507     
          10          30  0.96364947829098679     
          12          31  0.97274442478518741     
          13          32  0.97280332397344627     
          16          33  0.96483921182708199     
          18          34  0.97291967380031130     
          19          35  0.97284012354831129     
          21          36  0.89970561923293579     
          22          37  0.96348717595124100     
          38          39   1.7160858167428106     
          39          40   1.1216295529790656     
          40          41   1.2493041801893716     
          41          42   1.2534674697285932     
          42          43   1.2360036424740670     
          43          44   1.5934774738616793     
          44          45   1.2232985266363339     
          42          46   1.2246347087006175     
          45          46   1.2029388375797174     
          45          47   1.3440756955588140     
          47          48   1.3574171461378191     
          48          49   1.1067057137603658     
          49          50   1.7309816509034266     
          50          51   1.1088302806496233     
          48          52   1.3239983896565706     
          51          52   1.3253469898120462     
          51          53   1.3537453172290690     
          53          54   1.3465321592601140     
          54          55   1.2156131387907705     
          55          56   1.6082328196508959     
          56          57   1.2150221967560222     
          54          58   1.2099502005061535     
          57          58   1.2107770134880202     
          57          59   1.3428817065605230     
          38          60   1.1152585100576775     
          59          60   1.3651070913559391     
          40          61   1.3599283703426497     
          60          61   1.3007731583149664     
          38          62  0.97278694825011369     
          39          63  0.96938574263791333     
          43          64  0.96991425442702561     
          44          65  0.97291109768246531     
          46          66  0.89989225625840907     
          47          67  0.96370579222334496     
          49          68  0.97274782382354263     
          50          69  0.97280044468193017     
          53          70  0.96477005545766736     
          55          71  0.97291520672892817     
          56          72  0.97284533876317303     
          58          73  0.90025440180468630     
          59          74  0.96358260852315303     
           4          75   1.1783028272686271     
          75          76   2.5650996463760589     
          41          78   1.1770725648282401     
          77          78   2.5658986227578762     
          79          80   1.7157330324985034     
          80          81   1.1231866206975598     
          76          82   1.1807850613486213     
          81          82   1.2483718638495767     
          82          83   1.2482014136872390     
          83          84   1.2402799730669025     
          84          85   1.5881049860857079     
          85          86   1.2272391457044332     
          83          87   1.2258726956868455     
          86          87   1.2037606223546915     
          86          88   1.3362052654198291     
          88          89   1.3702215319496884     
          89          90   1.1152370722979794     
          90          91   1.7152530925787357     
          91          92   1.1232679728412140     
          89          93   1.2966926999824793     
          92          93   1.3610638336811010     
          77          94   1.1798641212169254     
          92          94   1.2468249150870561     
          94          95   1.2505084785722163     
          95          96   1.2392473034898748     
          96          97   1.5893604885900219     
          97          98   1.2263006945382458     
          95          99   1.2249758028036828     
          98          99   1.2039854641911154     
          98         100   1.3368341948603355     
          79         101   1.1147075601787964     
         100         101   1.3692796474492539     
          81         102   1.3596000004999897     
         101         102   1.2979962363049069     
          79         103  0.97276145232881173     
          80         104  0.96942772116318643     
          84         105  0.96968509912304279     
          85         106  0.97292341647067393     
          87         107  0.89728508589597267     
          88         108  0.96308854140013156     
          90         109  0.97276285950504282     
          91         110  0.96981934058750030     
          96         111  0.96980539813920608     
          97         112  0.97291676754106282     
          99         113  0.89734274984125073     
         100         114  0.96306135151534955     
