    0.24425218
   -0.05217072
   -0.05047129
    0.07655831
    0.01835181
    0.07655831
   -0.05045788
   -0.05216291
    0.07565458
   -0.17648998
   -0.05023185
    0.07675936
   -0.05114092
   -0.05129511
    0.07729148
   -0.17485323
   -0.05190213
    0.07730155
   -0.05130487
   -0.05114282
    0.07673845
   -0.17489422
   -0.05020433
    0.07564168
   -0.17646204
    0.03361887
    0.03498099
    0.03500625
    0.03360564
    0.04890274
    0.03399492
    0.03392104
    0.04823894
    0.03391635
    0.03398914
    0.04890859
   -0.02902623
   -0.02902700
    0.24424553
   -0.05215750
   -0.05046315
    0.07657016
    0.01834172
    0.07657334
   -0.05047125
   -0.05217620
    0.07564700
   -0.17647675
   -0.05023214
    0.07674989
   -0.05114649
   -0.05129296
    0.07729201
   -0.17486299
   -0.05189835
    0.07729671
   -0.05130313
   -0.05112668
    0.07674206
   -0.17487788
   -0.05020635
    0.07563961
   -0.17645998
    0.03360946
    0.03503526
    0.03496174
    0.03361689
    0.04891459
    0.03399076
    0.03392185
    0.04824212
    0.03391369
    0.03398579
    0.04890794
