           2           3   1.6516610494569512     
           3           4   1.1779646642809067     
           4           5   1.2599234888738433     
           5           6   1.2601230452165360     
           6           7   1.1779502473605175     
           7           8   1.6516924586185175     
           8           9   1.1704708992653987     
           1          10  0.48892463489463472     
           6          10   1.2832749238236967     
           9          10   1.2490952036761329     
           9          11   1.3562713943729272     
          11          12   1.3550025409743462     
          12          13   1.1624513303517596     
          13          14   1.6659784723665774     
          14          15   1.1618820084049555     
           1          16  0.49191138911161214     
          12          16   1.2606500316554783     
          15          16   1.2631388625979982     
          15          17   1.3543957781560507     
          17          18   1.3540349738056661     
          18          19   1.1620601667438462     
          19          20   1.6657123359166794     
          20          21   1.1626623834366836     
           1          22  0.49188393016291876     
          18          22   1.2633049016921321     
          21          22   1.2604633159253564     
          21          23   1.3549774611587679     
           2          24   1.1705075285163795     
          23          24   1.3563283652204221     
           1          25  0.48898803582575362     
           4          25   1.2833518656197294     
          24          25   1.2489936651244939     
           2          26  0.97241824121931830     
           3          27  0.96886087646479835     
           7          28  0.96914677212776446     
           8          29  0.97242070958452986     
          11          30  0.96396485098378260     
          13          31  0.97235841684789248     
          14          32  0.97237223840136278     
          17          33  0.96427994447477239     
          19          34  0.97237792610893481     
          20          35  0.97235733532915869     
          23          36  0.96395523204937317     
           5          37   1.1649937333585652     
          37          38   2.5829057681465990     
          40          41   1.6516809864982855     
          41          42   1.1779441382863027     
          38          43   1.1649752309389976     
          42          43   1.2600201098964106     
          43          44   1.2600324222735340     
          44          45   1.1778756826395720     
          45          46   1.6517581238138193     
          46          47   1.1704250553469571     
          39          48  0.48890485970505976     
          44          48   1.2833893584885840     
          47          48   1.2489997319076875     
          47          49   1.3564201681845991     
          49          50   1.3548856839480394     
          50          51   1.1625597172229167     
          51          52   1.6658377536998112     
          52          53   1.1619867805843693     
          39          54  0.49193859926671307     
          50          54   1.2606449212832673     
          53          54   1.2631099715242033     
          53          55   1.3543097200570537     
          55          56   1.3541381936123127     
          56          57   1.1619288100137881     
          57          58   1.6658536132068484     
          58          59   1.1626108480411621     
          39          60  0.49186611091789384     
          56          60   1.2633337427366542     
          59          60   1.2604742703881933     
          59          61   1.3549825595231135     
          40          62   1.1705074112575997     
          61          62   1.3563464959703391     
          39          63  0.48900389958026697     
          42          63   1.2833734078614432     
          62          63   1.2489610651008907     
          40          64  0.97241767407985480     
          41          65  0.96914213041704411     
          45          66  0.96887006642543949     
          46          67  0.97241891806419156     
          49          68  0.96395947341474519     
          51          69  0.97235638149525172     
          52          70  0.97237440181575285     
          55          71  0.96428114866884973     
          57          72  0.97237506492252324     
          58          73  0.97235339059291970     
          61          74  0.96395915902996232     
