    0.56260939
   -0.05453141
   -0.05422816
    0.06959920
    0.01161413
    0.06949888
   -0.05441487
   -0.05453705
    0.06408180
   -0.21383539
   -0.06069231
    0.06529050
   -0.05352965
   -0.05526630
    0.07030596
   -0.21298979
   -0.05935509
    0.07026714
   -0.05525940
   -0.05352699
    0.06526225
   -0.21279195
   -0.06069477
    0.06412607
   -0.21407047
    0.03040629
    0.03191755
    0.03222823
    0.03046581
    0.04928783
    0.03057702
    0.03088218
    0.04721174
    0.03091391
    0.03060429
    0.04927060
    0.56267090
   -0.05454041
   -0.05415058
    0.06960204
    0.01162083
    0.06952775
   -0.05445592
   -0.05455544
    0.06408900
   -0.21393831
   -0.06067952
    0.06527478
   -0.05354350
   -0.05527009
    0.07027657
   -0.21287935
   -0.05935208
    0.07026513
   -0.05525668
   -0.05353697
    0.06526460
   -0.21282740
   -0.06070354
    0.06411466
   -0.21401832
    0.03042016
    0.03181277
    0.03219256
    0.03044311
    0.04929655
    0.03058559
    0.03089506
    0.04721079
    0.03090733
    0.03059456
    0.04928046
   -0.03061547
   -0.03076515
   -0.03067459
   -0.03068710
   -0.03066004
   -0.03068665
   -0.03069102
   -0.03067451
   -0.03070540
   -0.03065394
   -0.03077049
   -0.03063845
    0.56762222
   -0.05446912
   -0.05426665
    0.06988170
    0.01145073
    0.06980802
   -0.05447218
   -0.05451351
    0.06377097
   -0.21525533
   -0.05926391
    0.06368133
   -0.05452374
   -0.05441932
    0.06986782
   -0.21516943
    0.01141621
    0.06987606
   -0.05439014
   -0.05451834
    0.06370671
   -0.21520247
   -0.05927668
    0.06375804
   -0.21527968
    0.03042475
    0.03178285
    0.03195410
    0.03044467
    0.04995361
    0.03046435
    0.03183864
    0.03181212
    0.03044289
    0.04993218
    0.56821619
   -0.05453899
   -0.05440455
    0.06986331
    0.01142405
    0.06989725
   -0.05442480
   -0.05451499
    0.06367163
   -0.21530848
   -0.05921299
    0.06366574
   -0.05452108
   -0.05430895
    0.06990875
   -0.21527495
    0.01141159
    0.06987052
   -0.05455066
   -0.05453362
    0.06363808
   -0.21523665
   -0.05919155
    0.06366162
   -0.21525782
    0.03046408
    0.03175543
    0.03184395
    0.03045206
    0.04999663
    0.03045861
    0.03168139
    0.03198145
    0.03048099
    0.05001601
    0.56850795
   -0.05453972
   -0.05451877
    0.06985103
    0.01143391
    0.06991405
   -0.05432003
   -0.05452291
    0.06362728
   -0.21534309
   -0.05917869
    0.06359486
   -0.05455026
   -0.05437957
    0.06988434
   -0.21524017
    0.01145800
    0.06989306
   -0.05437453
   -0.05454346
    0.06360065
   -0.21529274
   -0.05917457
    0.06360657
   -0.21524345
    0.03049269
    0.03193392
    0.03165335
    0.03046543
    0.05003129
    0.03047889
    0.03170588
    0.03165834
    0.03048024
    0.05004473
    0.56836445
   -0.05453904
   -0.05433898
    0.06989006
    0.01144253
    0.06985760
   -0.05441355
   -0.05454961
    0.06358920
   -0.21521558
   -0.05918289
    0.06363131
   -0.05452580
   -0.05457573
    0.06984525
   -0.21525244
    0.01141621
    0.06989353
   -0.05430503
   -0.05450722
    0.06368572
   -0.21540375
   -0.05920883
    0.06361046
   -0.21523568
    0.03046599
    0.03167448
    0.03169795
    0.03048424
    0.05002375
    0.03048351
    0.03205565
    0.03169083
    0.03043925
    0.04999775
    0.56754166
   -0.05451142
   -0.05431249
    0.06990201
    0.01138462
    0.06984829
   -0.05457723
   -0.05451125
    0.06369625
   -0.21514744
   -0.05925302
    0.06375824
   -0.05450286
   -0.05418621
    0.06989012
   -0.21532838
    0.01145569
    0.06981361
   -0.05454437
   -0.05450309
    0.06377551
   -0.21517494
   -0.05927959
    0.06375676
   -0.21526915
    0.03043130
    0.03175892
    0.03211392
    0.03045907
    0.04992807
    0.03040520
    0.03153903
    0.03212845
    0.03044546
    0.04992903
