           2           3   1.6446969865262377     
           3           4   1.1813952644673091     
           4           5   1.2627425479499335     
           5           6   1.2626365920881186     
           6           7   1.1812592623422913     
           7           8   1.6449306238781707     
           8           9   1.1706365286142812     
           1          10  0.65731429564211874     
           6          10   1.2557850351080413     
           9          10   1.2174862425651130     
           9          11   1.3607299241426407     
          11          12   1.3612844774945341     
          12          13   1.1628337444596741     
          13          14   1.6597311291823191     
          14          15   1.1639516757644779     
           1          16  0.65907247305780814     
          12          16   1.2265711052133899     
          15          16   1.2390387661983169     
          15          17   1.3577878207416241     
          17          18   1.3581392506625045     
          18          19   1.1638361959579810     
          19          20   1.6599513866197384     
          20          21   1.1626610560076509     
           1          22  0.66017446602403507     
          18          22   1.2386544708942517     
          21          22   1.2263650750519235     
          21          23   1.3614889146194693     
           2          24   1.1707925834997230     
          23          24   1.3605013510704262     
           1          25  0.65611307122061790     
           4          25   1.2561741952529761     
          24          25   1.2177749654949621     
           2          26  0.97224485246142822     
           3          27  0.96925818863920898     
           7          28  0.96879010541257315     
           8          29  0.97223219182637488     
          11          30  0.96295735242213398     
          13          31  0.97216010423994403     
          14          32  0.97242822725597822     
          17          33  0.96494249925188080     
          19          34  0.97241918443409880     
          20          35  0.97215386246145041     
          23          36  0.96296413099071387     
          38          39   1.6448107660988973     
          39          40   1.1813136229752219     
          40          41   1.2627806465530189     
          41          42   1.2620722098702037     
          42          43   1.1813732714695400     
          43          44   1.6447577845192345     
          44          45   1.1707238200857575     
          37          46  0.65657612413484123     
          42          46   1.2562706204643688     
          45          46   1.2174799804003229     
          45          47   1.3607455805828037     
          47          48   1.3612531513353048     
          48          49   1.1627720323647184     
          49          50   1.6598121234099523     
          50          51   1.1639104545790708     
          37          52  0.65957419619993951     
          48          52   1.2265547199659517     
          51          52   1.2388357361094924     
          51          53   1.3578954667751852     
          53          54   1.3580329524866455     
          54          55   1.1638671239731357     
          55          56   1.6599340653876462     
          56          57   1.1626390151279635     
          37          58  0.65997562624799366     
          54          58   1.2386959860770250     
          57          58   1.2264517705103468     
          57          59   1.3614027526340522     
          38          60   1.1707007813425685     
          59          60   1.3605520414190064     
          37          61  0.65649345881959065     
          40          61   1.2560327025727129     
          60          61   1.2177575056384309     
          38          62  0.97224454771280189     
          39          63  0.96893733352759226     
          43          64  0.96875485575675091     
          44          65  0.97224033707278901     
          47          66  0.96296202557526922     
          49          67  0.97215976466713416     
          50          68  0.97242692206829506     
          53          69  0.96494172482990936     
          55          70  0.97242225336261201     
          56          71  0.97215719208574747     
          59          72  0.96296708288702992     
           5          73   1.1678022111660153     
          73          74   2.5826778786385454     
          75          76   2.5784577833159510     
          77          78   2.5779730798772853     
          79          80   2.5774910823173234     
          81          82   2.5787349740656880     
          41          84   1.1683362028831665     
          83          84   2.5823160194816817     
          86          87   1.6443543170524408     
          87          88   1.1812564866686952     
          74          89   1.1692035984861977     
          88          89   1.2609681765290319     
          89          90   1.2601767119998246     
          90          91   1.1814579383781150     
          91          92   1.6441356955566306     
          92          93   1.1714609713270083     
          85          94  0.65193976306315671     
          90          94   1.2587463574275792     
          93          94   1.2162560798472188     
          93          95   1.3604734325707089     
          95          96   1.3607957288915016     
          96          97   1.1716241057454762     
          97          98   1.6437360405961101     
          98          99   1.1818542434080477     
          85         100  0.65246418839784204     
          96         100   1.2157411077883311     
          99         100   1.2591118855249599     
          75         101   1.1721470504271445     
          99         101   1.2591490364012252     
         101         102   1.2592437756578576     
         102         103   1.1818794894617091     
         103         104   1.6436894889377862     
         104         105   1.1716702548448346     
          85         106  0.65225800609441831     
         102         106   1.2590684092111388     
         105         106   1.2159898389038193     
         105         107   1.3605118977551374     
          86         108   1.1713465609870832     
         107         108   1.3607248899612401     
          85         109  0.65224245188700991     
          88         109   1.2586273581912879     
         108         109   1.2161139460968424     
          86         110  0.97223320001308966     
          87         111  0.96930430978062876     
          91         112  0.96885536432509778     
          92         113  0.97224002874678672     
          95         114  0.96269242410341682     
          97         115  0.97223434229460881     
          98         116  0.96854519920796711     
         103         117  0.96847125839541204     
         104         118  0.97223981176961038     
         107         119  0.96269890212506037     
         121         122   1.6436665722087274     
         122         123   1.1818701718876659     
          76         124   1.1722486739680567     
         123         124   1.2590164592913169     
         124         125   1.2590970248941027     
         125         126   1.1817848621092590     
         126         127   1.6437603298428112     
         127         128   1.1716432447624829     
         120         129  0.65177144128222342     
         125         129   1.2593892133328131     
         128         129   1.2158769176183288     
         128         130   1.3606287956066834     
         130         131   1.3605407052536072     
         131         132   1.1716466759752546     
         132         133   1.6436871374705913     
         133         134   1.1818756085179418     
         120         135  0.65199837655176229     
         131         135   1.2159652823313816     
         134         135   1.2592147310381612     
          77         136   1.1726383968957694     
         134         136   1.2592654498931215     
         136         137   1.2584744515923634     
         137         138   1.1819057889153344     
         138         139   1.6436120615975836     
         139         140   1.1717425112857836     
         120         141  0.65198272865055440     
         137         141   1.2595644840411149     
         140         141   1.2156337669489119     
         140         142   1.3607325578420837     
         121         143   1.1716851414878484     
         142         143   1.3605066923022542     
         120         144  0.65194215679005807     
         123         144   1.2592614801794988     
         143         144   1.2159513665715977     
         121         145  0.97223804184066542     
         122         146  0.96847727916051185     
         126         147  0.96854835641893633     
         127         148  0.97223815554816850     
         130         149  0.96268606111492117     
         132         150  0.97223864116283454     
         133         151  0.96864319858286452     
         138         152  0.96821919977294502     
         139         153  0.97223459063860374     
         142         154  0.96267900198076584     
         156         157   1.6435324540447793     
         157         158   1.1819968570119892     
          78         159   1.1727128418704407     
         158         159   1.2586578030227509     
         159         160   1.2589326141250761     
         160         161   1.1819837263214401     
         161         162   1.6435247203133105     
         162         163   1.1717798404722448     
         155         164  0.65197135914621085     
         160         164   1.2593762552113772     
         163         164   1.2156896406706066     
         163         165   1.3605724824457466     
         165         166   1.3605148886935954     
         166         167   1.1718588295688919     
         167         168   1.6433737672292676     
         168         169   1.1821581226808573     
         155         170  0.65241279349141912     
         166         170   1.2156087764725423     
         169         170   1.2593200322964151     
          79         171   1.1736464431045033     
         169         171   1.2584208321102759     
         171         172   1.2583090955605414     
         172         173   1.1821611980365239     
         173         174   1.6433622620086989     
         174         175   1.1718550280685940     
         155         176  0.65204675260461220     
         172         176   1.2595254703469829     
         175         176   1.2155609587072977     
         175         177   1.3605919630673169     
         156         178   1.1717763661195120     
         177         178   1.3605281861292964     
         155         179  0.65239186698805307     
         158         179   1.2591878211701757     
         178         179   1.2156357642342352     
         156         180  0.97223812401456611     
         157         181  0.96824744448682143     
         161         182  0.96864809895469295     
         162         183  0.97224316720602499     
         165         184  0.96266865455153594     
         167         185  0.97223865898966821     
         168         186  0.96777244128312512     
         173         187  0.96802362234099737     
         174         188  0.97224074060339782     
         177         189  0.96266038727938319     
         191         192   1.6434765786522292     
         192         193   1.1820982330591623     
          80         194   1.1736095487907203     
         193         194   1.2585390959257732     
         194         195   1.2582771332183258     
         195         196   1.1821681493866458     
         196         197   1.6433642249018252     
         197         198   1.1718473909823368     
         190         199  0.65241584621337845     
         195         199   1.2593577029131946     
         198         199   1.2155764595068386     
         198         200   1.3605563639155642     
         200         201   1.3606664167190723     
         201         202   1.1717189232003751     
         202         203   1.6437234102180174     
         203         204   1.1817655537365630     
         190         205  0.65231518930327814     
         201         205   1.2155680667654589     
         204         205   1.2592722001419805     
          81         206   1.1716770776436141     
         204         206   1.2589033387672197     
         206         207   1.2596850665778583     
         207         208   1.1817872674486620     
         208         209   1.6437525678787601     
         209         210   1.1716384884926421     
         190         211  0.65174934197422874     
         207         211   1.2590210071752239     
         210         211   1.2161105047311183     
         210         212   1.3604044210638773     
         191         213   1.1717709892120693     
         212         213   1.3606810204837261     
         190         214  0.65245413056594215     
         193         214   1.2593558541791554     
         213         214   1.2155721994647817     
         191         215  0.97223875580573915     
         192         216  0.96801844996781594     
         196         217  0.96776958972661220     
         197         218  0.97223725388295323     
         200         219  0.96266457399781213     
         202         220  0.97223862434293640     
         203         221  0.96873436101012722     
         208         222  0.96901265362971045     
         209         223  0.97224501329207813     
         212         224  0.96268048529762296     
         226         227   1.6439666592392037     
         227         228   1.1816200912895261     
          82         229   1.1715212623628521     
         228         229   1.2598598253693845     
         229         230   1.2590996563097352     
         230         231   1.1817561670779093     
         231         232   1.6437922861920982     
         232         233   1.1716572646773424     
         225         234  0.65244878565685005     
         230         234   1.2592148181346168     
         233         234   1.2156845801169525     
         233         235   1.3608180317317446     
         235         236   1.3604975841990665     
         236         237   1.1715435040832300     
         237         238   1.6440230353318896     
         238         239   1.1815138978523330     
         225         240  0.65199942856752657     
         236         240   1.2162446224973500     
         239         240   1.2587482914288788     
          83         241   1.1696871778285005     
         239         241   1.2606188951005430     
         241         242   1.2601096838199419     
         242         243   1.1813142691436727     
         243         244   1.6443283778637703     
         244         245   1.1713364814171292     
         225         246  0.65212170530047853     
         242         246   1.2588782465006396     
         245         246   1.2160886607712538     
         245         247   1.3607598751395922     
         226         248   1.1714792921854069     
         247         248   1.3605433684891208     
         225         249  0.65179147619723221     
         228         249   1.2590161687431589     
         248         249   1.2163129593576909     
         226         250  0.97223957472351086     
         227         251  0.96898147641072052     
         231         252  0.96872011037453565     
         232         253  0.97223354751874524     
         235         254  0.96269855386490621     
         237         255  0.97223897015987371     
         238         256  0.96899073206092901     
         243         257  0.96878370135796876     
         244         258  0.97223353092928499     
         247         259  0.96270395086639471     
