    0.56257183
   -0.05404031
   -0.05420190
    0.07048433
    0.01005827
    0.07050889
   -0.05416717
   -0.05404319
    0.06438928
   -0.21433015
   -0.06018837
    0.06563121
   -0.05324313
   -0.05494554
    0.07058917
   -0.21262269
   -0.05890201
    0.07059110
   -0.05494749
   -0.05324384
    0.06563109
   -0.21263145
   -0.06018036
    0.06438173
   -0.21429294
    0.03066217
    0.03317896
    0.03317053
    0.03064794
    0.04970967
    0.03109863
    0.03141147
    0.04772775
    0.03141025
    0.03109723
    0.04971639
    0.56256419
   -0.05404089
   -0.05419813
    0.07047516
    0.01005713
    0.07049870
   -0.05416220
   -0.05404399
    0.06440253
   -0.21433974
   -0.06020362
    0.06563403
   -0.05324341
   -0.05494392
    0.07058820
   -0.21262377
   -0.05890829
    0.07058996
   -0.05494695
   -0.05324451
    0.06563311
   -0.21263182
   -0.06019451
    0.06439470
   -0.21430083
    0.03066478
    0.03317225
    0.03316249
    0.03064967
    0.04970322
    0.03109754
    0.03141010
    0.04772530
    0.03140888
    0.03109657
    0.04971012
   -0.02094691
   -0.01174137
   -0.00352784
   -0.00364594
   -0.01163344
   -0.02106813
   -0.02157748
   -0.01151732
   -0.00435954
   -0.00363653
   -0.01344034
   -0.01953994
   -0.02016971
   -0.01333995
   -0.00448277
   -0.00448365
   -0.01334185
   -0.02016924
   -0.01954188
   -0.01344362
   -0.00364237
   -0.00436123
   -0.01152763
   -0.02157921
   -0.02102344
   -0.01162097
   -0.00360900
   -0.00349419
   -0.01172936
   -0.02090308
    0.56542588
   -0.05395298
   -0.05427048
    0.07088699
    0.00991295
    0.07089726
   -0.05424429
   -0.05395302
    0.06415352
   -0.21553568
   -0.05845378
    0.06416768
   -0.05398878
   -0.05420619
    0.07084387
   -0.21546264
    0.01015193
    0.07084512
   -0.05420951
   -0.05398746
    0.06416806
   -0.21547559
   -0.05844907
    0.06414771
   -0.21550671
    0.03057773
    0.03293523
    0.03292873
    0.03056610
    0.05021506
    0.03058696
    0.03308637
    0.03308866
    0.03058380
    0.05021862
    0.56424316
   -0.05560247
   -0.05292084
    0.06683407
    0.00788366
    0.06683268
   -0.05292539
   -0.05560311
    0.06872458
   -0.21620962
   -0.05557423
    0.06875302
   -0.05564209
   -0.05286006
    0.06676533
   -0.21617645
    0.00813351
    0.06676807
   -0.05285322
   -0.05564200
    0.06875467
   -0.21617930
   -0.05557522
    0.06872444
   -0.21621180
    0.03087491
    0.03334912
    0.03334938
    0.03087643
    0.04880344
    0.03087449
    0.03348634
    0.03348055
    0.03087252
    0.04880144
    0.56423347
   -0.05564330
   -0.05285267
    0.06675862
    0.00812885
    0.06675863
   -0.05285575
   -0.05564365
    0.06875845
   -0.21616765
   -0.05557556
    0.06872968
   -0.05560353
   -0.05291084
    0.06683523
   -0.21620832
    0.00787692
    0.06682037
   -0.05293055
   -0.05560198
    0.06872669
   -0.21619844
   -0.05557243
    0.06875579
   -0.21616341
    0.03087574
    0.03348525
    0.03348849
    0.03087586
    0.04879954
    0.03087554
    0.03335209
    0.03335493
    0.03088038
    0.04880315
    0.56541597
   -0.05398714
   -0.05421449
    0.07083821
    0.01014698
    0.07085113
   -0.05419768
   -0.05398907
    0.06417670
   -0.21548789
   -0.05846398
    0.06416323
   -0.05395265
   -0.05426424
    0.07087489
   -0.21551240
    0.00991398
    0.07089058
   -0.05424113
   -0.05395443
    0.06416883
   -0.21554748
   -0.05846580
    0.06417229
   -0.21545821
    0.03059063
    0.03309368
    0.03308527
    0.03058059
    0.05021017
    0.03058028
    0.03292951
    0.03292442
    0.03057014
    0.05021000
