           2           3   1.6438954152130150     
           3           4   1.1825095432788897     
           4           5   1.2550193434551367     
           5           6   1.2552786263772295     
           6           7   1.1824972556611715     
           7           8   1.6438952271407992     
           8           9   1.1711557482918922     
           1          10  0.65714693006461733     
           6          10   1.2572620758725712     
           9          10   1.2163351916687681     
           9          11   1.3611794872491954     
          11          12   1.3609512495473401     
          12          13   1.1626715866025021     
          13          14   1.6600266409057367     
          14          15   1.1638108510746914     
           1          16  0.65988418050870346     
          12          16   1.2265296624867086     
          15          16   1.2387677198812606     
          15          17   1.3579618287335746     
          17          18   1.3579351278425018     
          18          19   1.1638190521965508     
          19          20   1.6600095155953540     
          20          21   1.1626856111492694     
           1          22  0.65981252311295813     
          18          22   1.2387913483740407     
          21          22   1.2265497381858712     
          21          23   1.3609281536230309     
           2          24   1.1711676352598723     
          23          24   1.3612171666418902     
           1          25  0.65717014410065100     
           4          25   1.2573235859517284     
          24          25   1.2162633253125090     
           2          26  0.97222958874516119     
           3          27  0.97114870386183350     
           7          28  0.97114908900254204     
           8          29  0.97223143563566106     
          11          30  0.96289076879213664     
          13          31  0.97212367079578754     
          14          32  0.97239096875395503     
          17          33  0.96488005527794507     
          19          34  0.97239161831456855     
          20          35  0.97212382319134216     
          23          36  0.96288815058997257     
          38          39   1.6439763768899458     
          39          40   1.1824302910071658     
          40          41   1.2552625837283871     
          41          42   1.2555203821358472     
          42          43   1.1824317956918415     
          43          44   1.6439631298473496     
          44          45   1.1711295037867202     
          37          46  0.65717762084583997     
          42          46   1.2571375049525653     
          45          46   1.2163987731877051     
          45          47   1.3611499782123393     
          47          48   1.3609973219205658     
          48          49   1.1626504775937674     
          49          50   1.6600556350661788     
          50          51   1.1637921255402612     
          37          52  0.65990646388095975     
          48          52   1.2265245053207183     
          51          52   1.2387614345565923     
          51          53   1.3579861235767501     
          53          54   1.3579424293733633     
          54          55   1.1638126541914917     
          55          56   1.6600216429714427     
          56          57   1.1626780915783101     
          37          58  0.65984473245184661     
          54          58   1.2387864915695996     
          57          58   1.2265348430380274     
          57          59   1.3609674793589543     
          38          60   1.1711345584966117     
          59          60   1.3611998880702245     
          37          61  0.65720449927871227     
          40          61   1.2572076770772900     
          60          61   1.2163196360960835     
          38          62  0.97222904194097848     
          39          63  0.97114336402061174     
          43          64  0.97114657985650732     
          44          65  0.97223107993622893     
          47          66  0.96289165392811549     
          49          67  0.97212330580713302     
          50          68  0.97239075607569592     
          53          69  0.96487984038355845     
          55          70  0.97239168528581732     
          56          71  0.97212332590372208     
          59          72  0.96288870433767848     
           5          73   1.1857451822078200     
          73          74   2.4474167252526966     
          74          75   1.3290725951339557     
          73          76  0.19339383906604068     
          75          76   2.3617451068427009     
          76          77   1.3298481622386142     
          75          78  0.19320851929288307     
          77          78   2.4448941242510553     
          79          80   2.4444708112324971     
          80          81   1.3301192047795249     
          79          82  0.19311809644652669     
          81          82   2.3613830294391667     
          82          83   1.3290534115790289     
          81          84  0.19363514217006605     
          83          84   2.4485877757677308     
          85          86   2.4496882462501244     
          86          87   1.3280791560584102     
          85          88  0.19381607767549650     
          87          88   2.3635255685902292     
          88          89   1.3280766268962245     
          87          90  0.19381556097147068     
          89          90   2.4496928696344575     
          91          92   2.4485975722554079     
          92          93   1.3290508799685767     
          91          94  0.19363782077205599     
          93          94   2.3613744589930197     
          94          95   1.3301361864133607     
          93          96  0.19313338433892849     
          95          96   2.4444741628864746     
          97          98   2.4453516516342755     
          98          99   1.3293723467734537     
          97         100  0.19314639033837516     
          99         100   2.3622416713334262     
         100         101   1.3285797272200257     
          41         102   1.1852641662362364     
          99         102  0.19332032327958731     
         101         102   2.4478937935042167     
         104         105   1.6430223967810620     
         105         106   1.1828057097128051     
          78         107   1.1883509823621956     
         106         107   1.2523236790329388     
         107         108   1.2525133993182322     
         108         109   1.1828095202468272     
         109         110   1.6430097919707904     
         110         111   1.1720767706668080     
         103         112  0.65222205352263107     
         108         112   1.2603058650226491     
         111         112   1.2147891801864359     
         111         113   1.3609578968657423     
         113         114   1.3605764043889130     
         114         115   1.1722169612914120     
         115         116   1.6428222061701305     
         116         117   1.1829700744299272     
         103         118  0.65241010569654934     
         114         118   1.2149275474454058     
         117         118   1.2602359066725644     
          79         119   1.1886858355868244     
         117         119   1.2523163098626273     
         119         120   1.2523099512904143     
         120         121   1.1829779199179453     
         121         122   1.6428048267332445     
         122         123   1.1722332106038267     
         103         124  0.65232564311818009     
         120         124   1.2602450604071680     
         123         124   1.2149534135480833     
         123         125   1.3605463609589483     
         104         126   1.1720746972170588     
         125         126   1.3610102327029125     
         103         127  0.65227409999969188     
         106         127   1.2603591723225720     
         126         127   1.2147133130267462     
         104         128  0.97222650177801839     
         105         129  0.97118076513599894     
         109         130  0.97119127112740389     
         110         131  0.97222746706189567     
         113         132  0.96263732411897440     
         115         133  0.97222852858466391     
         116         134  0.97117608038686187     
         121         135  0.97118149490395689     
         122         136  0.97222777765121837     
         125         137  0.96263432556014050     
         139         140   1.6446598288017289     
         140         141   1.1799529528315633     
          84         142   1.1804316717532419     
         141         142   1.2572103301737920     
         142         143   1.2571837209288548     
         143         144   1.1799579246222456     
         144         145   1.6446545763081599     
         145         146   1.1730059626197120     
         138         147  0.64578547305401113     
         143         147   1.2518266266436904     
         146         147   1.2241770270080476     
         146         148   1.3594956072472539     
         148         149   1.3590404145391575     
         149         150   1.1731229519928614     
         150         151   1.6445496220406257     
         151         152   1.1800239725466999     
         138         153  0.64593226649638669     
         149         153   1.2244212933667125     
         152         153   1.2516061060721144     
          85         154   1.1800547742857950     
         152         154   1.2574297953659788     
         154         155   1.2574648666802073     
         155         156   1.1800300500076057     
         156         157   1.6445433540369034     
         157         158   1.1731239805809008     
         138         159  0.64592146785105542     
         155         159   1.2515935786012513     
         158         159   1.2244401823672240     
         158         160   1.3590242633981604     
         139         161   1.1730011136404512     
         160         161   1.3595066765125920     
         138         162  0.64579951160836602     
         141         162   1.2518242770917842     
         161         162   1.2241715985647605     
         139         163  0.97245905783135778     
         140         164  0.97008921274650883     
         144         165  0.97008995460495073     
         145         166  0.97245893344732215     
         148         167  0.96422955166908342     
         150         168  0.97245948868607590     
         151         169  0.97008200814294787     
         156         170  0.97008535824784592     
         157         171  0.97245992820029692     
         160         172  0.96423017622504237     
         174         175   1.6445488322425470     
         175         176   1.1800216807007171     
          90         177   1.1800468758593372     
         176         177   1.2574424699122302     
         177         178   1.2574559734467010     
         178         179   1.1800214547521324     
         179         180   1.6445507369906489     
         180         181   1.1731228439208521     
         173         182  0.64601953338706408     
         178         182   1.2515734451340803     
         181         182   1.2244380328027413     
         181         183   1.3590281139994194     
         183         184   1.3595089334917139     
         184         185   1.1729978326291555     
         185         186   1.6446710398154223     
         186         187   1.1799314837850257     
         173         188  0.64587514874518814     
         184         188   1.2241771567162760     
         187         188   1.2518155606560688     
          91         189   1.1804271412544511     
         187         189   1.2572538020811810     
         189         190   1.2571425573647868     
         190         191   1.1799498048411405     
         191         192   1.6446625452958226     
         192         193   1.1730081305124773     
         173         194  0.64585577067847488     
         190         194   1.2518281188564915     
         193         194   1.2241691979619709     
         193         195   1.3595061979804983     
         174         196   1.1731275932696215     
         195         196   1.3590292798847066     
         173         197  0.64602582329822000     
         176         197   1.2515850256788794     
         196         197   1.2244308835404962     
         174         198  0.97245933895092540     
         175         199  0.97008278864671671     
         179         200  0.97008077219639577     
         180         201  0.97245948127197290     
         183         202  0.96423246349980274     
         185         203  0.97245916781456332     
         186         204  0.97008321090584315     
         191         205  0.97009139117831666     
         192         206  0.97245842034409757     
         195         207  0.96423167186697112     
         209         210   1.6428549073046610     
         210         211   1.1829438350159456     
          96         212   1.1886821693335559     
         211         212   1.2522774202908462     
         212         213   1.2523897350725703     
         213         214   1.1829507969948621     
         214         215   1.6428342554899522     
         215         216   1.1722118097211489     
         208         217  0.65233238935535687     
         213         217   1.2602320242977467     
         216         217   1.2149642815967583     
         216         218   1.3605849078485084     
         218         219   1.3609848721312445     
         219         220   1.1720458332676305     
         220         221   1.6430961611679136     
         221         222   1.1827330289095666     
         208         223  0.65231480478678905     
         219         223   1.2147752477426381     
         222         223   1.2602279283030651     
          97         224   1.1878774450084362     
         222         224   1.2525698442775215     
         224         225   1.2527409458867609     
         225         226   1.1827396462472486     
         226         227   1.6430759740716008     
         227         228   1.1720512164745913     
         208         229  0.65224935536214979     
         225         229   1.2601879650735266     
         228         229   1.2148447292705256     
         228         230   1.3609329698537564     
         209         231   1.1722014750937049     
         230         231   1.3606320264981768     
         208         232  0.65242494743905877     
         211         232   1.2602430372293765     
         231         232   1.2149036027358404     
         209         233  0.97222749857306034     
         210         234  0.97117627493983405     
         214         235  0.97117995031620552     
         215         236  0.97222856882074782     
         218         237  0.96263695272218774     
         220         238  0.97222589986306229     
         221         239  0.97117998343763123     
         226         240  0.97118441841304637     
         227         241  0.97222734006419242     
         230         242  0.96263734324732675     
