   -0.05484857
   -0.05259062
    0.08664897
    0.01304025
    0.06314692
   -0.05046487
   -0.05233162
    0.06415312
   -0.08090563
   -0.05547318
    0.08660335
   -0.05390351
   -0.05392138
    0.08632895
   -0.32123021
   -0.05714386
    0.06491802
   -0.05120250
   -0.05097010
    0.06555826
   -0.08128158
   -0.05525828
    0.08553651
   -0.32460209
    0.01858953
    0.02120245
    0.04113405
    0.04095414
    0.21420772
    0.04651800
    0.01906276
    0.01915229
    0.04572709
    0.04158950
    0.04158869
    0.21434167
    0.04682726
   -0.03068405
   -0.03070186
   -0.05390819
   -0.05391549
    0.08629363
   -0.05713804
    0.06487869
   -0.05120575
   -0.05097716
    0.06559339
   -0.08132709
   -0.05524693
    0.08554556
   -0.05485345
   -0.05259371
    0.08662054
   -0.32457616
    0.01301971
    0.06310868
   -0.05045274
   -0.05232750
    0.06419927
   -0.08097948
   -0.05548111
    0.08662902
   -0.32119986
    0.01905811
    0.01915770
    0.04571833
    0.04158485
    0.04157920
    0.21438854
    0.04683984
    0.01858558
    0.02119924
    0.04113240
    0.04094611
    0.21426168
    0.04652699
