           1           2   1.7169524089925241     
           2           3   1.1212052800125838     
           3           4   1.2511454314412347     
           4           5   1.2525056914932688     
           5           6   1.2370544229692946     
           6           7   1.5921717894956096     
           7           8   1.2242516255124254     
           5           9   1.2248797950799548     
           8           9   1.2030924779614780     
           8          10   1.3430913626831860     
          10          11   1.3582654309956681     
          11          12   1.1067581196239520     
          12          13   1.7309113690030928     
          13          14   1.1088740229053999     
          11          15   1.3232798466951201     
          14          15   1.3259940812254314     
          14          16   1.3531132595259041     
          16          17   1.3471211775092782     
          17          18   1.2153280148720580     
          18          19   1.6086357136755955     
          19          20   1.2146534781051985     
          17          21   1.2097410890998390     
          20          21   1.2108111146574714     
          20          22   1.3433215349266836     
           1          23   1.1146326096090464     
          22          23   1.3646436342967840     
           3          24   1.3582906170994284     
          23          24   1.3017189547542236     
           1          25  0.97278273636290413     
           2          26  0.96830512936554647     
           6          27  0.96927108230910575     
           7          28  0.97295153301198289     
           9          29  0.89976981940673539     
          10          30  0.96371585174606533     
          12          31  0.97275280163735367     
          13          32  0.97280900700202055     
          16          33  0.96480037239867222     
          18          34  0.97291899260340320     
          19          35  0.97284594007031366     
          21          36  0.90021129798072608     
          22          37  0.96355267318705196     
           4          38   1.1765047386047967     
          38          39   2.5704190170733145     
          40          41   1.7308733591401837     
          41          42   1.1089686379376935     
          42          43   1.3532344740795634     
          43          44   1.3470191036507169     
          44          45   1.2154175033287224     
          45          46   1.6086039554168361     
          46          47   1.2146101907692903     
          44          48   1.2097527813145423     
          47          48   1.2108862491133174     
          47          49   1.3432756532963095     
          49          50   1.3647013155074659     
          50          51   1.1146507909621692     
          51          52   1.7168763595809231     
          52          53   1.1213009971544847     
          50          54   1.3016300711299074     
          53          54   1.3583251796319642     
          39          55   1.1765750682501535     
          53          55   1.2509999264890626     
          55          56   1.2526119382060175     
          56          57   1.2370216193954793     
          57          58   1.5922997301715849     
          58          59   1.2240656168217237     
          56          60   1.2248367424735165     
          59          60   1.2031752918814713     
          59          61   1.3432196456357477     
          40          62   1.1067224741855288     
          61          62   1.3581182748721392     
          42          63   1.3257718049619855     
          62          63   1.3234700133697719     
          40          64  0.97275136634115711     
          41          65  0.97280955432796412     
          43          66  0.96482015234891905     
          45          67  0.97292145178294431     
          46          68  0.97284564681102692     
          48          69  0.90004634210724432     
          49          70  0.96353019877512336     
          51          71  0.97278044501814209     
          52          72  0.96830574083185406     
          57          73  0.96928185937117950     
          58          74  0.97295034646512135     
          60          75  0.89958236287421289     
          61          76  0.96370082072871199     
