    0.24431997
   -0.05205800
   -0.05049193
    0.07664393
    0.01816913
    0.07665411
   -0.05047196
   -0.05205683
    0.07569875
   -0.17643442
   -0.05007494
    0.07683205
   -0.05106811
   -0.05121444
    0.07736621
   -0.17469213
   -0.05173781
    0.07737074
   -0.05120933
   -0.05106491
    0.07684096
   -0.17476005
   -0.05007855
    0.07569557
   -0.17637338
    0.03379780
    0.03494716
    0.03494703
    0.03378786
    0.04910887
    0.03419379
    0.03412471
    0.04846257
    0.03411819
    0.03418768
    0.04910694
    0.24436429
   -0.05211110
   -0.05056228
    0.07671315
    0.01822556
    0.07671024
   -0.05055033
   -0.05210570
    0.07562811
   -0.17636523
   -0.04999934
    0.07682508
   -0.05106472
   -0.05120681
    0.07737478
   -0.17470498
   -0.05168861
    0.07737702
   -0.05120790
   -0.05106546
    0.07682596
   -0.17472193
   -0.04999484
    0.07562595
   -0.17634117
    0.03378163
    0.03495114
    0.03492615
    0.03377993
    0.04915175
    0.03420718
    0.03413846
    0.04848483
    0.03413600
    0.03420508
    0.04915361
   -0.02836277
   -0.02913069
   -0.02862633
   -0.02888218
   -0.02872901
   -0.02873681
   -0.02886117
   -0.02863331
   -0.02919782
   -0.02845019
    0.24584549
   -0.05188915
   -0.05044425
    0.07685977
    0.01857164
    0.07685599
   -0.05042976
   -0.05188395
    0.07524811
   -0.17632099
   -0.04813554
    0.07509982
   -0.05194350
   -0.05066826
    0.07699330
   -0.17634263
    0.01821627
    0.07699947
   -0.05064551
   -0.05195236
    0.07510643
   -0.17633238
   -0.04814890
    0.07525411
   -0.17635769
    0.03398460
    0.03523363
    0.03525086
    0.03398212
    0.04988057
    0.03392764
    0.03499591
    0.03496370
    0.03393110
    0.04988025
    0.24607875
   -0.05195548
   -0.05061174
    0.07698256
    0.01848705
    0.07699673
   -0.05058196
   -0.05194539
    0.07508209
   -0.17636348
   -0.04791290
    0.07504818
   -0.05196433
   -0.05062582
    0.07703491
   -0.17632749
    0.01839990
    0.07702857
   -0.05066821
   -0.05196214
    0.07505257
   -0.17635342
   -0.04790857
    0.07507543
   -0.17630289
    0.03398338
    0.03501548
    0.03502495
    0.03396762
    0.04998849
    0.03396172
    0.03496369
    0.03500057
    0.03397004
    0.04999950
    0.24608573
   -0.05196790
   -0.05063130
    0.07702816
    0.01841118
    0.07702177
   -0.05066568
   -0.05196038
    0.07503777
   -0.17627684
   -0.04789690
    0.07506962
   -0.05195601
   -0.05060185
    0.07700247
   -0.17636200
    0.01848480
    0.07700415
   -0.05061853
   -0.05195546
    0.07506674
   -0.17630607
   -0.04790770
    0.07505391
   -0.17638437
    0.03395679
    0.03495797
    0.03500417
    0.03397492
    0.05000115
    0.03396986
    0.03498862
    0.03505786
    0.03397381
    0.04999691
    0.24594535
   -0.05195158
   -0.05068478
    0.07699512
    0.01824397
    0.07701637
   -0.05063270
   -0.05196369
    0.07507548
   -0.17636896
   -0.04806139
    0.07516772
   -0.05195061
   -0.05051967
    0.07690661
   -0.17633926
    0.01860969
    0.07691726
   -0.05049770
   -0.05194888
    0.07516883
   -0.17635927
   -0.04806350
    0.07507278
   -0.17634236
    0.03392712
    0.03500956
    0.03491840
    0.03392255
    0.04990632
    0.03395156
    0.03516104
    0.03514279
    0.03394718
    0.04990458
