           2           3   1.6516954579867820     
           3           4   1.1778737896152844     
           4           5   1.2597258574647505     
           5           6   1.2596781755863351     
           6           7   1.1778148736520104     
           7           8   1.6517663464748527     
           8           9   1.1704225631356677     
           1          10  0.48878232290038709     
           6          10   1.2837033774789282     
           9          10   1.2487818264728601     
           9          11   1.3566108724040578     
          11          12   1.3547643549005874     
          12          13   1.1625890821208829     
          13          14   1.6658592130772765     
          14          15   1.1619423352783793     
           1          16  0.49197962002846451     
          12          16   1.2606085418597472     
          15          16   1.2632089872203101     
          15          17   1.3542030030519889     
          17          18   1.3542210484371608     
          18          19   1.1618866088365980     
          19          20   1.6659335331863190     
          20          21   1.1625212283923678     
           1          22  0.49176589310325136     
          18          22   1.2632574909380865     
          21          22   1.2606818765342767     
          21          23   1.3547795956042181     
           2          24   1.1704803685835869     
          23          24   1.3565842706441535     
           1          25  0.48901138639651653     
           4          25   1.2835666073495147     
          24          25   1.2487472901828487     
           2          26  0.97240894525992616     
           3          27  0.96925265012959028     
           7          28  0.96939331673713891     
           8          29  0.97241147249101112     
          11          30  0.96394007686741190     
          13          31  0.97234056565414817     
          14          32  0.97236175275796966     
          17          33  0.96425483034495119     
          19          34  0.97236336466755868     
          20          35  0.97234233264194958     
          23          36  0.96393758118894535     
          38          39   1.6512272582870389     
          39          40   1.1783085948032839     
          40          41   1.2581425784216678     
          41          42   1.2582092991522511     
          42          43   1.1783075618961873     
          43          44   1.6512379504905876     
          44          45   1.1706757616293864     
          37          46  0.48887260521460707     
          42          46   1.2842963780913725     
          45          46   1.2483459054361736     
          45          47   1.3567541707222810     
          47          48   1.3545802532733899     
          48          49   1.1626224867632549     
          49          50   1.6657989825691399     
          50          51   1.1619565388935986     
          37          52  0.49178557270716106     
          48          52   1.2606836218289967     
          51          52   1.2632362210735331     
          51          53   1.3541537650003057     
          53          54   1.3541377193482467     
          54          55   1.1619416246094172     
          55          56   1.6658120844262037     
          56          57   1.1626117024511926     
          37          58  0.49169917181885736     
          54          58   1.2632691112141960     
          57          58   1.2607068656730835     
          57          59   1.3545680856818061     
          38          60   1.1706937835078781     
          59          60   1.3567706779906687     
          37          61  0.48891511072874416     
          40          61   1.2843401486456560     
          60          61   1.2483013610893221     
          38          62  0.97241042382307674     
          39          63  0.96838308631759062     
          43          64  0.96839744318564436     
          44          65  0.97241046246477592     
          47          66  0.96392240451377220     
          49          67  0.97234033474497716     
          50          68  0.97236194335567283     
          53          69  0.96425536802311496     
          55          70  0.97236262771146997     
          56          71  0.97234111359233077     
          59          72  0.96392316952772150     
           5          73   1.1653372278314615     
          73          74   2.5800481785531328     
          75          76   2.5735472928550784     
          77          78   2.5723608054926146     
          79          80   2.5731317616026685     
          41          82   1.1686295437852825     
          81          82   2.5779788934176677     
          84          85   1.6496913400750941     
          85          86   1.1790904176718613     
          74          87   1.1667278362505986     
          86          87   1.2578594961510960     
          87          88   1.2578724198162641     
          88          89   1.1791016681332012     
          89          90   1.6496685266592737     
          90          91   1.1722663268003717     
          83          92  0.48905170155674493     
          88          92   1.2846027393363193     
          91          92   1.2468801441587818     
          91          93   1.3554021843740565     
          93          94   1.3566507464527582     
          94          95   1.1724552448591345     
          95          96   1.6490313749333996     
          96          97   1.1797805211147203     
          83          98  0.48912913283099757     
          94          98   1.2456130665165155     
          97          98   1.2861983564021084     
          75          99   1.1731219433377200     
          97          99   1.2547617899211903     
          99         100   1.2549502401539370     
         100         101   1.1798160508754227     
         101         102   1.6489832786511431     
         102         103   1.1724890307603932     
          83         104  0.48927953661672491     
         100         104   1.2860119078918726     
         103         104   1.2456656766284511     
         103         105   1.3565820913221922     
          84         106   1.1722196065730102     
         105         106   1.3554448033264579     
          83         107  0.48898700309573795     
          86         107   1.2845907700040995     
         106         107   1.2469023926533589     
          84         108  0.97239316585546476     
          85         109  0.96924319072083043     
          89         110  0.96939200908195844     
          90         111  0.97239288935544810     
          93         112  0.96360409380307077     
          95         113  0.97239621314086067     
          96         114  0.96782532029578794     
         101         115  0.96764665269971017     
         102         116  0.97239526507185947     
         105         117  0.96360184648146596     
         119         120   1.6485065211188696     
         120         121   1.1801217745108745     
          76         122   1.1734546608306502     
         121         122   1.2544955640687645     
         122         123   1.2545900849875875     
         123         124   1.1801140970834967     
         124         125   1.6485386053474249     
         125         126   1.1728464873705524     
         118         127  0.48887946648576336     
         123         127   1.2860858311039132     
         126         127   1.2458310293384338     
         126         128   1.3558014304075716     
         128         129   1.3561124188244418     
         129         130   1.1728961560549698     
         130         131   1.6483890386892845     
         131         132   1.1802934243689109     
         118         133  0.48907236388573361     
         129         133   1.2455245567783046     
         132         133   1.2863202149431707     
          77         134   1.1747493686921540     
         132         134   1.2540049474005206     
         134         135   1.2538412009392355     
         135         136   1.1801761954495449     
         136         137   1.6484966519991413     
         137         138   1.1728411710881490     
         118         139  0.48885761302365971     
         135         139   1.2865047148990985     
         138         139   1.2454797448171240     
         138         140   1.3561881703643706     
         119         141   1.1728925537380166     
         140         141   1.3557991802335410     
         118         142  0.48899519783011780     
         121         142   1.2860923399603392     
         141         142   1.2457568874759681     
         119         143  0.97239702044891296     
         120         144  0.96765798569984374     
         124         145  0.96785544069683249     
         125         146  0.97240030933094612     
         128         147  0.96355401315016065     
         130         148  0.97239868617893344     
         131         149  0.96728145354382378     
         136         150  0.96720379629765474     
         137         151  0.97239677298636606     
         140         152  0.96354915503935723     
         154         155   1.6484059777578395     
         155         156   1.1802752880199745     
          78         157   1.1747746978343085     
         156         157   1.2539698021116414     
         157         158   1.2538370846239013     
         158         159   1.1802664282851829     
         159         160   1.6483848107908630     
         160         161   1.1729332209631544     
         153         162  0.48911035441904194     
         158         162   1.2864412900101072     
         161         162   1.2454059390656500     
         161         163   1.3561368164982812     
         163         164   1.3558377516343536     
         164         165   1.1728680560835358     
         165         166   1.6485122531176206     
         166         167   1.1801306742841260     
         153         168  0.48876528725462343     
         164         168   1.2457559314799291     
         167         168   1.2862607076652710     
          79         169   1.1738837446686572     
         167         169   1.2542967014451432     
         169         170   1.2543686600088522     
         170         171   1.1801942938181575     
         171         172   1.6484543227490942     
         172         173   1.1728935276137038     
         153         174  0.48902103736298086     
         170         174   1.2861374629328999     
         173         174   1.2457113897763938     
         173         175   1.3558623053611552     
         154         176   1.1728704824435521     
         175         176   1.3560541094025513     
         153         177  0.48887643900054978     
         156         177   1.2863499319401646     
         176         177   1.2456091716552908     
         154         178  0.97240022520220570     
         155         179  0.96722080886647122     
         159         180  0.96726526002069513     
         160         181  0.97239620414355754     
         163         182  0.96354782325991051     
         165         183  0.97239965074404311     
         166         184  0.96759369086604530     
         171         185  0.96767328622401638     
         172         186  0.97239808553423057     
         175         187  0.96355003641565218     
         189         190   1.6487968791943906     
         190         191   1.1799506640270623     
          80         192   1.1736557695347303     
         191         192   1.2545178529307133     
         192         193   1.2545290713679267     
         193         194   1.1799474873263656     
         194         195   1.6488045713174868     
         195         196   1.1726179156089884     
         188         197  0.48908893895669442     
         193         197   1.2862489241094706     
         196         197   1.2455677518482979     
         196         198   1.3564816758566549     
         198         199   1.3555034768490768     
         199         200   1.1725717257333323     
         200         201   1.6490844290917246     
         201         202   1.1796416092293407     
         188         203  0.48895638385200624     
         199         203   1.2464350247125069     
         202         203   1.2852954550773439     
          81         204   1.1700822262137252     
         202         204   1.2562366582788409     
         204         205   1.2563141546280767     
         205         206   1.1796298349994370     
         206         207   1.6491076544565697     
         207         208   1.1725441755139170     
         188         209  0.48894234756908173     
         205         209   1.2852673718089047     
         208         209   1.2464669232289805     
         208         210   1.3555029983830289     
         189         211   1.1726407725903842     
         210         211   1.3564817219966190     
         188         212  0.48917541063834508     
         191         212   1.2862021617629875     
         211         212   1.2455325691356625     
         189         213  0.97239673092703038     
         190         214  0.96766956427819750     
         194         215  0.96757994712367135     
         195         216  0.97239953462602613     
         198         217  0.96357905555088241     
         200         218  0.97239721616357766     
         201         219  0.96839968025025880     
         206         220  0.96840679177037814     
         207         221  0.97239785745549079     
         210         222  0.96357773832881666     
