    0.19728417
   -0.05064351
   -0.04892411
    0.07819811
    0.01839612
    0.07818824
   -0.04890791
   -0.05064614
    0.07716957
   -0.17092295
   -0.04969849
    0.07839558
   -0.04959642
   -0.04978496
    0.07912511
   -0.16952511
   -0.05143768
    0.07911574
   -0.04978369
   -0.04960024
    0.07838746
   -0.16950580
   -0.04969987
    0.07715850
   -0.17089481
    0.03462863
    0.03553452
    0.03551756
    0.03463084
    0.04999579
    0.03516142
    0.03511358
    0.04926669
    0.03511422
    0.03516567
    0.04999897
    0.19732142
   -0.05065587
   -0.04890545
    0.07819335
    0.01841542
    0.07818053
   -0.04893058
   -0.05065840
    0.07715569
   -0.17088880
   -0.04969138
    0.07838633
   -0.04959342
   -0.04978776
    0.07912936
   -0.16950575
   -0.05145469
    0.07912625
   -0.04978638
   -0.04959429
    0.07838956
   -0.16951220
   -0.04969390
    0.07716053
   -0.17089680
    0.03463404
    0.03550998
    0.03550425
    0.03464101
    0.05001364
    0.03517474
    0.03512468
    0.04927892
    0.03512552
    0.03517541
    0.05001278
   -0.02821944
   -0.02804747
   -0.02806113
   -0.02806574
   -0.02807523
   -0.02806787
   -0.02806824
   -0.02807321
   -0.02806666
   -0.02805044
   -0.02803627
   -0.02822940
    0.19892804
   -0.05062935
   -0.04922391
    0.07852283
    0.01829117
    0.07855449
   -0.04919439
   -0.05062813
    0.07656197
   -0.17213108
   -0.04758987
    0.07648427
   -0.05069199
   -0.04927171
    0.07856457
   -0.17195639
    0.01842639
    0.07859233
   -0.04916377
   -0.05068537
    0.07650804
   -0.17201508
   -0.04760972
    0.07657860
   -0.17216624
    0.03421279
    0.03483141
    0.03477042
    0.03420748
    0.05032751
    0.03421461
    0.03494870
    0.03485093
    0.03420307
    0.05032462
    0.19951114
   -0.05066043
   -0.04920590
    0.07859663
    0.01837741
    0.07861276
   -0.04924345
   -0.05067184
    0.07638259
   -0.17199919
   -0.04741777
    0.07636265
   -0.05068462
   -0.04921695
    0.07863272
   -0.17196634
    0.01839702
    0.07861650
   -0.04927203
   -0.05068085
    0.07635835
   -0.17196017
   -0.04741833
    0.07638146
   -0.17198878
    0.03423356
    0.03479255
    0.03487821
    0.03422773
    0.05044711
    0.03422849
    0.03481288
    0.03489170
    0.03423085
    0.05044637
    0.19966070
   -0.05067217
   -0.04927651
    0.07861972
    0.01836502
    0.07861906
   -0.04922997
   -0.05067083
    0.07634312
   -0.17195555
   -0.04736574
    0.07633565
   -0.05068464
   -0.04923102
    0.07863655
   -0.17194812
    0.01837954
    0.07860848
   -0.04927801
   -0.05068072
    0.07633114
   -0.17193732
   -0.04734748
    0.07633787
   -0.17195103
    0.03424222
    0.03489038
    0.03480841
    0.03424288
    0.05047324
    0.03423618
    0.03480427
    0.03483794
    0.03424339
    0.05048132
    0.19952786
   -0.05069919
   -0.04923751
    0.07863812
    0.01841188
    0.07861973
   -0.04926314
   -0.05069449
    0.07633879
   -0.17193265
   -0.04740034
    0.07636126
   -0.05066939
   -0.04924197
    0.07861594
   -0.17196957
    0.01838596
    0.07862094
   -0.04921064
   -0.05067933
    0.07636898
   -0.17200384
   -0.04740910
    0.07635372
   -0.17197071
    0.03422092
    0.03482367
    0.03482391
    0.03423060
    0.05045524
    0.03423220
    0.03483234
    0.03478101
    0.03422605
    0.05045471
    0.19892407
   -0.05069782
   -0.04922688
    0.07858050
    0.01843157
    0.07858883
   -0.04922343
   -0.05070109
    0.07648084
   -0.17198028
   -0.04758114
    0.07655423
   -0.05063372
   -0.04921709
    0.07854226
   -0.17214167
    0.01829382
    0.07854534
   -0.04921730
   -0.05064330
    0.07655664
   -0.17213682
   -0.04759118
    0.07648551
   -0.17196787
    0.03420926
    0.03486851
    0.03488251
    0.03420075
    0.05033280
    0.03420527
    0.03476948
    0.03476527
    0.03420712
    0.05033441
