           2           3   1.6508746837287922     
           3           4   1.1740241417087101     
           4           5   1.2557219011252703     
           5           6   1.2558351713944573     
           6           7   1.1740440559900618     
           7           8   1.6509032494490041     
           8           9   1.1666143288655262     
           1          10  0.53356587788632004     
           6          10   1.2864094826720449     
           9          10   1.2501598528014104     
           9          11   1.3541415812686073     
          11          12   1.3524509211785949     
          12          13   1.1580099594187481     
          13          14   1.6658860350331188     
          14          15   1.1576384240789646     
           1          16  0.53525590405647705     
          12          16   1.2627567733500960     
          15          16   1.2651498151719038     
          15          17   1.3515195570271579     
          17          18   1.3515675270878773     
          18          19   1.1576277966906316     
          19          20   1.6659020213385503     
          20          21   1.1580069207523898     
           1          22  0.53542205599273052     
          18          22   1.2650865235050339     
          21          22   1.2627628128511412     
          21          23   1.3524328021956813     
           2          24   1.1666570782317693     
          23          24   1.3541727426596852     
           1          25  0.53352830582465305     
           4          25   1.2865687262438228     
          24          25   1.2500720107208685     
           2          26  0.97228146971423257     
           3          27  0.96840543707371485     
           7          28  0.96840153796159723     
           8          29  0.97228109433452659     
          11          30  0.96380408501841941     
          13          31  0.97219511954009086     
          14          32  0.97221626239517389     
          17          33  0.96419954256515139     
          19          34  0.97221530623536112     
          20          35  0.97219370555689610     
          23          36  0.96380703635428056     
          38          39   1.6507669633196216     
          39          40   1.1741362713208445     
          40          41   1.2556377359033577     
          41          42   1.2555472821351545     
          42          43   1.1741643998926365     
          43          44   1.6507407362088680     
          44          45   1.1667178409291357     
          37          46  0.53370979183384026     
          42          46   1.2864893874900061     
          45          46   1.2500739019720983     
          45          47   1.3541034953902662     
          47          48   1.3525150337337917     
          48          49   1.1580289067516216     
          49          50   1.6658830424930835     
          50          51   1.1576163727091833     
          37          52  0.53541254441472175     
          48          52   1.2626618901417230     
          51          52   1.2651703223681059     
          51          53   1.3515078049858773     
          53          54   1.3515556859075870     
          54          55   1.1576166481578489     
          55          56   1.6658990432195977     
          56          57   1.1580089170032115     
          37          58  0.53547897396197186     
          54          58   1.2651176017210899     
          57          58   1.2626777339071000     
          57          59   1.3525161070992922     
          38          60   1.1667002839865022     
          59          60   1.3540897128338014     
          37          61  0.53362079188604428     
          40          61   1.2864915280938327     
          60          61   1.2501096918391355     
          38          62  0.97228089999688305     
          39          63  0.96828069936816952     
          43          64  0.96817527831120520     
          44          65  0.97228004635522158     
          47          66  0.96380217787506994     
          49          67  0.97219191129560745     
          50          68  0.97221525722788538     
          53          69  0.96420027528290708     
          55          70  0.97221400424234294     
          56          71  0.97219146872018725     
          59          72  0.96380419431097941     
           5          73   1.1697521185561122     
          73          74   2.5761944455671184     
          75          76   2.5698263688311944     
          77          78   2.5683578283140496     
          79          80   2.5680903395516310     
          81          82   2.5695462239670497     
          41          84   1.1701814701708650     
          83          84   2.5758784768934051     
          86          87   1.6499923580944884     
          87          88   1.1745286535244466     
          74          89   1.1714828340041983     
          88          89   1.2534137568923756     
          89          90   1.2533505420143538     
          90          91   1.1744864887589943     
          91          92   1.6499584712458135     
          92          93   1.1674764459117863     
          85          94  0.52921107723453076     
          90          94   1.2890739845718167     
          93          94   1.2490229631334537     
          93          95   1.3537463455287180     
          95          96   1.3537941438278918     
          96          97   1.1679210032512353     
          97          98   1.6490932842576214     
          98          99   1.1753107672410892     
          85         100  0.52972419190843090     
          96         100   1.2484473897852750     
          99         100   1.2898163543605452     
          75         101   1.1763926344253919     
          99         101   1.2509671469481680     
         101         102   1.2513475970608878     
         102         103   1.1752748103721244     
         103         104   1.6491601682195720     
         104         105   1.1678432695267598     
          85         106  0.52944846991707895     
         102         106   1.2896542217439424     
         105         106   1.2486641471613118     
         105         107   1.3537189880966702     
          86         108   1.1674214124735267     
         107         108   1.3537559355454474     
          85         109  0.52944984291249797     
          88         109   1.2888493369850420     
         108         109   1.2490905134547035     
          86         110  0.97231784459209236     
          87         111  0.96852237355002690     
          91         112  0.96851084992606828     
          92         113  0.97231949866567025     
          95         114  0.96348599253848433     
          97         115  0.97231784119944709     
          98         116  0.96751292566530978     
         103         117  0.96758025258271008     
         104         118  0.97232094097177690     
         107         119  0.96348799827032972     
         121         122   1.6486608384983121     
         122         123   1.1756295048532892     
          76         124   1.1766724071103893     
         123         124   1.2508321908011744     
         124         125   1.2507911668147262     
         125         126   1.1756357031119176     
         126         127   1.6486324427919439     
         127         128   1.1682340042153345     
         120         129  0.53012640400434818     
         125         129   1.2896695180514093     
         128         129   1.2480732678795328     
         128         130   1.3537274708543732     
         130         131   1.3537953508691667     
         131         132   1.1683193723341525     
         132         133   1.6484519826205493     
         133         134   1.1757978930547901     
         120         135  0.53008248470107855     
         131         135   1.2479163740033903     
         134         135   1.2899557321556261     
          77         136   1.1780297732591232     
         134         136   1.2502302833823611     
         136         137   1.2501338305940974     
         137         138   1.1758159715785446     
         138         139   1.6484317613166743     
         139         140   1.1683385674475333     
         120         141  0.53014851123267992     
         137         141   1.2899575252210687     
         140         141   1.2478838114395487     
         140         142   1.3537959097350682     
         121         143   1.1682005940661864     
         142         143   1.3537292062964821     
         120         144  0.53010124881749499     
         123         144   1.2896478832697447     
         143         144   1.2481122812516370     
         121         145  0.97232002089671321     
         122         146  0.96760316584549766     
         126         147  0.96753451899540488     
         127         148  0.97232015450127962     
         130         149  0.96343408119617602     
         132         150  0.97232157997193591     
         133         151  0.96718526172187136     
         138         152  0.96721846952712065     
         139         153  0.97232051061601243     
         142         154  0.96343291698101496     
         156         157   1.6483044830695213     
         157         158   1.1758607168174482     
          78         159   1.1780503396956801     
         158         159   1.2500639654014500     
         159         160   1.2501611510218682     
         160         161   1.1758505869216811     
         161         162   1.6483440278154906     
         162         163   1.1684132973982402     
         155         164  0.53035583173233858     
         160         164   1.2899480519072895     
         163         164   1.2477616401057525     
         163         165   1.3537915379055505     
         165         166   1.3537665288498211     
         166         167   1.1684684384329671     
         167         168   1.6482505963446457     
         168         169   1.1759309273590910     
         155         170  0.53045497963517785     
         166         170   1.2477219907452377     
         169         170   1.2899596485111293     
          79         171   1.1784493806284730     
         169         171   1.2500507889434536     
         171         172   1.2498147853760406     
         172         173   1.1759364591688852     
         173         174   1.6482457282564109     
         174         175   1.1684814082894885     
         155         176  0.53034170500343569     
         172         176   1.2900758211449221     
         175         176   1.2476394991803081     
         175         177   1.3538145167654951     
         156         178   1.1684613081220860     
         177         178   1.3537849570224019     
         155         179  0.53041306743628525     
         158         179   1.2899872230785427     
         178         179   1.2476885268524427     
         156         180  0.97231846802003041     
         157         181  0.96721512468454096     
         161         182  0.96719090388559725     
         162         183  0.97232016678591227     
         165         184  0.96342712003037168     
         167         185  0.97231975905649393     
         168         186  0.96696712597063439     
         173         187  0.96695668323973738     
         174         188  0.97231921145609423     
         177         189  0.96342067612888282     
         191         192   1.6483308150564624     
         192         193   1.1759086150831821     
          80         194   1.1784403678723758     
         193         194   1.2500741682184653     
         194         195   1.2498966564592890     
         195         196   1.1759119739846786     
         196         197   1.6483237974701943     
         197         198   1.1683983134280436     
         190         199  0.53022814266492524     
         195         199   1.2900542028706856     
         198         199   1.2478116310739309     
         198         200   1.3537857720178188     
         200         201   1.3537671119958707     
         201         202   1.1682574184303760     
         202         203   1.6485944188765720     
         203         204   1.1756597702326479     
         190         205  0.53015391013029944     
         201         205   1.2479951434258971     
         204         205   1.2897922884148569     
          81         206   1.1770123788693274     
         204         206   1.2506184588009182     
         206         207   1.2506599414191695     
         207         208   1.1756925954696840     
         208         209   1.6485960570380542     
         209         210   1.1682229420723700     
         190         211  0.53009588535521790     
         207         211   1.2897393650482840     
         210         211   1.2480602348415082     
         210         212   1.3537695608239702     
         191         213   1.1683713538693437     
         212         213   1.3537293493418185     
         190         214  0.53009580287746849     
         193         214   1.2899598963227994     
         213         214   1.2479395440753946     
         191         215  0.97232191616070307     
         192         216  0.96696028234012943     
         196         217  0.96696241455122711     
         197         218  0.97232116869517171     
         200         219  0.96342644264564936     
         202         220  0.97232058285370226     
         203         221  0.96742983504235391     
         208         222  0.96737279780656471     
         209         223  0.97232114556140459     
         212         224  0.96343086847710202     
         226         227   1.6490926326066759     
         227         228   1.1753052780207254     
          82         229   1.1767340479481014     
         228         229   1.2509527652904293     
         229         230   1.2510272781426102     
         230         231   1.1753790732850975     
         231         232   1.6490326428393760     
         232         233   1.1679233178074153     
         225         234  0.52959381633805147     
         230         234   1.2897809421988544     
         233         234   1.2485419975283734     
         233         235   1.3537348868409043     
         235         236   1.3537894990452521     
         236         237   1.1674872864334431     
         237         238   1.6499056227589421     
         238         239   1.1745637638825173     
         225         240  0.52924601702427920     
         236         240   1.2489835866344394     
         239         240   1.2891210492237086     
          83         241   1.1719051576539319     
         239         241   1.2531359229787398     
         241         242   1.2532307182509275     
         242         243   1.1745639762676761     
         243         244   1.6499133951185803     
         244         245   1.1674704455112848     
         225         246  0.52935306100305068     
         242         246   1.2890158647723289     
         245         246   1.2490504847470700     
         245         247   1.3537449050223751     
         226         248   1.1679051282859061     
         247         248   1.3537916246588055     
         225         249  0.52948352844931679     
         228         249   1.2898907973493767     
         248         249   1.2485028828611620     
         226         250  0.97231880702944884     
         227         251  0.96734164184635907     
         231         252  0.96740761346330473     
         232         253  0.97231936402568864     
         235         254  0.96348543926588892     
         237         255  0.97231903860591640     
         238         256  0.96839758917253282     
         243         257  0.96828759501880712     
         244         258  0.97231764394603726     
         247         259  0.96348670456867980     
