    0.10367422
   -0.05302370
   -0.05136074
    0.07261975
    0.01743717
    0.07261962
   -0.05134390
   -0.05303317
    0.07181588
   -0.13118973
   -0.04993665
    0.07291977
   -0.05211579
   -0.05221051
    0.07323186
   -0.12964136
   -0.05166223
    0.07322475
   -0.05220740
   -0.05212107
    0.07292406
   -0.12964470
   -0.04993182
    0.07180288
   -0.13117843
    0.03428446
    0.03628086
    0.03630827
    0.03427566
    0.04989420
    0.03477551
    0.03467627
    0.04927536
    0.03467670
    0.03477231
    0.04989587
    0.10369833
   -0.05302938
   -0.05138376
    0.07259061
    0.01742497
    0.07262602
   -0.05132712
   -0.05303025
    0.07183213
   -0.13124678
   -0.04997476
    0.07292009
   -0.05211654
   -0.05220825
    0.07323721
   -0.12965258
   -0.05169856
    0.07323435
   -0.05220744
   -0.05211720
    0.07293412
   -0.12966354
   -0.04998198
    0.07183570
   -0.13119887
    0.03429358
    0.03633647
    0.03631194
    0.03426908
    0.04987714
    0.03476768
    0.03467126
    0.04926292
    0.03467127
    0.03476938
    0.04988857
   -0.02118311
   -0.00970844
   -0.00949354
   -0.02135911
   -0.02113199
   -0.00951922
   -0.00946418
   -0.02116935
   -0.02112314
   -0.00945506
   -0.00945801
   -0.02111995
   -0.02118364
   -0.00946196
   -0.00953146
   -0.02113569
   -0.02133617
   -0.00947216
   -0.00970261
   -0.02114476
    0.10316912
   -0.05296398
   -0.05145612
    0.07291292
    0.01747916
    0.07293313
   -0.05141867
   -0.05296525
    0.07166884
   -0.13201278
   -0.04795627
    0.07163915
   -0.05295419
   -0.05144606
    0.07293061
   -0.13189639
    0.01740495
    0.07292729
   -0.05146796
   -0.05295621
    0.07163616
   -0.13189070
   -0.04794871
    0.07166106
   -0.13197929
    0.03411779
    0.03599468
    0.03601393
    0.03410441
    0.05028502
    0.03413653
    0.03601175
    0.03602546
    0.03414265
    0.05029486
    0.10310841
   -0.05295041
   -0.05143509
    0.07294747
    0.01746410
    0.07292851
   -0.05146977
   -0.05294807
    0.07164454
   -0.13189565
   -0.04787390
    0.07165266
   -0.05295186
   -0.05142401
    0.07295297
   -0.13192441
    0.01745503
    0.07291849
   -0.05147960
   -0.05294784
    0.07164735
   -0.13189739
   -0.04786984
    0.07164819
   -0.13192630
    0.03414240
    0.03600298
    0.03602075
    0.03415410
    0.05034122
    0.03414556
    0.03599969
    0.03602198
    0.03416042
    0.05034338
    0.10312681
   -0.05295245
   -0.05142759
    0.07295595
    0.01744926
    0.07291736
   -0.05147514
   -0.05294509
    0.07164898
   -0.13190206
   -0.04787559
    0.07165030
   -0.05295269
   -0.05142944
    0.07294906
   -0.13192938
    0.01746929
    0.07291945
   -0.05146847
   -0.05294959
    0.07164618
   -0.13189662
   -0.04787570
    0.07165111
   -0.13193177
    0.03414561
    0.03599915
    0.03602135
    0.03416027
    0.05034140
    0.03414119
    0.03600642
    0.03602091
    0.03415480
    0.05034048
    0.10319573
   -0.05295441
   -0.05143599
    0.07293835
    0.01738845
    0.07292971
   -0.05146859
   -0.05295097
    0.07164111
   -0.13192091
   -0.04797715
    0.07167855
   -0.05296474
   -0.05143052
    0.07289865
   -0.13198541
    0.01748146
    0.07290494
   -0.05144239
   -0.05296238
    0.07168462
   -0.13199681
   -0.04798698
    0.07164800
   -0.13193627
    0.03413559
    0.03600607
    0.03602679
    0.03413991
    0.05028455
    0.03411869
    0.03603068
    0.03604991
    0.03412016
    0.05027845
