           2           3   1.6416936725321691     
           3           4   1.1831801989554760     
           4           5   1.2574040446231312     
           5           6   1.2576246948013192     
           6           7   1.1831908908884010     
           7           8   1.6416644999352297     
           8           9   1.1742148793483094     
           1          10  0.72207024434345890     
           6          10   1.2611556604080867     
           9          10   1.2276525695639835     
           9          11   1.3592115140123475     
          11          12   1.3585122450245020     
          12          13   1.1657621002841445     
          13          14   1.6572341103329089     
          14          15   1.1652163479487008     
           1          16  0.72386637308384449     
          12          16   1.2386788660532666     
          15          16   1.2418106243789799     
          15          17   1.3574889464690236     
          17          18   1.3576440118067277     
          18          19   1.1652270937222287     
          19          20   1.6571995755930393     
          20          21   1.1658061994301023     
           1          22  0.72386068574068962     
          18          22   1.2416347832787695     
          21          22   1.2388570483017949     
          21          23   1.3583024748370982     
           2          24   1.1741898641324082     
          23          24   1.3594322652009705     
           1          25  0.72205902676136458     
           4          25   1.2613850982436414     
          24          25   1.2274384124652729     
           2          26  0.97197934120400520     
           3          27  0.97020516563079429     
           7          28  0.97020430173818706     
           8          29  0.97198133270498055     
          11          30  0.96326373687430711     
          13          31  0.97188299155567126     
          14          32  0.97190994308359813     
          17          33  0.96355990122370216     
          19          34  0.97190872831865027     
          20          35  0.97188517262744056     
          23          36  0.96326356844974237     
          38          39   1.6418255285655960     
          39          40   1.1830523136762761     
          40          41   1.2578086757407130     
          41          42   1.2580630389794851     
          42          43   1.1831213296583751     
          43          44   1.6417645063364570     
          44          45   1.1741659373712101     
          37          46  0.72204357822271870     
          42          46   1.2610578013335181     
          45          46   1.2277000328043282     
          45          47   1.3592646436497990     
          47          48   1.3585460779738088     
          48          49   1.1657889423061614     
          49          50   1.6572592425702624     
          50          51   1.1651876819512665     
          37          52  0.72393649925555970     
          48          52   1.2386856727511815     
          51          52   1.2417585655868235     
          51          53   1.3575819551043866     
          53          54   1.3576594781441214     
          54          55   1.1651613250755444     
          55          56   1.6573375919730171     
          56          57   1.1656915837668285     
          37          58  0.72381178285807757     
          54          58   1.2417443493534199     
          57          58   1.2387888260394440     
          57          59   1.3585416895690616     
          38          60   1.1741568686435648     
          59          60   1.3592725549016824     
          37          61  0.72206189843965551     
          40          61   1.2610693955075156     
          60          61   1.2276816655319844     
          38          62  0.97197875481441898     
          39          63  0.97018491052220590     
          43          64  0.97019877897095297     
          44          65  0.97198162767828822     
          47          66  0.96326137116708355     
          49          67  0.97188201573991251     
          50          68  0.97191048012065606     
          53          69  0.96355826717180626     
          55          70  0.97190882955739899     
          56          71  0.97188349835476162     
          59          72  0.96326047126796754     
           5          73   1.1779547208955823     
          73          74   2.4779642215879050     
          74          75   1.3003285842902061     
          73          76  0.20386076879160803     
          75          76   2.4764901896087359     
          77          78   2.4742552866586149     
          78          79   1.3021301705270969     
          77          80  0.20342889933497532     
          79          80   2.4741790393451311     
          81          82   2.4741368000348944     
          82          83   1.3021509741999369     
          81          84  0.20336853917646186     
          83          84   2.4741390134494972     
          85          86   2.4742348993022869     
          86          87   1.3020917121028752     
          85          88  0.20343534635086785     
          87          88   2.4743343388692511     
          89          90   2.4771328880981689     
          90          91   1.2996220204929740     
          41          92   1.1771610836582926     
          89          92  0.20370783471404735     
          91          92   2.4786349047391725     
          94          95   1.6409775673017029     
          95          96   1.1833580883874293     
          76          97   1.1798828541579689     
          96          97   1.2552833127819663     
          97          98   1.2555633497655365     
          98          99   1.1833607110435307     
          99         100   1.6409675601272726     
         100         101   1.1749513449442697     
          93         102  0.71803329107133940     
          98         102   1.2641076035620129     
         101         102   1.2263512526828662     
         101         103   1.3590580404901558     
         103         104   1.3590552143513137     
         104         105   1.1750815289603591     
         105         106   1.6406724648306437     
         106         107   1.1836479306469398     
          93         108  0.71835259225962511     
         104         108   1.2261881266831558     
         107         108   1.2641827028173585     
          77         109   1.1809578115629691     
         107         109   1.2549202106166770     
         109         110   1.2547965892969812     
         110         111   1.1836454634711444     
         111         112   1.6406718923151207     
         112         113   1.1750861732005515     
          93         114  0.71829300007540942     
         110         114   1.2642436212853667     
         113         114   1.2261684119928038     
         113         115   1.3590630482601880     
          94         116   1.1749565724218398     
         115         116   1.3590838615843479     
          93         117  0.71799255838038523     
          96         117   1.2641978612193789     
         116         117   1.2263025271561703     
          94         118  0.97198338466156065     
          95         119  0.97022970904695038     
          99         120  0.97023301850489807     
         100         121  0.97198490023050199     
         103         122  0.96300430500299306     
         105         123  0.97198103119623069     
         106         124  0.97023596559467806     
         111         125  0.97023153506505166     
         112         126  0.97198098158852730     
         115         127  0.96300081518690173     
         129         130   1.6406985750867202     
         130         131   1.1836254188473063     
          80         132   1.1810688859333005     
         131         132   1.2548677622326410     
         132         133   1.2546826377628366     
         133         134   1.1836254981835079     
         134         135   1.6407153425674623     
         135         136   1.1750520967061613     
         128         137  0.71805991757425514     
         133         137   1.2643969786335134     
         136         137   1.2261646188346074     
         136         138   1.3590799635042226     
         138         139   1.3589660415787799     
         139         140   1.1750721225150644     
         140         141   1.6406658562114773     
         141         142   1.1836582632972723     
         128         143  0.71801297510438455     
         139         143   1.2262833249525402     
         142         143   1.2643143306956584     
          81         144   1.1810743820173166     
         142         144   1.2549032051396030     
         144         145   1.2545996917945812     
         145         146   1.1836640218991215     
         146         147   1.6406809901311499     
         147         148   1.1750733920061054     
         128         149  0.71798479496035006     
         145         149   1.2644055653943269     
         148         149   1.2262083506270107     
         148         150   1.3590238118740163     
         129         151   1.1750585935339142     
         150         151   1.3590240213571838     
         128         152  0.71800998084105594     
         131         152   1.2643607713231624     
         151         152   1.2262337079628991     
         129         153  0.97198276490833579     
         130         154  0.97023790153401757     
         134         155  0.97023380911532642     
         135         156  0.97198203243467352     
         138         157  0.96299288941474859     
         140         158  0.97198176434227679     
         141         159  0.97023558047200054     
         146         160  0.97023925520651688     
         147         161  0.97198119687848772     
         150         162  0.96299222643163995     
         164         165   1.6406657496368293     
         165         166   1.1836545517611612     
          84         167   1.1810691066989063     
         166         167   1.2548767794582378     
         167         168   1.2546337955866249     
         168         169   1.1836589737006316     
         169         170   1.6406959569617519     
         170         171   1.1750572133658823     
         163         172  0.71799641204446707     
         168         172   1.2643757702859315     
         171         172   1.2262183729205116     
         171         173   1.3590335419548465     
         173         174   1.3590120733804749     
         174         175   1.1750625700150159     
         175         176   1.6406931378532903     
         176         177   1.1836311600571887     
         163         178  0.71803680011937576     
         174         178   1.2262400114884699     
         177         178   1.2643330083084312     
          85         179   1.1810416189099000     
         177         179   1.2549027357586793     
         179         180   1.2546824585187875     
         180         181   1.1836286770037157     
         181         182   1.6407185812071381     
         182         183   1.1750511467096318     
         163         184  0.71805624805339630     
         180         184   1.2643773524538056     
         183         184   1.2261878709269913     
         183         185   1.3590571385888346     
         164         186   1.1750759478945030     
         185         186   1.3589901022060615     
         163         187  0.71800274584448198     
         166         187   1.2643460664335926     
         186         187   1.2262567180076716     
         164         188  0.97198258594621112     
         165         189  0.97023489086382797     
         169         190  0.97023999690347451     
         170         191  0.97198026947536931     
         173         192  0.96299167737515934     
         175         193  0.97198305309083788     
         176         194  0.97023593611629944     
         181         195  0.97023626656487238     
         182         196  0.97198175251553343     
         185         197  0.96299234085781393     
         199         200   1.6407285602075043     
         200         201   1.1836004857186504     
          88         202   1.1809032416394105     
         201         202   1.2549717105525766     
         202         203   1.2548273930736684     
         203         204   1.1836039928786415     
         204         205   1.6407299677040259     
         205         206   1.1750529749779619     
         198         207  0.71825876053011473     
         203         207   1.2642487666550135     
         206         207   1.2261556796170145     
         206         208   1.3591345469961709     
         208         209   1.3590038841562218     
         209         210   1.1749382063133340     
         210         211   1.6410379003069955     
         211         212   1.1832964670626467     
         198         213  0.71818372062781022     
         209         213   1.2263871482907232     
         212         213   1.2639274053699094     
          89         214   1.1791499152244358     
         212         214   1.2557453060221853     
         214         215   1.2558264166261262     
         215         216   1.1832700667616218     
         216         217   1.6410725207431658     
         217         218   1.1749041254655475     
         198         219  0.71817177725641990     
         215         219   1.2638718042865840     
         218         219   1.2264061601299654     
         218         220   1.3590266171033722     
         199         221   1.1750486790457979     
         220         221   1.3591049598924596     
         198         222  0.71827862175100776     
         201         222   1.2641937201153564     
         221         222   1.2261959558361830     
         199         223  0.97198145851646645     
         200         224  0.97023544811075524     
         204         225  0.97023479515473676     
         205         226  0.97198114305308803     
         208         227  0.96300222757395937     
         210         228  0.97198191946364243     
         211         229  0.97022529314423733     
         216         230  0.97022057561387665     
         217         231  0.97198258542462213     
         220         232  0.96300346371020373     
