    0.24458440
   -0.05201031
   -0.05039536
    0.07722338
    0.01701418
    0.07726224
   -0.05032489
   -0.05201744
    0.07559897
   -0.17682886
   -0.04979246
    0.07686295
   -0.05103410
   -0.05118489
    0.07738868
   -0.17477534
   -0.05158377
    0.07739399
   -0.05118605
   -0.05103253
    0.07685988
   -0.17481229
   -0.04977790
    0.07558696
   -0.17675205
    0.03364123
    0.03540500
    0.03543857
    0.03360956
    0.04914674
    0.03421302
    0.03413341
    0.04849466
    0.03412705
    0.03420964
    0.04915801
    0.24456769
   -0.05200454
   -0.05039287
    0.07719657
    0.01700265
    0.07725509
   -0.05033790
   -0.05201619
    0.07562421
   -0.17685095
   -0.04982800
    0.07687079
   -0.05103776
   -0.05118491
    0.07738588
   -0.17479487
   -0.05159571
    0.07738605
   -0.05118679
   -0.05103349
    0.07686489
   -0.17480161
   -0.04982077
    0.07561347
   -0.17679402
    0.03364889
    0.03546213
    0.03548457
    0.03362447
    0.04913529
    0.03420749
    0.03412758
    0.04848623
    0.03412489
    0.03420788
    0.04914113
   -0.02057364
   -0.01000515
   -0.00952219
   -0.02112169
   -0.02107121
   -0.00947264
   -0.00998090
   -0.02049704
    0.24627347
   -0.05185677
   -0.05042445
    0.07742374
    0.01719187
    0.07746942
   -0.05037993
   -0.05185857
    0.07511576
   -0.17699700
   -0.04779151
    0.07512949
   -0.05184773
   -0.05043266
    0.07740610
   -0.17694703
    0.01719031
    0.07745447
   -0.05037941
   -0.05184612
    0.07513392
   -0.17701895
   -0.04778611
    0.07510888
   -0.17692878
    0.03369922
    0.03542492
    0.03548537
    0.03368826
    0.04976888
    0.03371657
    0.03550546
    0.03551105
    0.03368998
    0.04977059
