           2           3   1.6504653702014687     
           3           4   1.1792748233967907     
           4           5   1.2516057196042816     
           5           6   1.2520454941731902     
           6           7   1.1793304590185956     
           7           8   1.6504361751053460     
           8           9   1.1710404512825607     
           1          10  0.48895853666645961     
           6          10   1.2859948695049492     
           9          10   1.2469416816126793     
           9          11   1.3574926664556153     
          11          12   1.3539842811355978     
          12          13   1.1627418832349523     
          13          14   1.6656853002388272     
          14          15   1.1619993693322292     
           1          16  0.49145490812929443     
          12          16   1.2608943383684976     
          15          16   1.2632352987022353     
          15          17   1.3541105568732896     
          17          18   1.3540179039675619     
          18          19   1.1619675063438193     
          19          20   1.6657025629928557     
          20          21   1.1627338872861963     
           1          22  0.49126939983679352     
          18          22   1.2633547363358257     
          21          22   1.2608942552343598     
          21          23   1.3539933756241127     
           2          24   1.1710942228656438     
          23          24   1.3575155611921874     
           1          25  0.48896356976885436     
           4          25   1.2861385568694499     
          24          25   1.2468138625377660     
           2          26  0.97242674076456403     
           3          27  0.97097177096522180     
           7          28  0.97098260466613706     
           8          29  0.97243004647255005     
          11          30  0.96392104718835747     
          13          31  0.97234056778896227     
          14          32  0.97236065802728511     
          17          33  0.96425329872612286     
          19          34  0.97236275025979668     
          20          35  0.97233920184424982     
          23          36  0.96391879087891441     
          38          39   1.6506847220619574     
          39          40   1.1790883796035496     
          40          41   1.2522222862627965     
          41          42   1.2525171253316045     
          42          43   1.1791885325334650     
          43          44   1.6506068204549158     
          44          45   1.1709543905281605     
          37          46  0.48898474960673238     
          42          46   1.2857408170493640     
          45          46   1.2470590050241193     
          45          47   1.3574774808550116     
          47          48   1.3540182923202293     
          48          49   1.1627051787420450     
          49          50   1.6657174749624706     
          50          51   1.1619968945022154     
          37          52  0.49143798216563434     
          48          52   1.2609353189916908     
          51          52   1.2632063464317118     
          51          53   1.3541484601290672     
          53          54   1.3540642739780462     
          54          55   1.1619863392583161     
          55          56   1.6657055491589141     
          56          57   1.1627324113384756     
          37          58  0.49139787288759951     
          54          58   1.2632895262696771     
          57          58   1.2608876851286521     
          57          59   1.3540450038740202     
          38          60   1.1709749710897011     
          59          60   1.3574350454047543     
          37          61  0.48891913629217515     
          40          61   1.2858569652054292     
          60          61   1.2470423621289495     
          38          62  0.97242743027428957     
          39          63  0.97097281882977271     
          43          64  0.97096334210965096     
          44          65  0.97242884003595020     
          47          66  0.96392215335636378     
          49          67  0.97234180367421530     
          50          68  0.97236047231291589     
          53          69  0.96425071329356449     
          55          70  0.97236190981213599     
          56          71  0.97234028698045050     
          59          72  0.96392395080302251     
           5          73   1.1844564259047141     
          73          74   2.4704049299595785     
          74          75   1.3048981161811719     
          73          76  0.20289138508119750     
          75          76   2.4689230908024959     
          77          78   2.4698830600527515     
          78          79   1.3037920908066669     
          41          80   1.1832816150229590     
          77          80  0.20262498796185430     
          79          80   2.4713902402579317     
          82          83   1.6481080102822978     
          83          84   1.1808556002159405     
          76          85   1.1865231719671081     
          84          85   1.2494251888654970     
          85          86   1.2498808457699087     
          86          87   1.1806852195521742     
          87          88   1.6482120420249913     
          88          89   1.1730408655085789     
          81          90  0.48883606810049290     
          86          90   1.2872192821929980     
          89          90   1.2448962286789835     
          89          91   1.3562745210256466     
          91          92   1.3561251616149526     
          92          93   1.1730138083891486     
          93          94   1.6482831166565495     
          94          95   1.1806666949446520     
          81          96  0.48888683062884597     
          92          96   1.2450207549397048     
          95          96   1.2869666540567972     
          77          97   1.1853941742940954     
          95          97   1.2499455202619267     
          97          98   1.2503436085918596     
          98          99   1.1806005419606334     
          99         100   1.6483103662610676     
         100         101   1.1729897626766712     
          81         102  0.48883110178650507     
          98         102   1.2869545314641124     
         101         102   1.2450239509959400     
         101         103   1.3561923557827000     
          82         104   1.1730789795403695     
         103         104   1.3562191202425309     
          81         105  0.48890252034913773     
          84         105   1.2872011531269811     
         104         105   1.2448806633547156     
          82         106  0.97242136079690666     
          83         107  0.97098490419750227     
          87         108  0.97098783680623801     
          88         109  0.97242222607351403     
          91         110  0.96359739544260059     
          93         111  0.97241889142968629     
          94         112  0.97097003408637683     
          99         113  0.97097929606995004     
         100         114  0.97241633720625620     
         103         115  0.96359381729312521     
