    0.56101604
   -0.05430459
   -0.05430392
    0.07018194
    0.01035959
    0.07022850
   -0.05427040
   -0.05431014
    0.06423949
   -0.21431613
   -0.06037163
    0.06543437
   -0.05347088
   -0.05517083
    0.07034927
   -0.21273733
   -0.05913940
    0.07033759
   -0.05517424
   -0.05346829
    0.06540702
   -0.21266938
   -0.06037066
    0.06420315
   -0.21428111
    0.03023030
    0.03270911
    0.03274728
    0.03019805
    0.04923679
    0.03060682
    0.03091189
    0.04725525
    0.03092110
    0.03061667
    0.04924605
    0.56098661
   -0.05430766
   -0.05430860
    0.07016331
    0.01035439
    0.07021144
   -0.05426273
   -0.05429731
    0.06425135
   -0.21433707
   -0.06039963
    0.06542955
   -0.05347324
   -0.05517312
    0.07034113
   -0.21271025
   -0.05914239
    0.07033575
   -0.05517269
   -0.05347108
    0.06541905
   -0.21267929
   -0.06039389
    0.06422484
   -0.21428348
    0.03024559
    0.03275173
    0.03275866
    0.03019770
    0.04922998
    0.03060881
    0.03091475
    0.04725320
    0.03091865
    0.03061453
    0.04923839
   -0.02260963
   -0.01128733
   -0.01112434
   -0.02279119
   -0.02272684
   -0.01108324
   -0.01125397
   -0.02254513
    0.56415348
   -0.05424671
   -0.05437792
    0.07050429
    0.01028158
    0.07054371
   -0.05432803
   -0.05426357
    0.06400135
   -0.21548632
   -0.05873440
    0.06401584
   -0.05424102
   -0.05436135
    0.07050470
   -0.21548995
    0.01027788
    0.07052568
   -0.05434846
   -0.05425893
    0.06399772
   -0.21547830
   -0.05873255
    0.06398764
   -0.21544214
    0.03016314
    0.03253240
    0.03255954
    0.03013090
    0.04972822
    0.03015657
    0.03255467
    0.03259374
    0.03015096
    0.04973297
