           2           3   1.6441418459418995     
           3           4   1.1821852679122138     
           4           5   1.2564594547916434     
           5           6   1.2568986263997852     
           6           7   1.1821801689127245     
           7           8   1.6441282328149716     
           8           9   1.1710415930890177     
           1          10  0.65642651394002494     
           6          10   1.2572842692946424     
           9          10   1.2166631592201183     
           9          11   1.3612324820921062     
          11          12   1.3608429399861519     
          12          13   1.1628734156428320     
          13          14   1.6597054412626480     
          14          15   1.1640105971815136     
           1          16  0.65942943414851385     
          12          16   1.2266574796567467     
          15          16   1.2387433753673274     
          15          17   1.3578398374761869     
          17          18   1.3578876142530634     
          18          19   1.1640040351255816     
          19          20   1.6597056811371700     
          20          21   1.1628862970198506     
           1          22  0.65990613627728700     
          18          22   1.2386273597079982     
          21          22   1.2265103045315993     
          21          23   1.3608755469382376     
           2          24   1.1710557898452456     
          23          24   1.3612272899619933     
           1          25  0.65643361372690356     
           4          25   1.2574071078156850     
          24          25   1.2165679377843728     
           2          26  0.97225824206515954     
           3          27  0.97123022015365990     
           7          28  0.97122175450449733     
           8          29  0.97225942779029850     
          11          30  0.96297384536160824     
          13          31  0.97215559691058595     
          14          32  0.97242249573201778     
          17          33  0.96494133603227006     
          19          34  0.97242053876906431     
          20          35  0.97215260328826669     
          23          36  0.96297306604878830     
          38          39   1.6443829131414955     
          39          40   1.1819318898659759     
          40          41   1.2568713528305255     
          41          42   1.2573337659029338     
          42          43   1.1820758611663829     
          43          44   1.6442876504596504     
          44          45   1.1709312091473161     
          37          46  0.65653147429748959     
          42          46   1.2570026442459228     
          45          46   1.2167432677838252     
          45          47   1.3612520537420276     
          47          48   1.3608408725776053     
          48          49   1.1629000192079961     
          49          50   1.6596711427517656     
          50          51   1.1640473034900092     
          37          52  0.65968549425404777     
          48          52   1.2266034948815854     
          51          52   1.2386531182220739     
          51          53   1.3578585013974069     
          53          54   1.3579294022835784     
          54          55   1.1639931258198577     
          55          56   1.6597410218968294     
          56          57   1.1628471065703152     
          37          58  0.65982081228698353     
          54          58   1.2386149172349903     
          57          58   1.2265776684596226     
          57          59   1.3608883448645652     
          38          60   1.1709583512886110     
          59          60   1.3612305603860295     
          37          61  0.65638251264143821     
          40          61   1.2573277243433292     
          60          61   1.2166669838335282     
          38          62  0.97226069500011425     
          39          63  0.97122286889004283     
          43          64  0.97121242765330340     
          44          65  0.97225285332685440     
          47          66  0.96297446247696794     
          49          67  0.97215558154249204     
          50          68  0.97242237319356739     
          53          69  0.96493965032976803     
          55          70  0.97242023895578222     
          56          71  0.97215400875117419     
          59          72  0.96297626803201963     
           5          73   1.1823152963958834     
          73          74   2.4760773647958843     
          74          75   1.3011490597323823     
          73          76  0.20352017462153349     
          75          76   2.4745970119710208     
          77          78   2.4752776361263766     
          78          79   1.3003308790587409     
          41          80   1.1814416359317190     
          77          80  0.20330146880625244     
          79          80   2.4767758842953516     
          82          83   1.6433567126733535     
          83          84   1.1824271513968356     
          76          85   1.1843197583251373     
          84          85   1.2540751441855251     
          85          86   1.2545707456493376     
          86          87   1.1825234953720500     
          87          88   1.6431867641131848     
          88          89   1.1720410224647093     
          81          90  0.65190012504510109     
          86          90   1.2599215138437689     
          89          90   1.2153561509738697     
          89          91   1.3606937254219507     
          91          92   1.3609171118499019     
          92          93   1.1718254727074127     
          93          94   1.6434932679032004     
          94          95   1.1823065400972745     
          81          96  0.65167205917129312     
          92          96   1.2153534251027596     
          95          96   1.2599581274519847     
          77          97   1.1834847614145267     
          95          97   1.2545199765343615     
          97          98   1.2548529072086116     
          98          99   1.1823221812096067     
          99         100   1.6433799490932945     
         100         101   1.1719628278410019     
          81         102  0.65191018842898196     
          98         102   1.2598456730242769     
         101         102   1.2153756326086651     
         101         103   1.3606981257575272     
          82         104   1.1718984003947486     
         103         104   1.3609521818821053     
          81         105  0.65180866590395858     
          84         105   1.2601178698840483     
         104         105   1.2152062002973758     
          82         106  0.97225245578069586     
          83         107  0.97125028330799534     
          87         108  0.97126713653182661     
          88         109  0.97225916840504389     
          91         110  0.96273180847045314     
          93         111  0.97225002107691638     
          94         112  0.97123989023900736     
          99         113  0.97126465474334667     
         100         114  0.97225874787878019     
         103         115  0.96272778169533468     
