   -0.05497204
   -0.05346480
    0.08613910
    0.01291117
    0.06378672
   -0.04944772
   -0.05189122
    0.06442906
   -0.08109857
   -0.05529099
    0.08675080
   -0.05382034
   -0.05386474
    0.08636442
   -0.32109861
   -0.05701134
    0.06492701
   -0.05117848
   -0.05097827
    0.06554264
   -0.08120397
   -0.05524795
    0.08531335
   -0.32421197
    0.01844240
    0.01938790
    0.04309225
    0.04146054
    0.21416108
    0.04682141
    0.01926873
    0.01929644
    0.04588247
    0.04169818
    0.04162578
    0.21439813
    0.04679369
   -0.05504651
   -0.05341926
    0.08611898
    0.01297366
    0.06376585
   -0.04949812
   -0.05197797
    0.06438530
   -0.08106462
   -0.05514360
    0.08675581
   -0.05381971
   -0.05386152
    0.08632842
   -0.32095935
   -0.05697916
    0.06488846
   -0.05118397
   -0.05098403
    0.06556116
   -0.08126239
   -0.05516982
    0.08524397
   -0.32413855
    0.01837577
    0.01910100
    0.04297724
    0.04142175
    0.21416093
    0.04689498
    0.01928783
    0.01931860
    0.04588235
    0.04170001
    0.04161474
    0.21448367
    0.04684517
   -0.02984730
   -0.03062543
   -0.03067646
   -0.02997677
   -0.05477134
   -0.05328820
    0.08587268
    0.01304045
    0.06326408
   -0.04976418
   -0.05193469
    0.06416163
   -0.08165259
   -0.05333137
    0.08501093
   -0.05486342
   -0.05335713
    0.08588400
   -0.32344409
    0.01304892
    0.06332665
   -0.04971570
   -0.05200413
    0.06409448
   -0.08159599
   -0.05328841
    0.08509225
   -0.32340601
    0.01856543
    0.01922655
    0.04288991
    0.04119918
    0.21465463
    0.04752094
    0.01850408
    0.01903325
    0.04262867
    0.04116185
    0.21454952
    0.04752382
