           1           2   1.7164637173625277     
           2           3   1.1214147389713200     
           3           4   1.2499258022123376     
           4           5   1.2543964797306961     
           5           6   1.2358462504572512     
           6           7   1.5935961586099263     
           7           8   1.2232085157656856     
           5           9   1.2243697350083955     
           8           9   1.2031045247442331     
           8          10   1.3440736649012646     
          10          11   1.3574435571493240     
          11          12   1.1067257470721386     
          12          13   1.7309372203357949     
          13          14   1.1088952164994821     
          11          15   1.3239600540186340     
          14          15   1.3253501125228331     
          14          16   1.3536786599448551     
          16          17   1.3466710519009293     
          17          18   1.2155689683785980     
          18          19   1.6083923856558706     
          19          20   1.2148328092280762     
          17          21   1.2098670388672528     
          20          21   1.2108821673960644     
          20          22   1.3430307456351216     
           1          23   1.1150638474558994     
          22          23   1.3649020496435842     
           3          24   1.3592765371029658     
          23          24   1.3011979853571012     
           1          25  0.97278068404941043     
           2          26  0.96977228447114872     
           6          27  0.97005312855420367     
           7          28  0.97291432410775436     
           9          29  0.89981785744854126     
          10          30  0.96370121972921718     
          12          31  0.97274683040526921     
          13          32  0.97280203783258246     
          16          33  0.96478197151320622     
          18          34  0.97291343337922520     
          19          35  0.97284316651074743     
          21          36  0.90015436009376348     
          22          37  0.96356773680022845     
          38          39   1.7158425462428850     
          39          40   1.1220671116733612     
          40          41   1.2478016775849654     
          41          42   1.2521905083787752     
          42          43   1.2368546833616647     
          43          44   1.5926619223442753     
          44          45   1.2236393440770144     
          42          46   1.2250612164633532     
          45          46   1.2029904412039121     
          45          47   1.3437255299015385     
          47          48   1.3576707494000206     
          48          49   1.1066801866428260     
          49          50   1.7308772812422388     
          50          51   1.1090310033850992     
          48          52   1.3238034927791200     
          51          52   1.3253314049162384     
          51          53   1.3535700584094181     
          53          54   1.3465447234329604     
          54          55   1.2156960433766744     
          55          56   1.6082467739687916     
          56          57   1.2148594227847165     
          54          58   1.2098708509927532     
          57          58   1.2110272409387921     
          57          59   1.3426616969683143     
          38          60   1.1152457328577186     
          59          60   1.3654098992119994     
          40          61   1.3604545516798510     
          60          61   1.3003294435950128     
          38          62  0.97277946229300172     
          39          63  0.96854171152185242     
          43          64  0.96854436225408136     
          44          65  0.97291507073671879     
          46          66  0.89952708764917622     
          47          67  0.96363980239995817     
          49          68  0.97274643585400578     
          50          69  0.97280516243524595     
          53          70  0.96482201071850693     
          55          71  0.97291566805810881     
          56          72  0.97284200390800202     
          58          73  0.89988489998101551     
          59          74  0.96350670298299956     
           4          75   1.1754381903602265     
          75          76   2.5673427414558891     
          41          78   1.1802169318464670     
          77          78   2.5643660227781870     
          79          80   1.7158441989844984     
          80          81   1.1231373627935497     
          76          82   1.1781191827069299     
          81          82   1.2486698097543911     
          82          83   1.2505817580352068     
          83          84   1.2392894496819202     
          84          85   1.5893572007278485     
          85          86   1.2263418412746034     
          83          87   1.2250345032645054     
          86          87   1.2041738007658329     
          86          88   1.3366338643613072     
          88          89   1.3699178637683598     
          89          90   1.1150599568323281     
          90          91   1.7152558551356745     
          91          92   1.1236451178456719     
          89          93   1.2970143956795783     
          92          93   1.3607721369842452     
          77          94   1.1826966153387057     
          92          94   1.2463581226826428     
          94          95   1.2488620680008133     
          95          96   1.2400741764536138     
          96          97   1.5886912053259405     
          97          98   1.2266637697642122     
          95          99   1.2256386685558922     
          98          99   1.2039508152347362     
          98         100   1.3367402827796797     
          79         101   1.1148058122115660     
         100         101   1.3695328322083915     
          81         102   1.3594175897890526     
         101         102   1.2978756495718082     
          79         103  0.97276165106558143     
          80         104  0.96989120628572145     
          84         105  0.97023742305667493     
          85         106  0.97291704898038656     
          87         107  0.89696909143257997     
          88         108  0.96299698683832280     
          90         109  0.97276027513140306     
          91         110  0.96838055618157637     
          96         111  0.96898178262773538     
          97         112  0.97292024936699317     
          99         113  0.89696132377895677     
         100         114  0.96300091528165677     
