   -0.05462068
   -0.05307741
    0.08728000
    0.01133703
    0.06419149
   -0.04995341
   -0.05171295
    0.06437060
   -0.08113826
   -0.05485087
    0.08688573
   -0.05368444
   -0.05371031
    0.08653726
   -0.32076637
   -0.05654492
    0.06505260
   -0.05095829
   -0.05080217
    0.06581783
   -0.08081765
   -0.05484715
    0.08567485
   -0.32487718
    0.01878308
    0.02124713
    0.04339380
    0.04154562
    0.21413019
    0.04714553
    0.01964110
    0.01967254
    0.04637591
    0.04211459
    0.04206960
    0.21442319
    0.04721165
   -0.05462231
   -0.05312508
    0.08723835
    0.01132370
    0.06419982
   -0.04990835
   -0.05171922
    0.06439819
   -0.08120738
   -0.05485477
    0.08690340
   -0.05368465
   -0.05370851
    0.08651392
   -0.32073363
   -0.05654198
    0.06503162
   -0.05095915
   -0.05080651
    0.06583734
   -0.08084750
   -0.05483959
    0.08567610
   -0.32482169
    0.01879743
    0.02127333
    0.04336543
    0.04151811
    0.21414314
    0.04714448
    0.01963680
    0.01967897
    0.04637209
    0.04211558
    0.04206624
    0.21447209
    0.04723361
   -0.02012604
   -0.01197337
   -0.00291751
   -0.00375460
   -0.01094636
   -0.02100634
   -0.02026913
   -0.01125807
   -0.00291176
   -0.00318593
   -0.01097306
   -0.02052948
   -0.02029621
   -0.01109444
   -0.00293152
   -0.00303916
   -0.01098478
   -0.02040359
   -0.02031099
   -0.01107031
   -0.00296121
   -0.00298863
   -0.01104470
   -0.02034131
   -0.02034270
   -0.01103646
   -0.00299110
   -0.00296471
   -0.01106125
   -0.02031032
   -0.02039632
   -0.01100149
   -0.00304257
   -0.00293604
   -0.01110460
   -0.02029249
   -0.02051897
   -0.01099537
   -0.00318336
   -0.00291422
   -0.01125185
   -0.02027816
   -0.02102059
   -0.01092517
   -0.00374745
   -0.00291531
   -0.01193996
   -0.02015801
   -0.05439175
   -0.05292353
    0.08712335
    0.01196728
    0.06366242
   -0.05016200
   -0.05171815
    0.06420093
   -0.08119153
   -0.05259982
    0.08539461
   -0.05435107
   -0.05298422
    0.08724180
   -0.32406870
    0.01150507
    0.06378876
   -0.05025965
   -0.05165830
    0.06411623
   -0.08125121
   -0.05253121
    0.08539118
   -0.32396878
    0.01901671
    0.02138627
    0.04329442
    0.04150060
    0.21443012
    0.04800177
    0.01903691
    0.02128121
    0.04317949
    0.04150554
    0.21442136
    0.04802519
   -0.05433993
   -0.05295740
    0.08723529
    0.01184445
    0.06378079
   -0.05018676
   -0.05166282
    0.06415127
   -0.08108831
   -0.05247043
    0.08539950
   -0.05432739
   -0.05298847
    0.08725946
   -0.32396045
    0.01166617
    0.06381140
   -0.05020503
   -0.05164243
    0.06414480
   -0.08114536
   -0.05244276
    0.08539992
   -0.32390943
    0.01913277
    0.02141254
    0.04331709
    0.04160402
    0.21442748
    0.04812726
    0.01913961
    0.02137259
    0.04325582
    0.04159282
    0.21442422
    0.04813054
   -0.05432354
   -0.05297176
    0.08726703
    0.01180559
    0.06384274
   -0.05017583
   -0.05163739
    0.06413336
   -0.08105639
   -0.05245197
    0.08541817
   -0.05432136
   -0.05291240
    0.08730710
   -0.32399052
    0.01175014
    0.06380770
   -0.05024656
   -0.05162817
    0.06411803
   -0.08101304
   -0.05242086
    0.08540508
   -0.32392464
    0.01917738
    0.02142817
    0.04331804
    0.04163359
    0.21437675
    0.04814274
    0.01914501
    0.02136883
    0.04332495
    0.04165947
    0.21441214
    0.04817745
   -0.05431786
   -0.05291680
    0.08733113
    0.01180076
    0.06385723
   -0.05023670
   -0.05162466
    0.06408835
   -0.08092732
   -0.05242230
    0.08540321
   -0.05431710
   -0.05294211
    0.08732587
   -0.32399457
    0.01179034
    0.06386216
   -0.05021238
   -0.05162300
    0.06409584
   -0.08096362
   -0.05243546
    0.08540993
   -0.32401012
    0.01916097
    0.02139327
    0.04335382
    0.04168024
    0.21434278
    0.04816850
    0.01917506
    0.02140839
    0.04334390
    0.04166868
    0.21432786
    0.04815482
   -0.05431926
   -0.05296164
    0.08732078
    0.01175185
    0.06386310
   -0.05021137
   -0.05162830
    0.06409402
   -0.08098026
   -0.05243065
    0.08539937
   -0.05432479
   -0.05297497
    0.08729961
   -0.32396251
    0.01181295
    0.06386577
   -0.05018091
   -0.05163697
    0.06410267
   -0.08098658
   -0.05244568
    0.08540396
   -0.32399652
    0.01916459
    0.02139658
    0.04332384
    0.04165588
    0.21435364
    0.04816065
    0.01917555
    0.02142861
    0.04333386
    0.04164862
    0.21434186
    0.04814671
   -0.05432835
   -0.05297101
    0.08727988
    0.01167210
    0.06381181
   -0.05021976
   -0.05163493
    0.06413035
   -0.08111167
   -0.05244713
    0.08540230
   -0.05434115
   -0.05291255
    0.08726006
   -0.32396048
    0.01184593
    0.06375427
   -0.05022342
   -0.05165607
    0.06414753
   -0.08104589
   -0.05246070
    0.08540292
   -0.32397829
    0.01913721
    0.02137123
    0.04326528
    0.04160190
    0.21440469
    0.04812385
    0.01911526
    0.02139624
    0.04333385
    0.04162319
    0.21442492
    0.04813268
   -0.05435082
   -0.05295788
    0.08721476
    0.01150627
    0.06375370
   -0.05028067
   -0.05165988
    0.06413691
   -0.08129405
   -0.05251984
    0.08538977
   -0.05439455
   -0.05294946
    0.08708112
   -0.32390790
    0.01194882
    0.06364875
   -0.05013501
   -0.05172241
    0.06423090
   -0.08129746
   -0.05260414
    0.08540609
   -0.32403247
    0.01901894
    0.02126516
    0.04317188
    0.04150366
    0.21449601
    0.04804755
    0.01902528
    0.02139979
    0.04326541
    0.04147020
    0.21446933
    0.04799616
