           1           2   1.7166133025136150     
           2           3   1.1214749724595112     
           3           4   1.2421613106322369     
           4           5   1.2470970425215682     
           5           6   1.2373198165056456     
           6           7   1.5923938505835480     
           7           8   1.2240284633358671     
           5           9   1.2260064294942541     
           8           9   1.2018172000465903     
           8          10   1.3446093888578956     
          10          11   1.3569831096775045     
          11          12   1.1068030935459903     
          12          13   1.7309585781668044     
          13          14   1.1088702044312824     
          11          15   1.3241754493019600     
          14          15   1.3250691261879080     
          14          16   1.3538603285919408     
          16          17   1.3465975985954863     
          17          18   1.2156861040382050     
          18          19   1.6081527880358335     
          19          20   1.2151674261295820     
          17          21   1.2097111365234694     
          20          21   1.2114968558847070     
          20          22   1.3415918306724044     
           1          23   1.1148734587977984     
          22          23   1.3670715870927974     
           3          24   1.3623147421817845     
          23          24   1.2983809483040682     
           1          25  0.97278213904420374     
           2          26  0.97142017508891765     
           6          27  0.97182088524849419     
           7          28  0.97291147380330267     
           9          29  0.89997077311336460     
          10          30  0.96368089983870042     
          12          31  0.97273829453395755     
          13          32  0.97278713712432774     
          16          33  0.96470149075740519     
          18          34  0.97287895492135412     
          19          35  0.97280984065485321     
          21          36  0.90027241571739547     
          22          37  0.96351578197379684     
          38          39   1.7165655393556438     
          39          40   1.1215562049135062     
          40          41   1.2416939175331589     
          41          42   1.2473097579944938     
          42          43   1.2373657457886695     
          43          44   1.5923838598682734     
          44          45   1.2239646545326150     
          42          46   1.2259479865265615     
          45          46   1.2019116983314473     
          45          47   1.3446056548584353     
          47          48   1.3569373765825372     
          48          49   1.1067552973617176     
          49          50   1.7309567535955288     
          50          51   1.1089255765842494     
          48          52   1.3242696682178912     
          51          52   1.3249525242248001     
          51          53   1.3539230742262123     
          53          54   1.3465252446050231     
          54          55   1.2157449294437908     
          55          56   1.6081186222026793     
          56          57   1.2151487599295390     
          54          58   1.2097194229832842     
          57          58   1.2115685887353833     
          57          59   1.3415159169093238     
          38          60   1.1148853655221946     
          59          60   1.3671816551179981     
          40          61   1.3624431241408925     
          60          61   1.2982219323759034     
          38          62  0.97277828831783442     
          39          63  0.97142168109342231     
          43          64  0.97184073574600716     
          44          65  0.97291294116943750     
          46          66  0.89986846927781972     
          47          67  0.96366794866140337     
          49          68  0.97273793360894689     
          50          69  0.97278684173987062     
          53          70  0.96471666803910894     
          55          71  0.97288045497852893     
          56          72  0.97280897564734536     
          58          73  0.90015175730759156     
          59          74  0.96349500934942689     
           4          75   1.1940844268102968     
          75          76   2.4344836822784615     
          76          77   1.3370993916915233     
          75          78  0.19172665954968321     
          77          78   2.3489799022384767     
          78          79   1.3382277949201018     
          77          80  0.19139700526036701     
          79          80   2.4308092494743292     
          81          82   2.4281250661500762     
          82          83   1.3405307708635203     
          81          84  0.19105312834919297     
          83          84   2.3447454494803668     
          84          85   1.3405619540000249     
          83          86  0.19102703847862240     
          85          86   2.4280055597742445     
          87          88   2.4278850130479190     
          88          89   1.3406492499788116     
          87          90  0.19101704369735298     
          89          90   2.3445961353813036     
          90          91   1.3406335604537316     
          89          92  0.19100716208514945     
          91          92   2.4279198800119661     
          93          94   2.4280205907587549     
          94          95   1.3405786958950927     
          93          96  0.19101820750061371     
          95          96   2.3447206869171602     
          96          97   1.3405610611384569     
          95          98  0.19101799550955614     
          97          98   2.4280627505841901     
          99         100   2.4279951209243684     
         100         101   1.3406068117675130     
          99         102  0.19102303692777250     
         101         102   2.3446502052675573     
         102         103   1.3406103020703897     
         101         104  0.19102292843227475     
         103         104   2.4279831679872208     
         105         106   2.4279630396065106     
         106         107   1.3406119047478373     
         105         108  0.19101807795941161     
         107         108   2.3446410415076175     
         108         109   1.3406218798153973     
         107         110  0.19102027681948458     
         109         110   2.4279388974467713     
         111         112   2.4281495104574335     
         112         113   1.3404587904292953     
         111         114  0.19101573757333529     
         113         114   2.3448811672897385     
         114         115   1.3404455175941734     
         113         116  0.19103517558581035     
         115         116   2.4281952186307865     
         117         118   2.4306733191722856     
         118         119   1.3383055048123134     
         117         120  0.19137887695023140     
         119         120   2.3489049457209750     
         120         121   1.3371895379780552     
          41         122   1.1943476879814761     
         119         122  0.19171954749452433     
         121         122   2.4343262367442775     
         123         124   1.7155124163937625     
         124         125   1.1234920684062435     
          80         126   1.1986119651349816     
         125         126   1.2401738048002593     
         126         127   1.2423686174029116     
         127         128   1.2417195513001378     
         128         129   1.5869333658692417     
         129         130   1.2283304636661061     
         127         131   1.2264757497571319     
         130         131   1.2034053052103086     
         130         132   1.3349390483926420     
         132         133   1.3724795346932781     
         133         134   1.1148358510046108     
         134         135   1.7157987861506019     
         135         136   1.1232170879237433     
         133         137   1.2938982079327697     
         136         137   1.3639429577435429     
          81         138   1.1999298394584470     
         136         138   1.2390737885111283     
         138         139   1.2419549758460224     
         139         140   1.2414755151135501     
         140         141   1.5872167644776622     
         141         142   1.2280337412526414     
         139         143   1.2269970834379755     
         142         143   1.2027410095526314     
         142         144   1.3361099517350241     
         123         145   1.1150506313086117     
         144         145   1.3711373302954084     
         125         146   1.3627189895957046     
         145         146   1.2949772982826624     
         123         147  0.97276324058953845     
         124         148  0.97152820311959864     
         128         149  0.97198616892372580     
         129         150  0.97290450292297792     
         131         151  0.89777794072300221     
         132         152  0.96297803867960874     
         134         153  0.97276054168883297     
         135         154  0.97153132932197872     
         140         155  0.97199353705041791     
         141         156  0.97290329432023515     
         143         157  0.89779196030330710     
         144         158  0.96297743102067757     
         159         160   1.7156007306888972     
         160         161   1.1233560208192568     
          86         162   1.2000837104748978     
         161         162   1.2391449112609330     
         162         163   1.2418047583861156     
         163         164   1.2417945022254531     
         164         165   1.5867617966894381     
         165         166   1.2284664758580561     
         163         167   1.2268592704370425     
         166         167   1.2031099856011478     
         166         168   1.3350998490303649     
         168         169   1.3723724320870760     
         169         170   1.1149449125392077     
         170         171   1.7157190990362630     
         171         172   1.1232460303753562     
         169         173   1.2938183002193535     
         172         173   1.3640007819553852     
          87         174   1.2001255605428405     
         172         174   1.2388525627517053     
         174         175   1.2419448320302102     
         175         176   1.2416535172406258     
         176         177   1.5869332023688978     
         177         178   1.2282987425948615     
         175         179   1.2269175826359873     
         178         179   1.2029541845555920     
         178         180   1.3355048319088958     
         159         181   1.1150070138370560     
         180         181   1.3719143091738484     
         161         182   1.3636714696330050     
         181         182   1.2941891370941960     
         159         183  0.97275935793110213     
         160         184  0.97152333487766651     
         164         185  0.97198318028569930     
         165         186  0.97289895958659967     
         167         187  0.89790773481736086     
         168         188  0.96297046244800177     
         170         189  0.97275641135541591     
         171         190  0.97151643537014987     
         176         191  0.97199390065476010     
         177         192  0.97289860930104732     
         179         193  0.89787705533859152     
         180         194  0.96297063591891208     
         195         196   1.7156694843073708     
         196         197   1.1232743710115218     
          92         198   1.2001023176721188     
         197         198   1.2389594146383835     
         198         199   1.2419218760082966     
         199         200   1.2416849130788725     
         200         201   1.5868611329420776     
         201         202   1.2284156716436507     
         199         203   1.2269050684114249     
         202         203   1.2029840885097454     
         202         204   1.3353054081810827     
         204         205   1.3721165205905792     
         205         206   1.1149131087352024     
         206         207   1.7157202336515360     
         207         208   1.1232443471598235     
         205         209   1.2941323823487130     
         208         209   1.3637548611700923     
          93         210   1.2000272526313829     
         208         210   1.2393941848154224     
         210         211   1.2415311953961807     
         211         212   1.2416762067495466     
         212         213   1.5868809966288933     
         213         214   1.2284105340256493     
         211         215   1.2270391263116007     
         214         215   1.2028743335792613     
         214         216   1.3354058701279294     
         195         217   1.1149899068398041     
         216         217   1.3720953768558928     
         197         218   1.3638560496312919     
         217         218   1.2940220003129492     
         195         219  0.97275734133714142     
         196         220  0.97151971837380102     
         200         221  0.97197968565388615     
         201         222  0.97289768225690443     
         203         223  0.89803154299294086     
         204         224  0.96297830437739007     
         206         225  0.97276040965663213     
         207         226  0.97151976633932646     
         212         227  0.97197409198558782     
         213         228  0.97289409345666111     
         215         229  0.89800094219041848     
         216         230  0.96296799843593206     
         231         232   1.7157366033716401     
         232         233   1.1231772342381094     
          98         234   1.1999425764080593     
         233         234   1.2394347610699421     
         234         235   1.2415630067033050     
         235         236   1.2416390750982926     
         236         237   1.5868558378181383     
         237         238   1.2285082687522313     
         235         239   1.2270580126688955     
         238         239   1.2027875192297466     
         238         240   1.3353779383948094     
         240         241   1.3721328632663874     
         241         242   1.1149842209070431     
         242         243   1.7157244742664877     
         243         244   1.1231700850448461     
         241         245   1.2940168687403288     
         244         245   1.3639213234771352     
          99         246   1.2000048729873913     
         244         246   1.2391814855103629     
         246         247   1.2417552045537907     
         247         248   1.2416180069729983     
         248         249   1.5868823284093283     
         249         250   1.2284700855179764     
         247         251   1.2269876007977965     
         250         251   1.2028184366257810     
         250         252   1.3354055946907768     
         231         253   1.1149501369265924     
         252         253   1.3720519865537300     
         233         254   1.3637833644649839     
         253         254   1.2941559479762053     
         231         255  0.97276090692709827     
         232         256  0.97152542437569445     
         236         257  0.97195633304080697     
         237         258  0.97289460327814015     
         239         259  0.89823480626791397     
         240         260  0.96298794610167815     
         242         261  0.97275949677542928     
         243         262  0.97151858998784191     
         248         263  0.97196346980801851     
         249         264  0.97289616072311935     
         251         265  0.89824399591798776     
         252         266  0.96299172753752982     
         267         268   1.7157728604162390     
         268         269   1.1231393221416157     
         104         270   1.2000197521082054     
         269         270   1.2391142393592496     
         270         271   1.2417903196698699     
         271         272   1.2416205084476877     
         272         273   1.5868640544801744     
         273         274   1.2284819921899415     
         271         275   1.2269907339146022     
         274         275   1.2028354433310890     
         274         276   1.3353950668961281     
         276         277   1.3721068215541119     
         277         278   1.1149938628484060     
         278         279   1.7157157657320576     
         279         280   1.1231913887894154     
         277         281   1.2940075801077298     
         280         281   1.3639216495886810     
         105         282   1.2000479337851027     
         280         282   1.2389982580360610     
         282         283   1.2419117693729280     
         283         284   1.2416635239819571     
         284         285   1.5868109439962026     
         285         286   1.2285240233525139     
         283         287   1.2269213541107595     
         286         287   1.2029217785310180     
         286         288   1.3352544080161106     
         267         289   1.1149487658338777     
         288         289   1.3722344986160457     
         269         290   1.3639793618915417     
         289         290   1.2939498565386756     
         267         291  0.97275855604383343     
         268         292  0.97150929266784236     
         272         293  0.97197279448847074     
         273         294  0.97289663747694455     
         275         295  0.89821331977076868     
         276         296  0.96298825955578671     
         278         297  0.97275790471722756     
         279         298  0.97151069778677068     
         284         299  0.97197327451019810     
         285         300  0.97289792587479917     
         287         301  0.89822342126114829     
         288         302  0.96299169946546403     
         303         304   1.7157226823027065     
         304         305   1.1232324644987526     
         110         306   1.2001054431241043     
         305         306   1.2389563816897189     
         306         307   1.2418707340831949     
         307         308   1.2416206775568805     
         308         309   1.5869737585913257     
         309         310   1.2282868332673655     
         307         311   1.2269548083045159     
         310         311   1.2028981711185749     
         310         312   1.3355569840070476     
         312         313   1.3718454133972058     
         313         314   1.1150141701034970     
         314         315   1.7155773136824994     
         315         316   1.1233668506678982     
         313         317   1.2942748519265870     
         316         317   1.3635872732584247     
         111         318   1.2000194905877790     
         316         318   1.2394162826023964     
         318         319   1.2415883555341396     
         319         320   1.2418015054393092     
         320         321   1.5867771137815481     
         321         322   1.2284659293722047     
         319         323   1.2269053595599870     
         322         323   1.2030607050731534     
         322         324   1.3351303586307486     
         303         325   1.1149378527472078     
         324         325   1.3723545119225189     
         305         326   1.3639893190462755     
         325         326   1.2938599416575609     
         303         327  0.97275840902774224     
         304         328  0.97151669842563926     
         308         329  0.97198876253485367     
         309         330  0.97289806092516451     
         311         331  0.89793211830766329     
         312         332  0.96297353812054021     
         314         333  0.97276152639411995     
         315         334  0.97152312939423169     
         320         335  0.97197718828535495     
         321         336  0.97289609844078229     
         323         337  0.89792029657649874     
         324         338  0.96296926580006037     
         339         340   1.7157532622907130     
         340         341   1.1233258914940183     
         116         342   1.1999752743787899     
         341         342   1.2392415138222210     
         342         343   1.2417446062058421     
         343         344   1.2415290398811316     
         344         345   1.5872063202656688     
         345         346   1.2279935902120149     
         343         347   1.2270769160953723     
         346         347   1.2027878388425823     
         346         348   1.3360712507923211     
         348         349   1.3712149974201746     
         349         350   1.1150722275338070     
         350         351   1.7154436229051915     
         351         352   1.1235921941647591     
         349         353   1.2948433993479345     
         352         353   1.3628068124356503     
         117         354   1.1988850859362616     
         352         354   1.2398143703291149     
         354         355   1.2424731441589416     
         355         356   1.2417826388219904     
         356         357   1.5869308383578118     
         357         358   1.2282463503366585     
         355         359   1.2264324156207094     
         358         359   1.2035138976223747     
         358         360   1.3349387171720419     
         339         361   1.1147956204262088     
         360         361   1.3724045528731617     
         341         362   1.3637537320109816     
         361         362   1.2940385748140848     
         339         363  0.97276143467468035     
         340         364  0.97154615458833593     
         344         365  0.97199592068120544     
         345         366  0.97290114217987245     
         347         367  0.89755898122355093     
         348         368  0.96295451359139606     
         350         369  0.97276055094244263     
         351         370  0.97152665937802996     
         356         371  0.97200634978532674     
         357         372  0.97290555564387915     
         359         373  0.89755185946435923     
         360         374  0.96296182967359867     
