   -0.29206216
   -0.05213209
   -0.05048503
    0.07364124
    0.02551651
    0.07366294
   -0.05045438
   -0.05213124
    0.07311354
   -0.04780220
   -0.04139661
    0.07428952
   -0.05122899
   -0.05128943
    0.07458579
   -0.04673204
   -0.04310098
    0.07458723
   -0.05128896
   -0.05122959
    0.07428329
   -0.04673820
   -0.04139041
    0.07310553
   -0.04775862
    0.03534980
    0.03713836
    0.03717724
    0.03533620
    0.04917703
    0.03585849
    0.03577914
    0.04857588
    0.03577926
    0.03585824
    0.04918294
   -0.29210211
   -0.05212692
   -0.05049658
    0.07362513
    0.02550960
    0.07364448
   -0.05046000
   -0.05212928
    0.07313145
   -0.04782594
   -0.04143204
    0.07429058
   -0.05123209
   -0.05128999
    0.07458411
   -0.04672983
   -0.04311644
    0.07458406
   -0.05129115
   -0.05123202
    0.07428570
   -0.04672974
   -0.04142465
    0.07312369
   -0.04778474
    0.03535361
    0.03718961
    0.03720748
    0.03534316
    0.04916313
    0.03585311
    0.03577378
    0.04856473
    0.03577297
    0.03585239
    0.04916863
   -0.02087110
   -0.00913165
   -0.00841110
   -0.02169324
   -0.02105180
   -0.00878413
   -0.00856068
   -0.02129016
   -0.02110966
   -0.00867371
   -0.00862025
   -0.02116778
   -0.02117091
   -0.00861858
   -0.00867661
   -0.02110838
   -0.02129986
   -0.00856293
   -0.00879406
   -0.02105989
   -0.02164627
   -0.00837756
   -0.00911073
   -0.02081005
   -0.28615519
   -0.05197929
   -0.05039747
    0.07392761
    0.02586735
    0.07395721
   -0.05035476
   -0.05198189
    0.07297975
   -0.04944490
   -0.03940498
    0.07291448
   -0.05192953
   -0.05047955
    0.07406135
   -0.04954727
    0.02548258
    0.07406918
   -0.05047404
   -0.05193280
    0.07291260
   -0.04957737
   -0.03940024
    0.07297062
   -0.04940699
    0.03545870
    0.03726829
    0.03730147
    0.03544454
    0.04982440
    0.03544481
    0.03712855
    0.03713041
    0.03544166
    0.04982932
   -0.28592602
   -0.05192914
   -0.05041863
    0.07405825
    0.02573066
    0.07404466
   -0.05043783
   -0.05192285
    0.07292850
   -0.04943719
   -0.03931421
    0.07291530
   -0.05190422
   -0.05048014
    0.07407525
   -0.04950919
    0.02561713
    0.07411711
   -0.05043793
   -0.05190521
    0.07291392
   -0.04949994
   -0.03932485
    0.07293354
   -0.04943300
    0.03552671
    0.03725247
    0.03725180
    0.03552611
    0.04991955
    0.03552468
    0.03720937
    0.03719946
    0.03551927
    0.04991335
   -0.28587678
   -0.05190408
   -0.05045278
    0.07409497
    0.02567829
    0.07409431
   -0.05044257
   -0.05190275
    0.07292281
   -0.04950083
   -0.03931671
    0.07292089
   -0.05190627
   -0.05045262
    0.07408789
   -0.04944708
    0.02567973
    0.07410202
   -0.05044280
   -0.05190086
    0.07291404
   -0.04948254
   -0.03930499
    0.07291237
   -0.04942435
    0.03554653
    0.03724134
    0.03723829
    0.03554487
    0.04993839
    0.03554891
    0.03724404
    0.03723614
    0.03554197
    0.04993293
   -0.28592435
   -0.05190242
   -0.05046190
    0.07410365
    0.02561547
    0.07409182
   -0.05045750
   -0.05190679
    0.07291875
   -0.04951208
   -0.03932622
    0.07293331
   -0.05192532
   -0.05041918
    0.07406151
   -0.04946337
    0.02573261
    0.07404660
   -0.05043821
   -0.05192521
    0.07292616
   -0.04942301
   -0.03931899
    0.07290717
   -0.04948444
    0.03552156
    0.03720784
    0.03720183
    0.03552338
    0.04991301
    0.03552254
    0.03725793
    0.03724797
    0.03552937
    0.04991678
   -0.28618945
   -0.05192733
   -0.05047451
    0.07406665
    0.02547699
    0.07406955
   -0.05047422
   -0.05193118
    0.07291952
   -0.04955476
   -0.03943112
    0.07299509
   -0.05196912
   -0.05040495
    0.07391880
   -0.04943803
    0.02586948
    0.07394434
   -0.05035587
   -0.05197825
    0.07300067
   -0.04946210
   -0.03943812
    0.07291958
   -0.04955074
    0.03544753
    0.03712610
    0.03714130
    0.03544472
    0.04982352
    0.03547040
    0.03733505
    0.03734038
    0.03546013
    0.04981757
