           2           3   1.6457167066534688     
           3           4   1.1782378952472112     
           4           5   1.2525305370760396     
           5           6   1.2528346740720244     
           6           7   1.1782059345490872     
           7           8   1.6457376717481174     
           8           9   1.1695634679356788     
           1          10  0.75255989773400678     
           6          10   1.2619912493932097     
           9          10   1.2267717946291810     
           9          11   1.3556756181872602     
          11          12   1.3530921872329467     
          12          13   1.1612810693739435     
          13          14   1.6609852725767720     
          14          15   1.1605787146909416     
           1          16  0.75122884307528948     
          12          16   1.2394989648225800     
          15          16   1.2421876414160580     
          15          17   1.3529712746429940     
          17          18   1.3529793561655710     
          18          19   1.1605721377502327     
          19          20   1.6609770520382456     
          20          21   1.1612980915182662     
           1          22  0.75119353183537074     
          18          22   1.2421884797419462     
          21          22   1.2395255271750565     
          21          23   1.3530619480685662     
           2          24   1.1695850187074250     
          23          24   1.3557264513677278     
           1          25  0.75259338267352083     
           4          25   1.2620780771884617     
          24          25   1.2266712034025258     
           2          26  0.97178963473380753     
           3          27  0.97002020010834988     
           7          28  0.97002587299280973     
           8          29  0.97179118102071804     
          11          30  0.96377052663635521     
          13          31  0.97168240489468616     
          14          32  0.97171029685864674     
          17          33  0.96407921662200047     
          19          34  0.97171054154772074     
          20          35  0.97168242140721173     
          23          36  0.96376834610329798     
          38          39   1.6458750975122647     
          39          40   1.1780852273870122     
          40          41   1.2530353004116832     
          41          42   1.2532832501098738     
          42          43   1.1780872925482402     
          43          44   1.6458736446251838     
          44          45   1.1695004818680339     
          37          46  0.75258180645377826     
          42          46   1.2617500320993851     
          45          46   1.2269050512484292     
          45          47   1.3556257584431652     
          47          48   1.3531595478030602     
          48          49   1.1612596303949181     
          49          50   1.6610203022659769     
          50          51   1.1605608207068099     
          37          52  0.75128349360437174     
          48          52   1.2395001417827733     
          51          52   1.2421604890987528     
          51          53   1.3530131158979311     
          53          54   1.3529945351780857     
          54          55   1.1605653788433081     
          55          56   1.6610073111406560     
          56          57   1.1612699154165433     
          37          58  0.75126183077311548     
          54          58   1.2421751591303689     
          57          58   1.2395083583493087     
          57          59   1.3531388967013074     
          38          60   1.1695198984766069     
          59          60   1.3556607859779615     
          37          61  0.75259898522056989     
          40          61   1.2618296758104375     
          60          61   1.2268234439938019     
          38          62  0.97178780394128439     
          39          63  0.97000634945111719     
          43          64  0.97001130935977686     
          44          65  0.97179018252363125     
          47          66  0.96377350148111873     
          49          67  0.97168235463520125     
          50          68  0.97171035335410660     
          53          69  0.96407982552696270     
          55          70  0.97171060153380318     
          56          71  0.97168226424301707     
          59          72  0.96377133007543014     
           5          73   1.1797642345541495     
          73          74   2.4758092421614482     
          74          75   1.3017745695034388     
          73          76  0.20377231829631870     
          75          76   2.4742219554193650     
          77          78   2.4713841433680610     
          78          79   1.3041688562735225     
          77          80  0.20349260480826553     
          79          80   2.4713056949522332     
          81          82   2.4709512792379522     
          82          83   1.3044802076757531     
          81          84  0.20353881078657132     
          83          84   2.4709457391411433     
          85          86   2.4709455510048954     
          86          87   1.3044858855795343     
          85          88  0.20354006039736877     
          87          88   2.4709509453405136     
          89          90   2.4713484322597221     
          90          91   1.3041441827692113     
          89          92  0.20350813625032255     
          91          92   2.4714536056671097     
          93          94   2.4750393155221579     
          94          95   1.3008542574646338     
          41          96   1.1787750133901975     
          93          96  0.20354547441862192     
          95          96   2.4766285903949079     
          98          99   1.6439571737317926     
          99         100   1.1790774898655687     
          76         101   1.1819952339067312     
         100         101   1.2501929072849189     
         101         102   1.2505385438983767     
         102         103   1.1790741585752404     
         103         104   1.6439424008355275     
         104         105   1.1711216965879665     
          97         106  0.74894864965709140     
         102         106   1.2642766786205997     
         105         106   1.2255986976141626     
         105         107   1.3540516063930630     
         107         108   1.3551122342885022     
         108         109   1.1708828498608277     
         109         110   1.6441975753117775     
         110         111   1.1788806601672610     
          97         112  0.74872912418291382     
         108         112   1.2249663524971368     
         111         112   1.2650353827611911     
          77         113   1.1833393859901418     
         111         113   1.2496325420299632     
         113         114   1.2497020195282778     
         114         115   1.1788961528526580     
         115         116   1.6441625742279624     
         116         117   1.1709019569847698     
          97         118  0.74866975227600085     
         114         118   1.2650227514448917     
         117         118   1.2250027196421285     
         117         119   1.3550734564952223     
          98         120   1.1711247008174253     
         119         120   1.3541169106191129     
          97         121  0.74892864866067632     
         100         121   1.2643884797294860     
         120         121   1.2255103078403127     
          98         122  0.97176695590255746     
          99         123  0.97002238824991649     
         103         124  0.97002692483187480     
         104         125  0.97176959500397608     
         107         126  0.96347834817355982     
         109         127  0.97177277588256117     
         110         128  0.97003248063224590     
         115         129  0.97003184968300338     
         116         130  0.97177381877568170     
         119         131  0.96347587874529617     
         133         134   1.6438592582774174     
         134         135   1.1790770668226978     
          80         136   1.1834693438024941     
         135         136   1.2496486069322630     
         136         137   1.2495170614778912     
         137         138   1.1790420271398041     
         138         139   1.6439081450665272     
         139         140   1.1711576659534915     
         132         141  0.74878271469077506     
         137         141   1.2649443430989722     
         140         141   1.2251363978453682     
         140         142   1.3545007914072533     
         142         143   1.3547974681838100     
         143         144   1.1710624445843296     
         144         145   1.6440119732669747     
         145         146   1.1789595536262145     
         132         147  0.74862658460635934     
         143         147   1.2250157441762120     
         146         147   1.2650928895241944     
          81         148   1.1836246161647868     
         146         148   1.2494139598493490     
         148         149   1.2495950114754966     
         149         150   1.1788958883058096     
         150         151   1.6440552494788525     
         151         152   1.1710364016752668     
         132         153  0.74871559433546797     
         149         153   1.2650994373973428     
         152         153   1.2249772433121251     
         152         154   1.3548542026532706     
         133         155   1.1711793742660253     
         154         155   1.3544442115505642     
         132         156  0.74884545821076465     
         135         156   1.2648512094028281     
         155         156   1.2251752673177654     
         133         157  0.97176641870397618     
         134         158  0.97002305707753989     
         138         159  0.97002496725485854     
         139         160  0.97176463449087547     
         142         161  0.96346980659113202     
         144         162  0.97176762129653638     
         145         163  0.97003605425598749     
         150         164  0.97001298667049463     
         151         165  0.97176766222042377     
         154         166  0.96347226047638035     
         168         169   1.6439699650539690     
         169         170   1.1789492218608038     
          84         171   1.1836375373295900     
         170         171   1.2494595825826114     
         171         172   1.2495328006711306     
         172         173   1.1789710064997379     
         173         174   1.6439571797751780     
         174         175   1.1711222947305797     
         167         176  0.74864999559059731     
         172         176   1.2650364541563057     
         175         176   1.2250967370176180     
         175         177   1.3546470170021907     
         177         178   1.3546873562865978     
         178         179   1.1711051224672759     
         179         180   1.6439825266692933     
         180         181   1.1789581564655029     
         167         182  0.74877208316417332     
         178         182   1.2250361294580672     
         181         182   1.2650142378539704     
          85         183   1.1836416957496727     
         181         183   1.2494886724687866     
         183         184   1.2495034470688504     
         184         185   1.1789607753502991     
         185         186   1.6439471955239953     
         186         187   1.1711457061189208     
         167         188  0.74869342321331200     
         184         188   1.2650898491272806     
         187         188   1.2250360245935381     
         187         189   1.3546630114669029     
         168         190   1.1711321869283988     
         189         190   1.3547088225284736     
         167         191  0.74883647746914361     
         170         191   1.2650653036992201     
         190         191   1.2249639212555652     
         168         192  0.97176426261493976     
         169         193  0.97001511745957192     
         173         194  0.97002825869009046     
         174         195  0.97176591351676489     
         177         196  0.96347372053838443     
         179         197  0.97176455917033311     
         180         198  0.97002102259910050     
         185         199  0.97002230877434525     
         186         200  0.97176614053136223     
         189         201  0.96346956041294973     
         203         204   1.6440502890259094     
         204         205   1.1788983072979995     
          88         206   1.1836272971094977     
         205         206   1.2494737516020604     
         206         207   1.2495339372645042     
         207         208   1.1789409614691910     
         208         209   1.6440285815136431     
         209         210   1.1710455163849787     
         202         211  0.74867561109809400     
         207         211   1.2650498347973913     
         210         211   1.2250269245538694     
         210         212   1.3548085690190623     
         212         213   1.3544886760601043     
         213         214   1.1711544181318245     
         214         215   1.6439046023244375     
         215         216   1.1790367176731968     
         202         217  0.74877242717041836     
         213         217   1.2251734228338356     
         216         217   1.2648975988154691     
          89         218   1.1834503872333015     
         216         218   1.2496601496673827     
         218         219   1.2495308843859627     
         219         220   1.1790637312380094     
         220         221   1.6438732089531691     
         221         222   1.1711856706562509     
         202         223  0.74882637124168272     
         219         223   1.2649001545602387     
         222         223   1.2251432902671089     
         222         224   1.3544591106705590     
         203         225   1.1710550968131097     
         224         225   1.3548612193574379     
         202         226  0.74870822535434489     
         205         226   1.2651417870189063     
         225         226   1.2249466165143954     
         203         227  0.97176665196533762     
         204         228  0.97002039211977154     
         208         229  0.97002860268401581     
         209         230  0.97176814815203538     
         212         231  0.96347267376003387     
         214         232  0.97176627414160799     
         215         233  0.97002322388168460     
         220         234  0.97002375282778186     
         221         235  0.97176511310834324     
         224         236  0.96347042073378097     
         238         239   1.6442502990257610     
         239         240   1.1788420760925649     
          92         241   1.1832804730300281     
         240         241   1.2497019368289117     
         241         242   1.2497465805385761     
         242         243   1.1788672403014959     
         243         244   1.6442092859511375     
         244         245   1.1708701084846698     
         237         246  0.74875957032410057     
         242         246   1.2649754001926810     
         245         246   1.2249910631190168     
         245         247   1.3551288741837182     
         247         248   1.3540683744403963     
         248         249   1.1710446010112103     
         249         250   1.6441361130093697     
         250         251   1.1789105718576849     
         237         252  0.74892278824009306     
         248         252   1.2256534945352697     
         251         252   1.2641473044344671     
          93         253   1.1810106783590617     
         251         253   1.2506961294800740     
         253         254   1.2509784251717395     
         254         255   1.1789585195027856     
         255         256   1.6440606281823160     
         256         257   1.1710736492419722     
         237         258  0.74898359269611992     
         254         258   1.2640205150271724     
         257         258   1.2257218992989365     
         257         259   1.3539879075227153     
         238         260   1.1708393675018358     
         259         260   1.3551938438697619     
         237         261  0.74876188440187874     
         240         261   1.2650124332354404     
         260         261   1.2249631439371953     
         238         262  0.97177234957793257     
         239         263  0.97002898634475965     
         243         264  0.97003287711723674     
         244         265  0.97177326188393465     
         247         266  0.96347784045614870     
         249         267  0.97176490991802433     
         250         268  0.97001090860286843     
         255         269  0.97001210197262222     
         256         270  0.97176809104903239     
         259         271  0.96348061260116635     
