   -0.29206383
   -0.05212973
   -0.05048959
    0.07364347
    0.02551225
    0.07366536
   -0.05045897
   -0.05212905
    0.07311768
   -0.04781487
   -0.04139770
    0.07428773
   -0.05123169
   -0.05129146
    0.07458602
   -0.04671454
   -0.04309854
    0.07458730
   -0.05129107
   -0.05123234
    0.07428162
   -0.04672042
   -0.04139163
    0.07310948
   -0.04777103
    0.03534471
    0.03713127
    0.03717000
    0.03533113
    0.04917698
    0.03586475
    0.03578649
    0.04858408
    0.03578672
    0.03586457
    0.04918300
   -0.29210365
   -0.05212448
   -0.05050089
    0.07362757
    0.02550557
    0.07364630
   -0.05046468
   -0.05212684
    0.07313539
   -0.04783848
   -0.04143310
    0.07428909
   -0.05123480
   -0.05129227
    0.07458442
   -0.04671257
   -0.04311421
    0.07458411
   -0.05129344
   -0.05123482
    0.07428424
   -0.04671232
   -0.04142596
    0.07312789
   -0.04779727
    0.03534833
    0.03718246
    0.03720053
    0.03533806
    0.04916311
    0.03585926
    0.03578123
    0.04857315
    0.03578043
    0.03585860
    0.04916866
   -0.02087473
   -0.00913455
   -0.00841260
   -0.02169656
   -0.02105337
   -0.00878765
   -0.00856798
   -0.02128535
   -0.02111196
   -0.00867543
   -0.00861998
   -0.02117242
   -0.02117484
   -0.00861881
   -0.00867790
   -0.02111122
   -0.02129459
   -0.00857045
   -0.00879731
   -0.02106192
   -0.02164961
   -0.00837906
   -0.00911358
   -0.02081378
   -0.28615273
   -0.05197928
   -0.05039965
    0.07392993
    0.02586904
    0.07395957
   -0.05035682
   -0.05198205
    0.07298112
   -0.04944393
   -0.03941075
    0.07291558
   -0.05192931
   -0.05048161
    0.07406339
   -0.04954723
    0.02548471
    0.07407106
   -0.05047652
   -0.05193241
    0.07291352
   -0.04957725
   -0.03940587
    0.07297190
   -0.04940609
    0.03545947
    0.03726786
    0.03730095
    0.03544533
    0.04982533
    0.03544524
    0.03712799
    0.03712985
    0.03544230
    0.04983027
   -0.28592413
   -0.05192906
   -0.05042065
    0.07406308
    0.02573648
    0.07404999
   -0.05043896
   -0.05192325
    0.07293114
   -0.04943503
   -0.03931906
    0.07291556
   -0.05190260
   -0.05048513
    0.07407468
   -0.04950963
    0.02561378
    0.07411637
   -0.05044327
   -0.05190342
    0.07291384
   -0.04950028
   -0.03932934
    0.07293599
   -0.04943088
    0.03552750
    0.03725217
    0.03725138
    0.03552687
    0.04992087
    0.03552591
    0.03720955
    0.03719963
    0.03552054
    0.04991476
   -0.28587482
   -0.05190221
   -0.05045756
    0.07409586
    0.02567726
    0.07409566
   -0.05044738
   -0.05190044
    0.07292460
   -0.04950020
   -0.03931942
    0.07292227
   -0.05190403
   -0.05045751
    0.07408891
   -0.04944581
    0.02567909
    0.07410373
   -0.05044724
   -0.05189883
    0.07291592
   -0.04948184
   -0.03930792
    0.07291402
   -0.04942318
    0.03554784
    0.03724152
    0.03723839
    0.03554592
    0.04993953
    0.03555009
    0.03724418
    0.03723622
    0.03554304
    0.04993421
   -0.28592241
   -0.05190088
   -0.05046713
    0.07410282
    0.02561211
    0.07409093
   -0.05046279
   -0.05190504
    0.07291878
   -0.04951244
   -0.03933088
    0.07293610
   -0.05192550
   -0.05042074
    0.07406663
   -0.04946111
    0.02573849
    0.07405177
   -0.05043963
   -0.05192556
    0.07292879
   -0.04942086
   -0.03932368
    0.07290719
   -0.04948488
    0.03552291
    0.03720808
    0.03720203
    0.03552468
    0.04991417
    0.03552328
    0.03725763
    0.03724762
    0.03553029
    0.04991798
   -0.28618699
   -0.05192700
   -0.05047673
    0.07406855
    0.02547877
    0.07407106
   -0.05047655
   -0.05193094
    0.07292026
   -0.04955456
   -0.03943673
    0.07299636
   -0.05196911
   -0.05040694
    0.07392147
   -0.04943684
    0.02587128
    0.07394665
   -0.05035813
   -0.05197822
    0.07300198
   -0.04946105
   -0.03944372
    0.07292050
   -0.04955092
    0.03544802
    0.03712542
    0.03714086
    0.03544539
    0.04982459
    0.03547110
    0.03733459
    0.03733999
    0.03546101
    0.04981852
