           2           3   1.6457243041551362     
           3           4   1.1782313192595075     
           4           5   1.2525320870912269     
           5           6   1.2528358672406896     
           6           7   1.1782004066772023     
           7           8   1.6457440199951110     
           8           9   1.1695581387308531     
           1          10  0.75252147305599382     
           6          10   1.2620049283431074     
           9          10   1.2267790673169205     
           9          11   1.3556777376766149     
          11          12   1.3530909554153172     
          12          13   1.1612859533013387     
          13          14   1.6609785780283670     
          14          15   1.1605848541072226     
           1          16  0.75126869826120146     
          12          16   1.2394906402520904     
          15          16   1.2421763032638975     
          15          17   1.3529693986554958     
          17          18   1.3529770522656401     
          18          19   1.1605778822711086     
          19          20   1.6609708497912967     
          20          21   1.1613025425309587     
           1          22  0.75123310447776381     
          18          22   1.2421774515677400     
          21          22   1.2395177140489335     
          21          23   1.3530607350974431     
           2          24   1.1695790696230035     
          23          24   1.3557284573701056     
           1          25  0.75255515533551964     
           4          25   1.2620918039403739     
          24          25   1.2266787988591965     
           2          26  0.97178994365174665     
           3          27  0.97002055687536271     
           7          28  0.97002621548778789     
           8          29  0.97179156172457282     
          11          30  0.96377059752917671     
          13          31  0.97168219545544465     
          14          32  0.97170975227816792     
          17          33  0.96407838725579420     
          19          34  0.97171002159926800     
          20          35  0.97168223052357205     
          23          36  0.96376848072321619     
          38          39   1.6458831140919674     
          39          40   1.1780781967060721     
          40          41   1.2530385457570561     
          41          42   1.2532845199199885     
          42          43   1.1780814523011631     
          43          44   1.6458803960658890     
          44          45   1.1694952272902506     
          37          46  0.75254408585548938     
          42          46   1.2617633487562210     
          45          46   1.2269123075276100     
          45          47   1.3556277977842508     
          47          48   1.3531575961615487     
          48          49   1.1612656665016412     
          49          50   1.6610124306109015     
          50          51   1.1605672302046914     
          37          52  0.75132304059111665     
          48          52   1.2394922500691725     
          51          52   1.2421488342418132     
          51          53   1.3530114499315569     
          53          54   1.3529921845096724     
          54          55   1.1605714251526467     
          55          56   1.6609999738927190     
          56          57   1.1612754860911021     
          37          58  0.75130102672038768     
          54          58   1.2421639970014569     
          57          58   1.2395007338312667     
          57          59   1.3531369850945805     
          38          60   1.1695139023866026     
          59          60   1.3556630468040705     
          37          61  0.75256085674800322     
          40          61   1.2618427338892357     
          60          61   1.2268311513377048     
          38          62  0.97178803660130164     
          39          63  0.97000667193039780     
          43          64  0.97001169321061587     
          44          65  0.97179049052233502     
          47          66  0.96377366493275485     
          49          67  0.97168215175598283     
          50          68  0.97170992824619740     
          53          69  0.96407903877279866     
          55          70  0.97171018018890598     
          56          71  0.97168207145472618     
          59          72  0.96377146717207229     
           5          73   1.1797646560711494     
          73          74   2.4758076613634383     
          74          75   1.3017750565196116     
          73          76  0.20377224560882717     
          75          76   2.4742208233921561     
          77          78   2.4713796781805346     
          78          79   1.3041737064582384     
          77          80  0.20349579348515198     
          79          80   2.4713013239425177     
          81          82   2.4709519967195552     
          82          83   1.3044806712560997     
          81          84  0.20353996167835542     
          83          84   2.4709462469225700     
          85          86   2.4709433845343627     
          86          87   1.3044880752732020     
          85          88  0.20354174970951180     
          87          88   2.4709498850813629     
          89          90   2.4713448061329677     
          90          91   1.3041486533811075     
          89          92  0.20351114458385969     
          91          92   2.4714492809886988     
          93          94   2.4750398253902373     
          94          95   1.3008537543381591     
          41          96   1.1787737827190601     
          93          96  0.20354538608891620     
          95          96   2.4766288648714521     
          98          99   1.6439557505187086     
          99         100   1.1790790806875502     
          76         101   1.1819960716424229     
         100         101   1.2501922982366431     
         101         102   1.2505380525220962     
         102         103   1.1790752850785737     
         103         104   1.6439417773398981     
         104         105   1.1711219450759573     
          97         106  0.74894795474870091     
         102         106   1.2642758824896356     
         105         106   1.2255987022925849     
         105         107   1.3540518280173148     
         107         108   1.3551121403676492     
         108         109   1.1708827683232930     
         109         110   1.6441977526567282     
         110         111   1.1788804343181238     
          97         112  0.74872966936443475     
         108         112   1.2249667577046961     
         111         112   1.2650353795489280     
          77         113   1.1833401327468518     
         111         113   1.2496326252750101     
         113         114   1.2497012701912544     
         114         115   1.1788957685489885     
         115         116   1.6441630495859130     
         116         117   1.1709014625504142     
          97         118  0.74867032547455514     
         114         118   1.2650236327877260     
         117         118   1.2250027091278475     
         117         119   1.3550742368920876     
          98         120   1.1711257551995446     
         119         120   1.3541166303206127     
          97         121  0.74892868885678732     
         100         121   1.2643875630619261     
         120         121   1.2255096493089073     
          98         122  0.97176699996186711     
          99         123  0.97002233262178739     
         103         124  0.97002689103827922     
         104         125  0.97176967082593813     
         107         126  0.96347826151465055     
         109         127  0.97177275344144620     
         110         128  0.97003251036344296     
         115         129  0.97003189914203491     
         116         130  0.97177387367975121     
         119         131  0.96347570949578420     
         133         134   1.6438625107901477     
         134         135   1.1790734390100335     
          80         136   1.1834685538760907     
         135         136   1.2496492939893786     
         136         137   1.2495160865373118     
         137         138   1.1790386815344696     
         138         139   1.6439115604106092     
         139         140   1.1711551355526242     
         132         141  0.74878708331690991     
         137         141   1.2649472166134994     
         140         141   1.2251366588451376     
         140         142   1.3545024077728092     
         142         143   1.3547967497454634     
         143         144   1.1710641699537585     
         144         145   1.6440099659043494     
         145         146   1.1789616355263695     
         132         147  0.74862254570002496     
         143         147   1.2250154130399189     
         146         147   1.2650906631868257     
          81         148   1.1836227511435080     
         146         148   1.2494151313758697     
         148         149   1.2495949282385417     
         149         150   1.1788979724958744     
         150         151   1.6440532140916486     
         151         152   1.1710380785867089     
         132         153  0.74871134652901894     
         149         153   1.2650981911504764     
         152         153   1.2249767633001789     
         152         154   1.3548534404178252     
         133         155   1.1711768899022830     
         154         155   1.3544456211683538     
         132         156  0.74885003714491005     
         135         156   1.2648532376309578     
         155         156   1.2251760132962606     
         133         157  0.97176640316397145     
         134         158  0.97002320594062652     
         138         159  0.97002506846239411     
         139         160  0.97176458063919402     
         142         161  0.96346967342794654     
         144         162  0.97176762020909280     
         145         163  0.97003592078750756     
         150         164  0.97001287979327722     
         151         165  0.97176769840328914     
         154         166  0.96347219017442864     
         168         169   1.6439698461075414     
         169         170   1.1789502282137543     
          84         171   1.1836366740147080     
         170         171   1.2494601519276127     
         171         172   1.2495327141254577     
         172         173   1.1789720149919094     
         173         174   1.6439569178162916     
         174         175   1.1711221589584586     
         167         176  0.74864914308931441     
         172         176   1.2650359324619993     
         175         176   1.2250971445003902     
         175         177   1.3546471341630060     
         177         178   1.3546874078531623     
         178         179   1.1711046277599886     
         179         180   1.6439833006999045     
         180         181   1.1789577917500353     
         167         182  0.74877293866525707     
         178         182   1.2250360421545459     
         181         182   1.2650148232967280     
          85         183   1.1836422248723539     
         181         183   1.2494881444682693     
         183         184   1.2495031638764265     
         184         185   1.1789609939292540     
         185         186   1.6439472147218519     
         186         187   1.1711456503625970     
         167         188  0.74869440893782657     
         184         188   1.2650903305669470     
         187         188   1.2250350101479719     
         187         189   1.3546640223449136     
         168         190   1.1711315986874347     
         189         190   1.3547084495589496     
         167         191  0.74883644110197511     
         170         191   1.2650642709056688     
         190         191   1.2249647433658046     
         168         192  0.97176439059176456     
         169         193  0.97001497155360394     
         173         194  0.97002809939111734     
         174         195  0.97176593688011004     
         177         196  0.96347370771378371     
         179         197  0.97176458982944136     
         180         198  0.97002091201920715     
         185         199  0.97002219742165974     
         186         200  0.97176614817308926     
         189         201  0.96346949582833730     
         203         204   1.6440471166275885     
         204         205   1.1789012600026081     
          88         206   1.1836265220261568     
         205         206   1.2494737729276042     
         206         207   1.2495344295145179     
         207         208   1.1789431539169331     
         208         209   1.6440265158643803     
         209         210   1.1710475995981433     
         202         211  0.74867015645906321     
         207         211   1.2650478302750647     
         210         211   1.2250267967655559     
         210         212   1.3548071753671342     
         212         213   1.3544905612741149     
         213         214   1.1711516760636798     
         214         215   1.6439084294999899     
         215         216   1.1790322979884296     
         202         217  0.74877837891468735     
         213         217   1.2251740445368076     
         216         217   1.2648998665988944     
          89         218   1.1834488740438494     
         216         218   1.2496609754256649     
         218         219   1.2495301002715360     
         219         220   1.1790605282178057     
         220         221   1.6438767444558884     
         221         222   1.1711822012831479     
         202         223  0.74883210927382449     
         219         223   1.2649026753361861     
         222         223   1.2251438917512345     
         222         224   1.3544617428336787     
         203         225   1.1710578418535273     
         224         225   1.3548593251616714     
         202         226  0.74870266782821959     
         205         226   1.2651397592157561     
         225         226   1.2249464029369270     
         203         227  0.97176671267571380     
         204         228  0.97002028723895872     
         208         229  0.97002847794131286     
         209         230  0.97176815500082381     
         212         231  0.96347254215557399     
         214         232  0.97176620544661585     
         215         233  0.97002339930893922     
         220         234  0.97002389381098797     
         221         235  0.97176514961998495     
         224         236  0.96347028341974328     
         238         239   1.6442500991945630     
         239         240   1.1788424261980679     
          92         241   1.1832817202613581     
         240         241   1.2497015335397301     
         241         242   1.2497457557150993     
         242         243   1.1788671708461747     
         243         244   1.6442100048064288     
         244         245   1.1708692245560057     
         237         246  0.74875989675186760     
         242         246   1.2649755834648513     
         245         246   1.2249919334551156     
         245         247   1.3551288223086733     
         247         248   1.3540693041204428     
         248         249   1.1710446333385638     
         249         250   1.6441360551359105     
         250         251   1.1789112217729698     
         237         252  0.74892279984402432     
         248         252   1.2256522658902440     
         251         252   1.2641474437323814     
          93         253   1.1810102927582695     
         251         253   1.2506954114721855     
         253         254   1.2509791210557855     
         254         255   1.1789587927667575     
         255         256   1.6440609229583645     
         256         257   1.1710732621691422     
         237         258  0.74898390564488027     
         254         258   1.2640197803471311     
         257         258   1.2257208167649443     
         257         259   1.3539897013870366     
         238         260   1.1708394950241763     
         259         260   1.3551928366851056     
         237         261  0.74876188612800998     
         240         261   1.2650127274252663     
         260         261   1.2249637674147349     
         238         262  0.97177235683389440     
         239         263  0.97002895910473697     
         243         264  0.97003293129119317     
         244         265  0.97177331287026048     
         247         266  0.96347770417208567     
         249         267  0.97176492268881953     
         250         268  0.97001083547389222     
         255         269  0.97001206288345998     
         256         270  0.97176817093028678     
         259         271  0.96348046673258070     
