   -0.05495099
   -0.05342039
    0.08624234
    0.01287355
    0.06381688
   -0.04953997
   -0.05184464
    0.06441356
   -0.08095557
   -0.05517831
    0.08677326
   -0.05378729
   -0.05383696
    0.08643436
   -0.32098988
   -0.05690495
    0.06499295
   -0.05112942
   -0.05093444
    0.06555102
   -0.08107734
   -0.05517833
    0.08531351
   -0.32420285
    0.01851583
    0.01930150
    0.04322912
    0.04157463
    0.21416607
    0.04694645
    0.01939591
    0.01941352
    0.04603012
    0.04181567
    0.04173610
    0.21438918
    0.04687724
   -0.05491886
   -0.05342869
    0.08624541
    0.01285796
    0.06380902
   -0.04951140
   -0.05183851
    0.06444270
   -0.08097221
   -0.05521424
    0.08677585
   -0.05378544
   -0.05383569
    0.08643500
   -0.32102870
   -0.05692155
    0.06497569
   -0.05112672
   -0.05093305
    0.06558505
   -0.08107613
   -0.05519423
    0.08535764
   -0.32419529
    0.01854548
    0.01942651
    0.04318603
    0.04156878
    0.21414732
    0.04692401
    0.01938915
    0.01941021
    0.04602596
    0.04181860
    0.04173880
    0.21436989
    0.04687318
   -0.02968077
   -0.03070539
   -0.02978526
   -0.03010508
   -0.02988705
   -0.02995641
   -0.02986288
   -0.02985485
   -0.02995305
   -0.02989611
   -0.03011929
   -0.02980780
   -0.03069058
   -0.02962311
   -0.05475035
   -0.05332868
    0.08597995
    0.01328991
    0.06331082
   -0.04971990
   -0.05189685
    0.06417509
   -0.08130976
   -0.05316066
    0.08503098
   -0.05474370
   -0.05334476
    0.08612579
   -0.32340400
    0.01284208
    0.06344753
   -0.04981926
   -0.05187936
    0.06402940
   -0.08131061
   -0.05308000
    0.08506990
   -0.32330765
    0.01871945
    0.01938813
    0.04303201
    0.04137369
    0.21457375
    0.04768236
    0.01871151
    0.01916892
    0.04274408
    0.04137037
    0.21450504
    0.04771291
   -0.05473992
   -0.05337506
    0.08602594
    0.01314738
    0.06337134
   -0.04972938
   -0.05190551
    0.06408916
   -0.08134195
   -0.05295263
    0.08499304
   -0.05474020
   -0.05335191
    0.08607298
   -0.32317693
    0.01298920
    0.06339994
   -0.04980654
   -0.05189572
    0.06404460
   -0.08130971
   -0.05290257
    0.08500203
   -0.32311584
    0.01877904
    0.01932068
    0.04276033
    0.04138719
    0.21465439
    0.04781569
    0.01875618
    0.01916350
    0.04272493
    0.04139628
    0.21465172
    0.04784425
   -0.05473161
   -0.05330877
    0.08613215
    0.01311025
    0.06343571
   -0.04979939
   -0.05189391
    0.06404147
   -0.08112093
   -0.05292646
    0.08505426
   -0.05468723
   -0.05331014
    0.08614058
   -0.32327368
    0.01305138
    0.06339208
   -0.04982472
   -0.05183729
    0.06408008
   -0.08117264
   -0.05294527
    0.08499189
   -0.32325935
    0.01878391
    0.01919983
    0.04282878
    0.04145396
    0.21448470
    0.04783417
    0.01882867
    0.01932143
    0.04294178
    0.04146860
    0.21455187
    0.04782437
   -0.05468318
   -0.05334184
    0.08615403
    0.01305628
    0.06342295
   -0.04981054
   -0.05184188
    0.06404803
   -0.08115183
   -0.05293840
    0.08496579
   -0.05475732
   -0.05335328
    0.08614405
   -0.32328113
    0.01309555
    0.06344806
   -0.04979691
   -0.05188794
    0.06402178
   -0.08111211
   -0.05290111
    0.08504310
   -0.32324833
    0.01882850
    0.01940646
    0.04289459
    0.04148248
    0.21456467
    0.04783530
    0.01878111
    0.01916647
    0.04285634
    0.04145339
    0.21449239
    0.04783413
   -0.05475187
   -0.05332556
    0.08608644
    0.01299894
    0.06341435
   -0.04984610
   -0.05190555
    0.06401647
   -0.08128695
   -0.05285536
    0.08495315
   -0.05477806
   -0.05334587
    0.08604179
   -0.32310825
    0.01317907
    0.06337822
   -0.04974418
   -0.05194061
    0.06404403
   -0.08127924
   -0.05286432
    0.08495383
   -0.32315211
    0.01875163
    0.01907944
    0.04277357
    0.04139732
    0.21463205
    0.04786173
    0.01875962
    0.01918294
    0.04268970
    0.04137264
    0.21462622
    0.04783249
   -0.05477462
   -0.05333478
    0.08612131
    0.01285794
    0.06345949
   -0.04981532
   -0.05190690
    0.06400671
   -0.08131574
   -0.05305310
    0.08511195
   -0.05472013
   -0.05335391
    0.08595311
   -0.32324619
    0.01329685
    0.06330015
   -0.04968040
   -0.05189111
    0.06419261
   -0.08136522
   -0.05316307
    0.08499921
   -0.32339366
    0.01868413
    0.01906310
    0.04267546
    0.04136227
    0.21450731
    0.04774382
    0.01875638
    0.01954018
    0.04298260
    0.04136022
    0.21461803
    0.04768416
