           1           2   1.7164779383257298     
           2           3   1.1213365607144068     
           3           4   1.2495109664264348     
           4           5   1.2536907887352557     
           5           6   1.2359026516194571     
           6           7   1.5934720890470107     
           7           8   1.2233307065960000     
           5           9   1.2247158418087802     
           8           9   1.2028863481231418     
           8          10   1.3441481639846757     
          10          11   1.3574106520730584     
          11          12   1.1067330597628318     
          12          13   1.7310185109562886     
          13          14   1.1087727883867864     
          11          15   1.3239351413992613     
          14          15   1.3254270174739680     
          14          16   1.3536872361884948     
          16          17   1.3466517771031534     
          17          18   1.2155399450035487     
          18          19   1.6083353738754100     
          19          20   1.2149606483408586     
          17          21   1.2098828306544112     
          20          21   1.2109157288843968     
          20          22   1.3427857114931243     
           1          23   1.1150644944691150     
          22          23   1.3652287977180038     
           3          24   1.3598320406944922     
          23          24   1.3008339720283961     
           1          25  0.97278020337449023     
           2          26  0.96960597242464741     
           6          27  0.96969690299743205     
           7          28  0.97290657775667366     
           9          29  0.89993743819772098     
          10          30  0.96370425975668228     
          12          31  0.97274264127040388     
          13          32  0.97279684701926261     
          16          33  0.96474734225679626     
          18          34  0.97290326770093583     
          19          35  0.97283612646292450     
          21          36  0.90030449698105663     
          22          37  0.96357809390231652     
          38          39   1.7167014722612188     
          39          40   1.1211640580898550     
          40          41   1.2500801682162272     
          41          42   1.2542631179700954     
          42          43   1.2357105540823832     
          43          44   1.5936457162190329     
          44          45   1.2232420907840869     
          42          46   1.2245301032992095     
          45          46   1.2029552818831435     
          45          47   1.3441761897563822     
          47          48   1.3574020341753403     
          48          49   1.1067560044522469     
          49          50   1.7310087311388243     
          50          51   1.1087691473932921     
          48          52   1.3239224867972001     
          51          52   1.3254528459417416     
          51          53   1.3536645917215884     
          53          54   1.3467418429833664     
          54          55   1.2154980181048025     
          55          56   1.6084257569086611     
          56          57   1.2148774972884706     
          54          58   1.2098421560481545     
          57          58   1.2109250153063584     
          57          59   1.3428989011512997     
          38          60   1.1149697115874084     
          59          60   1.3650869393410614     
          40          61   1.3594343338667849     
          60          61   1.3011017418906279     
          38          62  0.97278064827646737     
          39          63  0.96992117022368007     
          43          64  0.96999535487213451     
          44          65  0.97290581561005729     
          46          66  0.89997761266979559     
          47          67  0.96371396901877326     
          49          68  0.97274411669872285     
          50          69  0.97279682066613549     
          53          70  0.96474260886469065     
          55          71  0.97290164430875803     
          56          72  0.97283359204873132     
          58          73  0.90031053740595546     
          59          74  0.96358162118823687     
           4          75   1.1766013118160934     
          75          76   2.5663451464508462     
          77          78   2.5594323680504689     
          79          80   2.5585909785893306     
          81          82   2.5604390459835282     
          83          84   2.5578972098489738     
          85          86   2.5581755584278172     
          41          88   1.1753486738053871     
          87          88   2.5670806325598154     
          89          90   1.7157028795653058     
          90          91   1.1231228600487673     
          76          92   1.1793821250819743     
          91          92   1.2480058894810702     
          92          93   1.2500323413000234     
          93          94   1.2396509114794823     
          94          95   1.5887982833979937     
          95          96   1.2269107641105022     
          93          97   1.2251370452431318     
          96          97   1.2042497962832117     
          96          98   1.3357833588765167     
          98          99   1.3710640874710864     
          99         100   1.1149401510047983     
         100         101   1.7156872691237068     
         101         102   1.1230658094420445     
          99         103   1.2959339000278818     
         102         103   1.3620711353781165     
          77         104   1.1836948048549152     
         102         104   1.2455547724475982     
         104         105   1.2483182725010400     
         105         106   1.2400315064799849     
         106         107   1.5884836381846807     
         107         108   1.2269582443512339     
         105         109   1.2260160138233083     
         108         109   1.2034564476835699     
         108         110   1.3368583077924230     
          89         111   1.1149853531399665     
         110         111   1.3695463766546547     
          91         112   1.3599901063375259     
         111         112   1.2975525384077782     
          89         113  0.97275748849183752     
          90         114  0.96954410729220508     
          94         115  0.97004306226749182     
          95         116  0.97290769373699082     
          97         117  0.89745951159444481     
          98         118  0.96302134834961994     
         100         119  0.97275544023177263     
         101         120  0.96940046411401448     
         106         121  0.96963280906546467     
         107         122  0.97290969967507013     
         109         123  0.89750724802250570     
         110         124  0.96302490732465562     
         125         126   1.7153065959912821     
         126         127   1.1234845208994531     
          78         128   1.1840673324255144     
         127         128   1.2453285744003393     
         128         129   1.2480902785419605     
         129         130   1.2404990374842810     
         130         131   1.5879360451065150     
         131         132   1.2273319841378278     
         129         133   1.2259018451570245     
         132         133   1.2040390449811322     
         132         134   1.3355526911754254     
         134         135   1.3712011956626151     
         135         136   1.1150706004800461     
         136         137   1.7153109996985234     
         137         138   1.1235070594282959     
         135         139   1.2956759517184828     
         138         139   1.3621771605320490     
          79         140   1.1849677981764171     
         138         140   1.2449448031929651     
         140         141   1.2475665731484453     
         141         142   1.2405171314510957     
         142         143   1.5879385638660162     
         143         144   1.2272998919872802     
         141         145   1.2262280441424260     
         144         145   1.2037612419016077     
         144         146   1.3359286229400322     
         125         147   1.1151401652666761     
         146         147   1.3707942577481125     
         127         148   1.3617760910047823     
         147         148   1.2959695129328048     
         125         149  0.97275341965771689     
         126         150  0.96928894381382924     
         130         151  0.96977310552937124     
         131         152  0.97290836624893440     
         133         153  0.89703480120702828     
         134         154  0.96296358456752040     
         136         155  0.97275365253417123     
         137         156  0.96908485549123846     
         142         157  0.96953913999116437     
         143         158  0.97290588415075385     
         145         159  0.89701780294287103     
         146         160  0.96295951706904415     
         161         162   1.7153080183345946     
         162         163   1.1233987624109418     
          80         164   1.1848362919185584     
         163         164   1.2450826791055611     
         164         165   1.2476353685138293     
         165         166   1.2404827510767509     
         166         167   1.5879336640587660     
         167         168   1.2274007793370101     
         165         169   1.2261103635952082     
         168         169   1.2036862128220189     
         168         170   1.3359102710001738     
         170         171   1.3707571096623981     
         171         172   1.1150131152343370     
         172         173   1.7156756902831338     
         173         174   1.1230562201191656     
         171         175   1.2962576985573135     
         174         175   1.3613992234791590     
          81         176   1.1819911156482505     
         174         176   1.2464604442317730     
         176         177   1.2487290762096728     
         177         178   1.2399747852619578     
         178         179   1.5883782660139893     
         179         180   1.2271761621509287     
         177         181   1.2257719816295256     
         180         181   1.2037946272419477     
         180         182   1.3359224299955073     
         161         183   1.1151786234959111     
         182         183   1.3709261564152877     
         163         184   1.3622064413640864     
         183         184   1.2957941499991579     
         161         185  0.97275825465851051     
         162         186  0.96920277054523285     
         166         187  0.96939248573324388     
         167         188  0.97290196512419980     
         169         189  0.89748934296019156     
         170         190  0.96299668378552439     
         172         191  0.97275909231175772     
         173         192  0.96980633736750943     
         178         193  0.97024805989190299     
         179         194  0.97290084629624807     
         181         195  0.89749249915784068     
         182         196  0.96299830301471800     
         197         198   1.7157365785030758     
         198         199   1.1229773474117044     
          82         200   1.1819837146071810     
         199         200   1.2464220980074809     
         200         201   1.2487200936728147     
         201         202   1.2399627258398584     
         202         203   1.5883128511537574     
         203         204   1.2272670980678662     
         201         205   1.2257885779142474     
         204         205   1.2037469072132694     
         204         206   1.3358536710459683     
         206         207   1.3710767128292343     
         207         208   1.1152667982160465     
         208         209   1.7151833365745048     
         209         210   1.1234379826137042     
         207         211   1.2955002508012545     
         210         211   1.3625744686065751     
          83         212   1.1856289447433273     
         210         212   1.2445812197010904     
         212         213   1.2473923213760731     
         213         214   1.2406187131537014     
         214         215   1.5877841726074997     
         215         216   1.2275143456214737     
         213         217   1.2261781304371273     
         216         217   1.2036655119126545     
         216         218   1.3358260148245014     
         197         219   1.1149974323627965     
         218         219   1.3708402764291407     
         199         220   1.3615330827453480     
         219         220   1.2961820465717564     
         197         221  0.97275661144210079     
         198         222  0.96990812452078212     
         202         223  0.97013739312766156     
         203         224  0.97290240528767125     
         205         225  0.89759372270678939     
         206         226  0.96300193174280535     
         208         227  0.97275566114656042     
         209         228  0.96883988750411443     
         214         229  0.96931242895572378     
         215         230  0.97290482405626044     
         217         231  0.89755098787282783     
         218         232  0.96300368806187142     
         233         234   1.7151818670467196     
         234         235   1.1235819383687025     
          84         236   1.1858531195718931     
         235         236   1.2444386487378982     
         236         237   1.2471411919925059     
         237         238   1.2406779706296229     
         238         239   1.5877261958999105     
         239         240   1.2274851968666998     
         237         241   1.2263522574778407     
         240         241   1.2037152371023474     
         240         242   1.3357455057858745     
         242         243   1.3710230490553701     
         243         244   1.1152828555479859     
         244         245   1.7150443635848023     
         245         246   1.1237237539524938     
         243         247   1.2955646399148688     
         246         247   1.3622813554771547     
          85         248   1.1859088099938120     
         246         248   1.2445162456997494     
         248         249   1.2471449421946583     
         249         250   1.2409357220572268     
         250         251   1.5874706422894538     
         251         252   1.2276657729710683     
         249         253   1.2261976878362719     
         252         253   1.2039933107917229     
         252         254   1.3352414537762898     
         233         255   1.1151772711246501     
         254         255   1.3715070331081942     
         235         256   1.3626512788713616     
         255         256   1.2952599404708729     
         233         257  0.97275928230769926     
         234         258  0.96901667329672547     
         238         259  0.96919033283755029     
         239         260  0.97290853974363856     
         241         261  0.89699568263688834     
         242         262  0.96293110352986189     
         244         263  0.97275661887813147     
         245         264  0.96873175027449887     
         250         265  0.96924543301525690     
         251         266  0.97291146447413812     
         253         267  0.89695472603206261     
         254         268  0.96293783923346910     
         269         270   1.7154356052300033     
         270         271   1.1233160233062633     
          86         272   1.1855097270314756     
         271         272   1.2446738144780307     
         272         273   1.2475781475369301     
         273         274   1.2403483961721091     
         274         275   1.5882360081749169     
         275         276   1.2270479084532198     
         273         277   1.2262418974419815     
         276         277   1.2034410565834659     
         276         278   1.3368301277471886     
         278         279   1.3694766513065502     
         279         280   1.1148759101388923     
         280         281   1.7158781753631926     
         281         282   1.1230435888474462     
         279         283   1.2977693474981027     
         282         283   1.3595228647351600     
          87         284   1.1782396333244400     
         282         284   1.2484858271529988     
         284         285   1.2505394752974874     
         285         286   1.2395186655365322     
         286         287   1.5888872920198691     
         287         288   1.2268785374181936     
         285         289   1.2249947507182648     
         288         289   1.2043960586150255     
         288         290   1.3356094469998270     
         269         291   1.1150298337365885     
         290         291   1.3712941303615369     
         271         292   1.3625935603191761     
         291         292   1.2955553132012692     
         269         293  0.97275509977754648     
         270         294  0.96887005059879450     
         274         295  0.96906872513163589     
         275         296  0.97291001152849588     
         277         297  0.89735077520746109     
         278         298  0.96300247356979940     
         280         299  0.97275559143178603     
         281         300  0.96982762716682980     
         286         301  0.97038382509183374     
         287         302  0.97290942365621791     
         289         303  0.89733331152536122     
         290         304  0.96300954336777955     
