    0.24463088
   -0.05197478
   -0.05038260
    0.07728694
    0.01697430
    0.07731458
   -0.05034574
   -0.05198012
    0.07563580
   -0.17680191
   -0.04973033
    0.07691600
   -0.05101126
   -0.05114852
    0.07742224
   -0.17473569
   -0.05149508
    0.07742398
   -0.05115005
   -0.05101206
    0.07691452
   -0.17475390
   -0.04972004
    0.07562556
   -0.17675317
    0.03372139
    0.03542552
    0.03545483
    0.03370471
    0.04924428
    0.03431190
    0.03423452
    0.04861309
    0.03423226
    0.03430934
    0.04925170
    0.24462148
   -0.05197180
   -0.05038469
    0.07726082
    0.01696850
    0.07730241
   -0.05034893
   -0.05197718
    0.07565851
   -0.17682382
   -0.04976320
    0.07692078
   -0.05101329
   -0.05114682
    0.07742354
   -0.17475413
   -0.05151163
    0.07742386
   -0.05115042
   -0.05101427
    0.07692034
   -0.17475972
   -0.04975617
    0.07565305
   -0.17678671
    0.03372317
    0.03546179
    0.03548841
    0.03370948
    0.04922921
    0.03430613
    0.03422814
    0.04860268
    0.03422785
    0.03430485
    0.04923700
   -0.02033205
   -0.01002516
   -0.00927397
   -0.02115130
   -0.02047564
   -0.00962169
   -0.00934784
   -0.02075284
   -0.02051534
   -0.00946973
   -0.00936296
   -0.02062324
   -0.02054016
   -0.00940786
   -0.00937796
   -0.02057286
   -0.02057311
   -0.00937725
   -0.00940931
   -0.02054035
   -0.02062520
   -0.00936340
   -0.00947022
   -0.02051403
   -0.02075957
   -0.00935027
   -0.00962867
   -0.02048067
   -0.02111078
   -0.00924085
   -0.01000333
   -0.02028113
    0.24636024
   -0.05180933
   -0.05036561
    0.07746265
    0.01743283
    0.07749184
   -0.05033473
   -0.05181373
    0.07516792
   -0.17684372
   -0.04759605
    0.07511055
   -0.05177089
   -0.05043604
    0.07757144
   -0.17688160
    0.01701971
    0.07757345
   -0.05044197
   -0.05177016
    0.07510446
   -0.17687916
   -0.04758930
    0.07515671
   -0.17681916
    0.03385832
    0.03556944
    0.03560439
    0.03384182
    0.04995880
    0.03384627
    0.03542869
    0.03544103
    0.03384953
    0.04996531
    0.24639093
   -0.05176632
   -0.05037321
    0.07755476
    0.01731527
    0.07754700
   -0.05038875
   -0.05176552
    0.07513248
   -0.17676979
   -0.04749317
    0.07512487
   -0.05175017
   -0.05040636
    0.07758221
   -0.17681161
    0.01716586
    0.07758129
   -0.05040608
   -0.05175207
    0.07512464
   -0.17680518
   -0.04749447
    0.07513619
   -0.17678730
    0.03391455
    0.03555173
    0.03555381
    0.03392303
    0.05006249
    0.03391486
    0.03549283
    0.03549399
    0.03391500
    0.05005978
    0.24638863
   -0.05174995
   -0.05037898
    0.07757075
    0.01728832
    0.07757176
   -0.05037406
   -0.05175177
    0.07513710
   -0.17675542
   -0.04748529
    0.07513721
   -0.05174491
   -0.05038602
    0.07758095
   -0.17679272
    0.01723218
    0.07758067
   -0.05038555
   -0.05174629
    0.07513494
   -0.17676954
   -0.04748331
    0.07514138
   -0.17678070
    0.03394088
    0.03554736
    0.03554658
    0.03394400
    0.05009265
    0.03393930
    0.03552287
    0.03552229
    0.03393971
    0.05009322
    0.24638791
   -0.05174605
   -0.05037769
    0.07757980
    0.01726646
    0.07757543
   -0.05037656
   -0.05174585
    0.07514168
   -0.17677475
   -0.04748257
    0.07513983
   -0.05174713
   -0.05038356
    0.07757569
   -0.17676972
    0.01726665
    0.07757960
   -0.05037067
   -0.05174435
    0.07514160
   -0.17677562
   -0.04748492
    0.07513996
   -0.17677018
    0.03394723
    0.03553859
    0.03553722
    0.03394626
    0.05010196
    0.03394919
    0.03554279
    0.03553350
    0.03394456
    0.05010001
    0.24638956
   -0.05174508
   -0.05038047
    0.07758673
    0.01723065
    0.07757478
   -0.05039004
   -0.05174557
    0.07513648
   -0.17678297
   -0.04748369
    0.07513956
   -0.05175156
   -0.05037928
    0.07757161
   -0.17676273
    0.01728737
    0.07756975
   -0.05037433
   -0.05175041
    0.07514081
   -0.17677554
   -0.04748672
    0.07513670
   -0.17677935
    0.03393902
    0.03552159
    0.03552445
    0.03394011
    0.05009363
    0.03394297
    0.03554927
    0.03554477
    0.03394115
    0.05009082
    0.24639212
   -0.05175095
   -0.05040939
    0.07758284
    0.01716148
    0.07758101
   -0.05040345
   -0.05175103
    0.07512697
   -0.17681072
   -0.04749976
    0.07513976
   -0.05176630
   -0.05036971
    0.07755552
   -0.17678909
    0.01731392
    0.07754491
   -0.05039132
   -0.05176652
    0.07513390
   -0.17677250
   -0.04749308
    0.07512593
   -0.17681084
    0.03391454
    0.03549548
    0.03549206
    0.03391420
    0.05005691
    0.03391363
    0.03555725
    0.03555037
    0.03392281
    0.05006223
    0.24635340
   -0.05177018
   -0.05043534
    0.07757147
    0.01700877
    0.07757741
   -0.05043323
   -0.05177034
    0.07511684
   -0.17689347
   -0.04762228
    0.07518713
   -0.05180481
   -0.05036879
    0.07744745
   -0.17683288
    0.01743464
    0.07747889
   -0.05033160
   -0.05180888
    0.07520008
   -0.17687698
   -0.04762827
    0.07512243
   -0.17688037
    0.03384948
    0.03543150
    0.03544701
    0.03384936
    0.04995789
    0.03387029
    0.03562322
    0.03564213
    0.03384984
    0.04995135
