           2           3   1.6504919511527936     
           3           4   1.1792563670397254     
           4           5   1.2516031130776211     
           5           6   1.2519203603460400     
           6           7   1.1792573374399220     
           7           8   1.6504840421676805     
           8           9   1.1710224498289246     
           1          10  0.48893337244752322     
           6          10   1.2861337634928045     
           9          10   1.2467863105244750     
           9          11   1.3576937117218582     
          11          12   1.3538275462107077     
          12          13   1.1628178830452143     
          13          14   1.6655899379409174     
          14          15   1.1620701669572246     
           1          16  0.49141871586643326     
          12          16   1.2609572817864207     
          15          16   1.2631952173937808     
          15          17   1.3540866643150236     
          17          18   1.3540638777967586     
          18          19   1.1620623783457686     
          19          20   1.6655888783559534     
          20          21   1.1628206110244310     
           1          22  0.49133461346182017     
          18          22   1.2632263814443558     
          21          22   1.2609777396302810     
          21          23   1.3538041387612478     
           2          24   1.1710392044155422     
          23          24   1.3577468477836447     
           1          25  0.48894334877001433     
           4          25   1.2862394276322739     
          24          25   1.2466912360533735     
           2          26  0.97242324636959288     
           3          27  0.97097203304282353     
           7          28  0.97097593925478298     
           8          29  0.97242665283927587     
          11          30  0.96390831893650020     
          13          31  0.97233588463747844     
          14          32  0.97235611742323935     
          17          33  0.96423612958037408     
          19          34  0.97235691607005714     
          20          35  0.97233587551793366     
          23          36  0.96390520769425048     
          38          39   1.6506386789431691     
          39          40   1.1791365854626477     
          40          41   1.2520967039946380     
          41          42   1.2523978424972229     
          42          43   1.1791294122098239     
          43          44   1.6506197064431554     
          44          45   1.1709698171230238     
          37          46  0.48896573265802556     
          42          46   1.2858874036660319     
          45          46   1.2469193358738928     
          45          47   1.3576275019881221     
          47          48   1.3539093791957519     
          48          49   1.1627839068497556     
          49          50   1.6656358371051971     
          50          51   1.1620462712788484     
          37          52  0.49142804317019706     
          48          52   1.2609488505416602     
          51          52   1.2631959928592957     
          51          53   1.3541102991191205     
          53          54   1.3540973256108155     
          54          55   1.1620477364324990     
          55          56   1.6656265667043031     
          56          57   1.1627923818005361     
          37          58  0.49138995839277788     
          54          58   1.2632077988605084     
          57          58   1.2609619227491435     
          57          59   1.3538917532550689     
          38          60   1.1709615343698219     
          59          60   1.3576551343755896     
          37          61  0.48893821508288310     
          40          61   1.2859505742161534     
          60          61   1.2468884496642314     
          38          62  0.97242191970635661     
          39          63  0.97096359374221686     
          43          64  0.97096399468318051     
          44          65  0.97242537070456991     
          47          66  0.96390931045334616     
          49          67  0.97233612394619728     
          50          68  0.97235608617112512     
          53          69  0.96423564235947357     
          55          70  0.97235662961967517     
          56          71  0.97233613320735746     
          59          72  0.96390761809872527     
           5          73   1.1845617727094586     
          73          74   2.4701054928509647     
          74          75   1.3051355363721042     
          73          76  0.20286339656960470     
          75          76   2.4685214387495451     
          77          78   2.4658463993535538     
          78          79   1.3073693651261462     
          77          80  0.20244476545518728     
          79          80   2.4657648196062660     
          81          82   2.4657870096792962     
          82          83   1.3073417208646418     
          81          84  0.20238077816837169     
          83          84   2.4657872764357891     
          85          86   2.4658662581454940     
          86          87   1.3072712763717496     
          85          88  0.20235869131511436     
          87          88   2.4658606337935942     
          89          90   2.4658653829667374     
          90          91   1.3072697700533988     
          89          92  0.20235876909527245     
          91          92   2.4658647644536287     
          93          94   2.4657857230804021     
          94          95   1.3073481059682217     
          93          96  0.20238871578507464     
          95          96   2.4657942002990572     
          97          98   2.4658239378232447     
          98          99   1.3073250305014694     
          97         100  0.20245679233451136     
          99         100   2.4659395720221329     
         101         102   2.4694151848407895     
         102         103   1.3041600448446133     
          41         104   1.1835367124122571     
         101         104  0.20264984396418845     
         103         104   2.4709982829336674     
         106         107   1.6479171901830072     
         107         108   1.1809279522958096     
          76         109   1.1868248517918176     
         108         109   1.2493440078909623     
         109         110   1.2495996787357539     
         110         111   1.1809165755696842     
         111         112   1.6479117774066081     
         112         113   1.1732544980775239     
         105         114  0.48876666332620372     
         110         114   1.2872021838117207     
         113         114   1.2450643036076185     
         113         115   1.3557062744124557     
         115         116   1.3567543151100783     
         116         117   1.1730742290554070     
         117         118   1.6480658040041174     
         118         119   1.1808293041551650     
         105         120  0.48879263022125896     
         116         120   1.2443639757963612     
         119         120   1.2878489265174609     
          77         121   1.1881402455273999     
         119         121   1.2487351850468331     
         121         122   1.2487093265556855     
         122         123   1.1808319400776315     
         123         124   1.6480472172047365     
         124         125   1.1731009655059834     
         105         126  0.48881473099316475     
         122         126   1.2878749170852966     
         125         126   1.2443176214683778     
         125         127   1.3567690173909619     
         106         128   1.1732572691265422     
         127         128   1.3557228117956102     
         105         129  0.48874383754878969     
         108         129   1.2872497894282668     
         128         129   1.2450304765834781     
         106         130  0.97241267790566033     
         107         131  0.97097936152923436     
         111         132  0.97097538427032193     
         112         133  0.97241386159259713     
         115         134  0.96357086948291981     
         117         135  0.97241180752318757     
         118         136  0.97098887094800279     
         123         137  0.97098783186347570     
         124         138  0.97241170686923395     
         127         139  0.96356636419282193     
         141         142   1.6477679049580496     
         142         143   1.1810583953641278     
          80         144   1.1883049256336689     
         143         144   1.2487184861530498     
         144         145   1.2486092961743460     
         145         146   1.1810523464303224     
         146         147   1.6477714505603323     
         147         148   1.1733003832335345     
         140         149  0.48873828486254328     
         145         149   1.2877136147330659     
         148         149   1.2446533734846308     
         148         150   1.3560641141329017     
         150         151   1.3564080947436150     
         151         152   1.1731954436907677     
         152         153   1.6479000910659654     
         153         154   1.1809554963463067     
         140         155  0.48872040547001350     
         151         155   1.2444887186134972     
         154         155   1.2878066473227920     
          81         156   1.1882453213622051     
         154         156   1.2486481305880548     
         156         157   1.2486134880123403     
         157         158   1.1809601440487523     
         158         159   1.6478951791675320     
         159         160   1.1732051290121757     
         140         161  0.48874835103494868     
         157         161   1.2878320850981115     
         160         161   1.2444603607513807     
         160         162   1.3564266000438674     
         141         163   1.1732905601207144     
         162         163   1.3560319754803820     
         140         164  0.48871654472814358     
         143         164   1.2876670361030005     
         163         164   1.2447061886001296     
         141         165  0.97241034778229962     
         142         166  0.97098436074166083     
         146         167  0.97098142048681635     
         147         168  0.97240992314452290     
         150         169  0.96355137197710550     
         152         170  0.97240786306690796     
         153         171  0.97098855112797078     
         158         172  0.97098589136134816     
         159         173  0.97240847626671467     
         162         174  0.96355287585488936     
         176         177   1.6478325727522944     
         177         178   1.1810260125868157     
          84         179   1.1882698254094248     
         178         179   1.2486293849216807     
         179         180   1.2486747519641350     
         180         181   1.1810341941824833     
         181         182   1.6478157795535378     
         182         183   1.1732513000363303     
         175         184  0.48876744370941350     
         180         184   1.2877021534540471     
         183         184   1.2446356633159059     
         183         185   1.3561500771725963     
         185         186   1.3562893404721301     
         186         187   1.1731979630036915     
         187         188   1.6478829312521932     
         188         189   1.1809879969595691     
         175         190  0.48869046149595091     
         186         190   1.2445835345602956     
         189         190   1.2877590783086186     
          85         191   1.1882113954061799     
         189         191   1.2486507442328392     
         191         192   1.2486552904832533     
         192         193   1.1810005696033605     
         193         194   1.6478594368072410     
         194         195   1.1732232217668674     
         175         196  0.48874962064408622     
         192         196   1.2877555610760498     
         195         196   1.2445636835771576     
         195         197   1.3562777583637557     
         176         198   1.1732332424713316     
         197         198   1.3561584962970754     
         175         199  0.48867636339770859     
         178         199   1.2877297881584211     
         198         199   1.2446550410045478     
         176         200  0.97240769512781600     
         177         201  0.97098399915289590     
         181         202  0.97098480837737744     
         182         203  0.97240797810193136     
         185         204  0.96354637336511939     
         187         205  0.97240711552967019     
         188         206  0.97098629413301085     
         193         207  0.97098622848386884     
         194         208  0.97240657323240043     
         197         209  0.96354670093308847     
         211         212   1.6478472021153279     
         212         213   1.1810202818714353     
          88         214   1.1882223136700190     
         213         214   1.2486477625250982     
         214         215   1.2486711223313816     
         215         216   1.1810224439358041     
         216         217   1.6478456697400101     
         217         218   1.1732252061048276     
         210         219  0.48871487125330254     
         215         219   1.2877054930005085     
         218         219   1.2446353116365871     
         218         220   1.3562020851274816     
         220         221   1.3562269953889043     
         221         222   1.1732245593157997     
         222         223   1.6478481684714894     
         223         224   1.1810204870907113     
         210         225  0.48871581253136614     
         221         225   1.2446062392125046     
         224         225   1.2877440668187137     
          89         226   1.1882200586973997     
         224         226   1.2486066013803667     
         226         227   1.2487152002823629     
         227         228   1.1810204300527942     
         228         229   1.6478471938455672     
         229         230   1.1732233947597499     
         210         231  0.48872793704281414     
         227         231   1.2876945428226714     
         230         231   1.2446376439611322     
         230         232   1.3562016356694073     
         211         233   1.1732242754438209     
         232         233   1.3562238221807836     
         210         234  0.48873021219162333     
         213         234   1.2877301664479990     
         233         234   1.2446100343519744     
         211         235  0.97240724053644889     
         212         236  0.97098390053927253     
         216         237  0.97098676811424567     
         217         238  0.97240675660876219     
         220         239  0.96354472899626198     
         222         240  0.97240727422954332     
         223         241  0.97098300866178922     
         228         242  0.97098749151746166     
         229         243  0.97240679715813616     
         232         244  0.96354519071483558     
         246         247   1.6478837416865972     
         247         248   1.1809818677184345     
          92         249   1.1882115935064594     
         248         249   1.2486949238858451     
         249         250   1.2486118737364924     
         250         251   1.1809958392054449     
         251         252   1.6478722205714476     
         252         253   1.1732148191421616     
         245         254  0.48870700968586678     
         250         254   1.2877700581136944     
         253         254   1.2445676639186090     
         253         255   1.3562912918756642     
         255         256   1.3561507431558901     
         256         257   1.1732462255511971     
         257         258   1.6478193610163583     
         258         259   1.1810327053777563     
         245         260  0.48872980411206196     
         256         260   1.2446445048321984     
         259         260   1.2877164138969803     
          93         261   1.1882693150712267     
         259         261   1.2486359845004267     
         261         262   1.2486683380471326     
         262         263   1.1810299477244954     
         263         264   1.6478236065671323     
         264         265   1.1732430898396673     
         245         266  0.48871760521788454     
         262         266   1.2877080515021095     
         265         266   1.2446527232779423     
         265         267   1.3561511080176369     
         246         268   1.1732014843771119     
         267         268   1.3562872421343353     
         245         269  0.48873502582300055     
         248         269   1.2877462500063881     
         268         269   1.2445786438512789     
         246         270  0.97240702682429536     
         247         271  0.97098317171881132     
         251         272  0.97098867501162689     
         252         273  0.97240647301219929     
         255         274  0.96354633536594914     
         257         275  0.97240772953557286     
         258         276  0.97098223919364668     
         263         277  0.97098675929486133     
         264         278  0.97240796445302968     
         267         279  0.96354710295116319     
         281         282   1.6478988410936886     
         282         283   1.1809547714332742     
          96         284   1.1882368919479971     
         283         284   1.2486137570375813     
         284         285   1.2486578676510145     
         285         286   1.1809500258561492     
         286         287   1.6479064069784695     
         287         288   1.1731949915344473     
         280         289  0.48875058010394207     
         285         289   1.2878096493986375     
         288         289   1.2444751330944448     
         288         290   1.3564249807915338     
         290         291   1.3560342027996499     
         291         292   1.1732784751365273     
         292         293   1.6477833449990356     
         293         294   1.1810451896429857     
         280         295  0.48872991835023810     
         291         295   1.2447159747105134     
         294         295   1.2876491037608919     
          97         296   1.1882753954144416     
         294         296   1.2487641909983158     
         296         297   1.2485975567558008     
         297         298   1.1810542561931134     
         298         299   1.6477697025411784     
         299         300   1.1733043755293977     
         280         301  0.48872353111968692     
         297         301   1.2877150414355429     
         300         301   1.2446601340701431     
         300         302   1.3560551791896229     
         281         303   1.1732004455690526     
         302         303   1.3564210561624299     
         280         304  0.48872165458352729     
         283         304   1.2878278779080843     
         303         304   1.2444724452359124     
         281         305  0.97240776974559640     
         282         306  0.97098618205198506     
         286         307  0.97098844611952762     
         287         308  0.97240843581876413     
         290         309  0.96355337839395094     
         292         310  0.97241032707222186     
         293         311  0.97098311731976050     
         298         312  0.97098301378470719     
         299         313  0.97241000479566553     
         302         314  0.96355122478542454     
         316         317   1.6481219097185864     
         317         318   1.1807912415035549     
         100         319   1.1880670637085571     
         318         319   1.2487423469131911     
         319         320   1.2488222727859515     
         320         321   1.1807935513634455     
         321         322   1.6481052851873086     
         322         323   1.1730511999239492     
         315         324  0.48882841045881253     
         320         324   1.2878272056215456     
         323         324   1.2443487750694082     
         323         325   1.3568180162655650     
         325         326   1.3556722582434446     
         326         327   1.1731852248328534     
         327         328   1.6480660662855109     
         328         329   1.1807917420696801     
         315         330  0.48877845375033335     
         326         330   1.2451603234171005     
         329         330   1.2870149325935665     
         101         331   1.1858090757198680     
         329         331   1.2497910484975578     
         331         332   1.2501147668238577     
         332         333   1.1807985931388285     
         333         334   1.6480448374694083     
         334         335   1.1731844584474380     
         315         336  0.48875724406473026     
         332         336   1.2869105760051405     
         335         336   1.2452524478199696     
         335         337   1.3556094566961074     
         316         338   1.1730355125092458     
         337         338   1.3568461586763712     
         315         339  0.48883623815839150     
         318         339   1.2878545999365225     
         338         339   1.2443391296376758     
         316         340  0.97241100034145433     
         317         341  0.97098522796522013     
         321         342  0.97099173201607802     
         322         343  0.97241189368652203     
         325         344  0.96356799218222067     
         327         345  0.97241085460188115     
         328         346  0.97096456556890742     
         333         347  0.97096986483592296     
         334         348  0.97241292134056423     
         337         349  0.96357179116588909     
