    0.24432268
   -0.05205893
   -0.05049275
    0.07664291
    0.01817120
    0.07665275
   -0.05047299
   -0.05205779
    0.07569803
   -0.17643338
   -0.05007451
    0.07683245
   -0.05106613
   -0.05121569
    0.07736722
   -0.17469250
   -0.05174011
    0.07737134
   -0.05121046
   -0.05106307
    0.07684136
   -0.17476039
   -0.05007843
    0.07569552
   -0.17637246
    0.03379836
    0.03494920
    0.03494915
    0.03378851
    0.04910958
    0.03419144
    0.03412233
    0.04846196
    0.03411583
    0.03418545
    0.04910749
    0.24436682
   -0.05211200
   -0.05056333
    0.07671179
    0.01822796
    0.07670916
   -0.05055103
   -0.05210676
    0.07562774
   -0.17636409
   -0.04999909
    0.07682559
   -0.05106271
   -0.05120818
    0.07737586
   -0.17470564
   -0.05169151
    0.07737783
   -0.05120929
   -0.05106338
    0.07682622
   -0.17472235
   -0.04999445
    0.07562558
   -0.17633984
    0.03378214
    0.03495328
    0.03492818
    0.03378054
    0.04915234
    0.03420486
    0.03413613
    0.04848440
    0.03413353
    0.03420270
    0.04915422
   -0.02836524
   -0.02912814
   -0.02862836
   -0.02887980
   -0.02872953
   -0.02873703
   -0.02885877
   -0.02863558
   -0.02919478
   -0.02845279
    0.24584792
   -0.05188933
   -0.05044552
    0.07686017
    0.01857230
    0.07685634
   -0.05043136
   -0.05188360
    0.07524803
   -0.17632063
   -0.04813629
    0.07509928
   -0.05194349
   -0.05066948
    0.07699271
   -0.17634150
    0.01821830
    0.07699956
   -0.05064629
   -0.05195273
    0.07510671
   -0.17633158
   -0.04814980
    0.07525388
   -0.17635706
    0.03398389
    0.03523400
    0.03525130
    0.03398136
    0.04988115
    0.03392715
    0.03499669
    0.03496430
    0.03393052
    0.04988082
    0.24608132
   -0.05195544
   -0.05061243
    0.07698348
    0.01849003
    0.07699778
   -0.05058248
   -0.05194625
    0.07508231
   -0.17636258
   -0.04791389
    0.07504789
   -0.05196409
   -0.05062760
    0.07703423
   -0.17632718
    0.01839965
    0.07702767
   -0.05067009
   -0.05196199
    0.07505199
   -0.17635293
   -0.04790952
    0.07507554
   -0.17630223
    0.03398243
    0.03501583
    0.03502539
    0.03396699
    0.04998893
    0.03396110
    0.03496404
    0.03500107
    0.03396942
    0.04999996
    0.24608835
   -0.05196757
   -0.05063316
    0.07702790
    0.01841087
    0.07702131
   -0.05066778
   -0.05196001
    0.07503741
   -0.17627643
   -0.04789778
    0.07506945
   -0.05195618
   -0.05060245
    0.07700328
   -0.17636125
    0.01848760
    0.07700482
   -0.05061927
   -0.05195600
    0.07506681
   -0.17630514
   -0.04790846
    0.07505362
   -0.17638421
    0.03395607
    0.03495861
    0.03500472
    0.03397423
    0.05000167
    0.03396894
    0.03498890
    0.03505821
    0.03397297
    0.04999733
    0.24594772
   -0.05195165
   -0.05068607
    0.07699486
    0.01824520
    0.07701639
   -0.05063373
   -0.05196375
    0.07507548
   -0.17636814
   -0.04806213
    0.07516742
   -0.05195063
   -0.05052104
    0.07690678
   -0.17633846
    0.01861116
    0.07691773
   -0.05049883
   -0.05194903
    0.07516886
   -0.17635862
   -0.04806414
    0.07507236
   -0.17634176
    0.03392661
    0.03501035
    0.03491899
    0.03392201
    0.04990690
    0.03395087
    0.03516151
    0.03514316
    0.03394654
    0.04990529
