           2           3   1.6516935005109605     
           3           4   1.1778752963490851     
           4           5   1.2597266657565622     
           5           6   1.2596772096745303     
           6           7   1.1778172265501201     
           7           8   1.6517639348786919     
           8           9   1.1704239092960553     
           1          10  0.48878194882148562     
           6          10   1.2837024454678807     
           9          10   1.2487823172670383     
           9          11   1.3566095850898661     
          11          12   1.3547655234134017     
          12          13   1.1625876852162766     
          13          14   1.6658606343936104     
          14          15   1.1619411855158557     
           1          16  0.49197997314820890     
          12          16   1.2606088070803063     
          15          16   1.2632107350489501     
          15          17   1.3542023496651512     
          17          18   1.3542217531448495     
          18          19   1.1618849827299573     
          19          20   1.6659356832436778     
          20          21   1.1625192039361818     
           1          22  0.49176628630992891     
          18          22   1.2632581662094471     
          21          22   1.2606833829555497     
          21          23   1.3547801894151923     
           2          24   1.1704818574632989     
          23          24   1.3565831574428566     
           1          25  0.48901079196048214     
           4          25   1.2835653375074769     
          24          25   1.2487478086081047     
           2          26  0.97240887346527316     
           3          27  0.96925250486587899     
           7          28  0.96939318082089321     
           8          29  0.97241148081508255     
          11          30  0.96394009391606938     
          13          31  0.97234060976496195     
          14          32  0.97236183605603921     
          17          33  0.96425498216420702     
          19          34  0.97236343982057738     
          20          35  0.97234238286271713     
          23          36  0.96393758358136250     
          38          39   1.6512251649524077     
          39          40   1.1783107385068559     
          40          41   1.2581416730262058     
          41          42   1.2582093397376275     
          42          43   1.1783089061996292     
          43          44   1.6512361857318600     
          44          45   1.1706772165997077     
          37          46  0.48887232955182985     
          42          46   1.2842957279388139     
          45          46   1.2483461567703928     
          45          47   1.3567529252308037     
          47          48   1.3545816471540413     
          48          49   1.1626214876887788     
          49          50   1.6657998333782287     
          50          51   1.1619556807662785     
          37          52  0.49178579202182582     
          48          52   1.2606835025074368     
          51          52   1.2632375218163514     
          51          53   1.3541538063279315     
          53          54   1.3541369572303490     
          54          55   1.1619410257953471     
          55          56   1.6658130427348949     
          56          57   1.1626103836425274     
          37          58  0.49169932789869791     
          54          58   1.2632703987343978     
          57          58   1.2607074729921313     
          57          59   1.3545690041094027     
          38          60   1.1706948856059904     
          59          60   1.3567691013606717     
          37          61  0.48891476091766689     
          40          61   1.2843389400724177     
          60          61   1.2483026712965686     
          38          62  0.97241035951732457     
          39          63  0.96838296889763420     
          43          64  0.96839727362568206     
          44          65  0.97241039047422007     
          47          66  0.96392231409988538     
          49          67  0.97234040050037285     
          50          68  0.97236206318217044     
          53          69  0.96425562112980689     
          55          70  0.97236267412912880     
          56          71  0.97234116656753788     
          59          72  0.96392319017905959     
           5          73   1.1653367824113825     
          73          74   2.5800487813580419     
          75          76   2.5735462791436965     
          77          78   2.5723622954111800     
          79          80   2.5731323156419297     
          41          82   1.1686298426723811     
          81          82   2.5779785967168003     
          84          85   1.6496914460911110     
          85          86   1.1790902111594113     
          74          87   1.1667279014499030     
          86          87   1.2578585125584807     
          87          88   1.2578721079678428     
          88          89   1.1791013452613333     
          89          90   1.6496687375560257     
          90          91   1.1722659875330450     
          83          92  0.48905169446711111     
          88          92   1.2846038956204457     
          91          92   1.2468797059304864     
          91          93   1.3554034122586662     
          93          94   1.3566492854420829     
          94          95   1.1724550120384851     
          95          96   1.6490318100929486     
          96          97   1.1797800561744736     
          83          98  0.48912955999675245     
          94          98   1.2456143462516283     
          97          98   1.2861987226140619     
          75          99   1.1731233809905899     
          97          99   1.2547616764005713     
          99         100   1.2549494081071908     
         100         101   1.1798174941165482     
         101         102   1.6489816465934526     
         102         103   1.1724899803518629     
          83         104  0.48927972318802010     
         100         104   1.2860113387532088     
         103         104   1.2456668209259725     
         103         105   1.3565804948383615     
          84         106   1.1722192014469366     
         105         106   1.3554458388096216     
          83         107  0.48898633501421324     
          86         107   1.2845924658453782     
         106         107   1.2469021444566259     
          84         108  0.97239321094358389     
          85         109  0.96924317858242059     
          89         110  0.96939198359252510     
          90         111  0.97239291068687517     
          93         112  0.96360416336495403     
          95         113  0.97239624237655264     
          96         114  0.96782524807511305     
         101         115  0.96764656737301280     
         102         116  0.97239530830425858     
         105         117  0.96360188411898129     
         119         120   1.6485106137706973     
         120         121   1.1801180370144662     
          76         122   1.1734542260675656     
         121         122   1.2544959997931797     
         122         123   1.2545890155109323     
         123         124   1.1801118822867049     
         124         125   1.6485409984581032     
         125         126   1.1728439837662261     
         118         127  0.48888187642611813     
         123         127   1.2860879141857535     
         126         127   1.2458329220063833     
         126         128   1.3558021096867412     
         128         129   1.3561112742056274     
         129         130   1.1728983713929053     
         130         131   1.6483855709582662     
         131         132   1.1802966031918738     
         118         133  0.48907013263595889     
         129         133   1.2455243194012191     
         132         133   1.2863187307317774     
          77         134   1.1747490809282741     
         132         134   1.2540043891002721     
         134         135   1.2538413259391121     
         135         136   1.1801784389323247     
         136         137   1.6484944911749482     
         137         138   1.1728422312521538     
         118         139  0.48885493961113574     
         135         139   1.2865033832059294     
         138         139   1.2454806021787417     
         138         140   1.3561868159114741     
         119         141   1.1728894642339387     
         140         141   1.3558001440180236     
         118         142  0.48899761950408843     
         121         142   1.2860944521451816     
         141         142   1.2457587561808414     
         119         143  0.97239695012061089     
         120         144  0.96765809706179351     
         124         145  0.96785567646086335     
         125         146  0.97240043263758091     
         128         147  0.96355407959096340     
         130         148  0.97239872492626112     
         131         149  0.96728128423913851     
         136         150  0.96720366116080003     
         137         151  0.97239684266697113     
         140         152  0.96354925096102295     
         154         155   1.6484040783371139     
         155         156   1.1802768467497371     
          78         157   1.1747740928240762     
         156         157   1.2539707495002044     
         157         158   1.2538356704070646     
         158         159   1.1802684103142431     
         159         160   1.6483822835065163     
         160         161   1.1729349188532792     
         153         162  0.48910781131862624     
         158         162   1.2864419946627783     
         161         162   1.2454049709973036     
         161         163   1.3561364619116634     
         163         164   1.3558387780796672     
         164         165   1.1728653003942111     
         165         166   1.6485156314949567     
         166         167   1.1801277531963286     
         153         168  0.48876768376817353     
         164         168   1.2457568933610670     
         167         168   1.2862634743337704     
          79         169   1.1738825075221690     
         167         169   1.2542958323549067     
         169         170   1.2543693095182276     
         170         171   1.1801911691205493     
         171         172   1.6484570719951912     
         172         173   1.1728915237453701     
         153         174  0.48902330300593622     
         170         174   1.2861392613267002     
         173         174   1.2457133588134794     
         173         175   1.3558617724179076     
         154         176   1.1728717293606328     
         175         176   1.3560546443783630     
         153         177  0.48887427778766912     
         156         177   1.2863489524801910     
         176         177   1.2456084871757445     
         154         178  0.97240023213523741     
         155         179  0.96722075073402580     
         159         180  0.96726517861368622     
         160         181  0.97239624570703775     
         163         182  0.96354780890179947     
         165         183  0.97239961957969168     
         166         184  0.96759375901349887     
         171         185  0.96767346676941213     
         172         186  0.97239811061497683     
         175         187  0.96355003675818962     
         189         190   1.6487960595602573     
         190         191   1.1799513657398761     
          80         192   1.1736560551269135     
         191         192   1.2545181839907835     
         192         193   1.2545285903730723     
         193         194   1.1799486551427221     
         194         195   1.6488040438312379     
         195         196   1.1726175327251747     
         188         197  0.48908843158701193     
         193         197   1.2862487185796947     
         196         197   1.2455684898460571     
         196         198   1.3564816667164563     
         198         199   1.3555036074978997     
         199         200   1.1725705917429654     
         200         201   1.6490852210270033     
         201         202   1.1796410476590649     
         188         203  0.48895696188899895     
         199         203   1.2464359262526268     
         202         203   1.2852963875339807     
          81         204   1.1700826863942591     
         202         204   1.2562361748835613     
         204         205   1.2563133080442130     
         205         206   1.1796297682202006     
         206         207   1.6491079893405305     
         207         208   1.1725434222478388     
         188         209  0.48894255437934542     
         205         209   1.2852680693836338     
         208         209   1.2464679484806747     
         208         210   1.3555028254848176     
         189         211   1.1726411401601438     
         210         211   1.3564818487645036     
         188         212  0.48917513799083556     
         191         212   1.2862021386897304     
         211         212   1.2455325095695859     
         189         213  0.97239679169799065     
         190         214  0.96766951235710341     
         194         215  0.96757978784171239     
         195         216  0.97239959471237969     
         198         217  0.96357905638977914     
         200         218  0.97239726931280601     
         201         219  0.96839968907151863     
         206         220  0.96840675634835438     
         207         221  0.97239794520453937     
         210         222  0.96357776636912884     
