   -0.29366602
   -0.05239478
   -0.05010666
    0.07304916
    0.02676824
    0.07295933
   -0.05092492
   -0.05235865
    0.07311025
   -0.04705128
   -0.04162971
    0.07414701
   -0.05131561
   -0.05138829
    0.07448277
   -0.04670740
   -0.04334345
    0.07448152
   -0.05137997
   -0.05131544
    0.07415906
   -0.04670413
   -0.04166486
    0.07311621
   -0.04713789
    0.03525686
    0.03570781
    0.03727131
    0.03527775
    0.04895454
    0.03560038
    0.03552162
    0.04826530
    0.03552418
    0.03560775
    0.04893310
   -0.02906761
   -0.02917927
   -0.29442399
   -0.05233902
   -0.05095878
    0.07287747
    0.02685227
    0.07306312
   -0.05008738
   -0.05239739
    0.07311435
   -0.04701513
   -0.04158277
    0.07416638
   -0.05130056
   -0.05138218
    0.07443112
   -0.04651596
   -0.04322902
    0.07444235
   -0.05138345
   -0.05133788
    0.07404638
   -0.04638342
   -0.04149720
    0.07299987
   -0.04668487
    0.03530268
    0.03698232
    0.03590774
    0.03524904
    0.04886639
    0.03562036
    0.03552391
    0.04821292
    0.03552352
    0.03558069
    0.04889799
