           2           3   1.6458857873713315     
           3           4   1.1779512589143519     
           4           5   1.2589287517977241     
           5           6   1.2577186444841759     
           6           7   1.1778014409682387     
           7           8   1.6460503046988806     
           8           9   1.1694768782735503     
           1          10  0.75329005547077077     
           6          10   1.2598755644840760     
           9          10   1.2276518724881511     
           9          11   1.3545716336160187     
          11          12   1.3538338861258148     
          12          13   1.1611308815210841     
          13          14   1.6611708566419519     
          14          15   1.1605571051268524     
           1          16  0.75155153294439569     
          12          16   1.2389381267918866     
          15          16   1.2420332490107115     
          15          17   1.3529696396869957     
          17          18   1.3530120785910680     
          18          19   1.1605232903141149     
          19          20   1.6612390088900635     
          20          21   1.1610667390748675     
           1          22  0.75160671647966992     
          18          22   1.2420390529417911     
          21          22   1.2388953058747783     
          21          23   1.3539936260219012     
           2          24   1.1694969172485790     
          23          24   1.3543148253051260     
           1          25  0.75343598273390400     
           4          25   1.2594299051582309     
          24          25   1.2280195839527379     
           2          26  0.97180035350729921     
           3          27  0.96582724115256280     
           7          28  0.96667913753861945     
           8          29  0.97179045985469104     
          11          30  0.96376454050980498     
          13          31  0.97171192684804686     
          14          32  0.97173593907268163     
          17          33  0.96411157295015171     
          19          34  0.97173626635785182     
          20          35  0.97171131053656046     
          23          36  0.96377399810566522     
           5          37   1.1658045556669481     
          37          38   2.5856311071714093     
          40          41   1.6453684059181648     
          41          42   1.1783988905313088     
          38          43   1.1663692396881109     
          42          43   1.2557932523181341     
          43          44   1.2594985149494593     
          44          45   1.1776606941866148     
          45          46   1.6457582469924574     
          46          47   1.1695641121505760     
          39          48  0.75326125601355842     
          44          48   1.2585274003962355     
          47          48   1.2289093089496725     
          47          49   1.3531247162353603     
          49          50   1.3542256871762564     
          50          51   1.1608708072408085     
          51          52   1.6610293239054377     
          52          53   1.1607094606958928     
          39          54  0.75156795546551991     
          50          54   1.2383885422240721     
          53          54   1.2424495750994899     
          53          55   1.3521726300438979     
          55          56   1.3530009404935393     
          56          57   1.1605716840032008     
          57          58   1.6607157648115494     
          58          59   1.1616004554434969     
          39          60  0.75168879516386511     
          56          60   1.2414779634118138     
          59          60   1.2394342968353869     
          59          61   1.3525922606190157     
          40          62   1.1695835686075571     
          61          62   1.3551981621062961     
          39          63  0.75343580800879550     
          42          63   1.2611170995087213     
          62          63   1.2264360545125912     
          40          64  0.97179061381961396     
          41          65  0.96675013973606605     
          45          66  0.96584015509456744     
          46          67  0.97179708657316155     
          49          68  0.96386163918116619     
          51          69  0.97170836727758503     
          52          70  0.97173302760509572     
          55          71  0.96418921305072058     
          57          72  0.97174247217004550     
          58          73  0.97171698409139196     
          61          74  0.96384910772984533     
