   -0.05464419
   -0.05279106
    0.08689439
    0.01173078
    0.06378961
   -0.04990485
   -0.05172043
    0.06467623
   -0.08151081
   -0.05557341
    0.08686342
   -0.05378037
   -0.05379038
    0.08647892
   -0.32128923
   -0.05699045
    0.06506155
   -0.05099080
   -0.05083120
    0.06575103
   -0.08121392
   -0.05554683
    0.08595111
   -0.32530210
    0.01860918
    0.02118368
    0.04333928
    0.04145656
    0.21415596
    0.04671763
    0.01935341
    0.01939433
    0.04597267
    0.04183490
    0.04180760
    0.21422312
    0.04676011
   -0.05464481
   -0.05280923
    0.08725544
    0.01180356
    0.06393298
   -0.05011085
   -0.05196492
    0.06416377
   -0.08100509
   -0.05499654
    0.08674157
   -0.05376964
   -0.05379645
    0.08647502
   -0.32090927
   -0.05670736
    0.06501941
   -0.05105598
   -0.05085338
    0.06569236
   -0.08089003
   -0.05488845
    0.08561305
   -0.32482906
    0.01879114
    0.02129478
    0.04258569
    0.04116304
    0.21414215
    0.04687389
    0.01941384
    0.01948296
    0.04617085
    0.04193472
    0.04192984
    0.21436518
    0.04712746
   -0.02096992
   -0.01110482
   -0.01008244
   -0.02206963
   -0.02204658
   -0.01067938
   -0.01060796
   -0.02204103
   -0.02258025
   -0.01060086
   -0.01141532
   -0.02179849
   -0.05440700
   -0.05270799
    0.08667439
    0.01226390
    0.06340279
   -0.04997017
   -0.05168737
    0.06459167
   -0.08179143
   -0.05333861
    0.08552536
   -0.05441579
   -0.05281325
    0.08695160
   -0.32422534
    0.01181655
    0.06364861
   -0.05011195
   -0.05185174
    0.06422594
   -0.08172899
   -0.05338808
    0.08574528
   -0.32430787
    0.01888960
    0.02147993
    0.04328107
    0.04143242
    0.21454409
    0.04770274
    0.01901962
    0.02131166
    0.04256073
    0.04108011
    0.21439461
    0.04752014
   -0.05441332
   -0.05288396
    0.08691372
    0.01190747
    0.06354371
   -0.05025411
   -0.05192432
    0.06407524
   -0.08155371
   -0.05285540
    0.08532312
   -0.05446059
   -0.05267396
    0.08698983
   -0.32402037
    0.01216065
    0.06336715
   -0.05036899
   -0.05196927
    0.06400761
   -0.08128455
   -0.05283157
    0.08530608
   -0.32392870
    0.01895982
    0.02128079
    0.04246652
    0.04101633
    0.21443913
    0.04768634
    0.01884515
    0.02127312
    0.04233901
    0.04104033
    0.21454058
    0.04775348
