           1           2   1.7182487573069365     
           2           3   1.1204988037363601     
           3           4   1.2546989369976111     
           4           5   1.2552165187973743     
           5           6   1.2341117995611375     
           6           7   1.5956909616945802     
           7           8   1.2222737817417810     
           5           9   1.2229849188883843     
           8           9   1.2030117227340200     
           8          10   1.3452297899037280     
          10          11   1.3570062694192786     
          11          12   1.1066624730547023     
          12          13   1.7311885346010876     
          13          14   1.1086016163652612     
          11          15   1.3243782271998230     
          14          15   1.3255609041285703     
          14          16   1.3536406564109316     
          16          17   1.3477568524395676     
          17          18   1.2147395200765316     
          18          19   1.6098025535743123     
          19          20   1.2137544930360078     
          17          21   1.2096691347399240     
          20          21   1.2106721369082079     
          20          22   1.3450147800569821     
           1          23   1.1138670326977729     
          22          23   1.3623290837226221     
           3          24   1.3538130065329286     
          23          24   1.3052279855832338     
           1          25  0.97279287846105855     
           2          26  0.97135988635203474     
           6          27  0.97173107313207396     
           7          28  0.97289235984124056     
           9          29  0.90002192671647663     
          10          30  0.96373621045174285     
          12          31  0.97274694553114127     
          13          32  0.97279427619051706     
          16          33  0.96472220515368678     
          18          34  0.97288560990784223     
          19          35  0.97282596008814859     
          21          36  0.90044258184458426     
          22          37  0.96362516776741913     
          38          39   1.7167782125758566     
          39          40   1.1213185788035844     
          40          41   1.2436459620563218     
          41          42   1.2472961394461888     
          42          43   1.2377271780318966     
          43          44   1.5917998489000644     
          44          45   1.2244820318230758     
          42          46   1.2261442157301767     
          45          46   1.2019296797209054     
          45          47   1.3440151873627828     
          47          48   1.3574095313455481     
          48          49   1.1068737193886804     
          49          50   1.7308695711528450     
          50          51   1.1088852090420573     
          48          52   1.3237937949326701     
          51          52   1.3253874266561498     
          51          53   1.3535973314434637     
          53          54   1.3466156059602796     
          54          55   1.2156969324582891     
          55          56   1.6080072780417005     
          56          57   1.2153209571826147     
          54          58   1.2097289386178145     
          57          58   1.2112914785907580     
          57          59   1.3416211943898251     
          38          60   1.1147930394324390     
          59          60   1.3670184742291820     
          40          61   1.3621666663560370     
          60          61   1.2985537220489574     
          38          62  0.97278018450606407     
          39          63  0.97148978566456790     
          43          64  0.97192637284519057     
          44          65  0.97294474421985888     
          46          66  0.90000495424576210     
          47          67  0.96372118584351063     
          49          68  0.97274444633173296     
          50          69  0.97279343670810992     
          53          70  0.96472009764328226     
          55          71  0.97289348422691380     
          56          72  0.97282386128415799     
          58          73  0.90037222595616384     
          59          74  0.96353653127873318     
           4          75   1.1719241208279576     
          75          76   2.4794091852210172     
          76          77   1.2916729586832123     
          75          78  0.19810836757825506     
          77          78   2.4768866536081386     
          79          80   2.4589575277904210     
          80          81   1.3103714446622945     
          79          82  0.20076005061050683     
          81          82   2.4583426569325422     
          83          84   2.4586743467277179     
          84          85   1.3108956556343694     
          41          86   1.1919541880301754     
          83          86  0.20169131399717530     
          85          86   2.4609555748478598     
          87          88   1.7173411927498639     
          88          89   1.1223609226363296     
          78          90   1.1761401210093612     
          89          90   1.2516779203672479     
          90          91   1.2515430481460126     
          91          92   1.2379298206980871     
          92          93   1.5908779209801589     
          93          94   1.2257627156220117     
          91          95   1.2234816460843339     
          94          95   1.2045352079918072     
          94          96   1.3366300186531010     
          96          97   1.3708233882568208     
          97          98   1.1145637428012172     
          98          99   1.7162621773522759     
          99         100   1.1228652357907560     
          97         101   1.2957533827889731     
         100         101   1.3621518159679031     
          79         102   1.1935324480158533     
         100         102   1.2416341007070859     
         102         103   1.2459980637279862     
         103         104   1.2401157597762862     
         104         105   1.5891012858494975     
         105         106   1.2262886999768745     
         103         107   1.2260257819604243     
         106         107   1.2030279079172463     
         106         108   1.3386018291534378     
          87         109   1.1138799461846416     
         108         109   1.3670238350694632     
          89         110   1.3546823010012132     
         109         110   1.3011676971002346     
          87         111  0.97276005385827102     
          88         112  0.97148712083738187     
          92         113  0.97193792092443254     
          93         114  0.97288560015565828     
          95         115  0.89753302768016974     
          96         116  0.96302218599128697     
          98         117  0.97275048062763569     
          99         118  0.97156694632174945     
         104         119  0.97209038336944564     
         105         120  0.97293191171472038     
         107         121  0.89754901377051932     
         108         122  0.96308052637428876     
         123         124   1.7160486084573914     
         124         125   1.1231820050948615     
          82         126   1.1943807949628775     
         125         126   1.2409188463055660     
         126         127   1.2450165783118983     
         127         128   1.2411193353955854     
         128         129   1.5874891266223836     
         129         130   1.2277793091985365     
         127         131   1.2261620885140212     
         130         131   1.2034299396570542     
         130         132   1.3357695359951416     
         132         133   1.3712672153724879     
         133         134   1.1147615147019208     
         134         135   1.7158197618157787     
         135         136   1.1233603727725363     
         133         137   1.2953340812892862     
         136         137   1.3623012387968136     
          83         138   1.1957594959044486     
         136         138   1.2420218447078435     
         138         139   1.2429448071067104     
         139         140   1.2417338440283003     
         140         141   1.5869328217344203     
         141         142   1.2282149474765058     
         139         143   1.2266957806001320     
         142         143   1.2033909871946853     
         142         144   1.3352407851587402     
         123         145   1.1147468492234940     
         144         145   1.3719120715918958     
         125         146   1.3626446542908439     
         145         146   1.2947236312613486     
         123         147  0.97275049225320220     
         124         148  0.97159435499844760     
         128         149  0.97210227527067539     
         129         150  0.97294091424250317     
         131         151  0.89744202235899961     
         132         152  0.96299916133022512     
         134         153  0.97276500882155204     
         135         154  0.97162315566845259     
         140         155  0.97210149778798971     
         141         156  0.97293909051267757     
         143         157  0.89741371520026747     
         144         158  0.96298049699087329     
