    0.09905660
   -0.05323220
   -0.05210175
    0.07156620
    0.01912272
    0.07185886
   -0.05083795
   -0.05333059
    0.07143625
   -0.12981484
   -0.04954634
    0.07248131
   -0.05231148
   -0.05243344
    0.07276943
   -0.12859439
   -0.05116336
    0.07274518
   -0.05243137
   -0.05235667
    0.07237563
   -0.12843825
   -0.04946492
    0.07129422
   -0.12939871
    0.03428828
    0.03610345
    0.03432442
    0.03417241
    0.04959323
    0.03447671
    0.03436665
    0.04897495
    0.03437372
    0.03443421
    0.04965310
    0.09905607
   -0.05322186
   -0.05209362
    0.07153491
    0.01920923
    0.07185018
   -0.05082838
   -0.05333411
    0.07141208
   -0.12978912
   -0.04947380
    0.07245659
   -0.05231325
   -0.05242344
    0.07273661
   -0.12849890
   -0.05107768
    0.07271335
   -0.05242908
   -0.05235108
    0.07233204
   -0.12831027
   -0.04937972
    0.07125078
   -0.12929256
    0.03432139
    0.03610425
    0.03434260
    0.03419058
    0.04961768
    0.03450567
    0.03440033
    0.04900669
    0.03440040
    0.03446720
    0.04968674
   -0.02927126
   -0.02879147
   -0.02869415
   -0.02931054
    0.09753388
   -0.05315635
   -0.05227586
    0.07206955
    0.01868321
    0.07227935
   -0.05090654
   -0.05329212
    0.07145635
   -0.13078275
   -0.04812908
    0.07146010
   -0.05314582
   -0.05219889
    0.07210845
   -0.13051288
    0.01864418
    0.07226212
   -0.05099139
   -0.05328970
    0.07143696
   -0.13073056
   -0.04811970
    0.07144182
   -0.13038742
    0.03408036
    0.03619415
    0.03374565
    0.03391590
    0.05000280
    0.03405389
    0.03608513
    0.03378282
    0.03393315
    0.05002691
