           2           3   1.6412826782485601     
           3           4   1.1828563290933682     
           4           5   1.2581637204155447     
           5           6   1.2626017553157212     
           6           7   1.1823670278053839     
           7           8   1.6415791274265328     
           8           9   1.1738856209047341     
           1          10  0.72331038184145868     
           6          10   1.2587913199851775     
           9          10   1.2291732548971264     
           9          11   1.3564940743471232     
          11          12   1.3577124254401971     
          12          13   1.1655139102841763     
          13          14   1.6567473171885001     
          14          15   1.1653323618612932     
           1          16  0.72561496717161189     
          12          16   1.2378622782691291     
          15          16   1.2418222290325815     
          15          17   1.3555820463504467     
          17          18   1.3564564706528919     
          18          19   1.1652420987691272     
          19          20   1.6563968721962206     
          20          21   1.1662343408505771     
           1          22  0.72591254122653937     
          18          22   1.2407585232953693     
          21          22   1.2389276315878552     
          21          23   1.3560046905370031     
           2          24   1.1739827149462585     
          23          24   1.3586301648629764     
           1          25  0.72366306654736967     
           4          25   1.2615750192149178     
          24          25   1.2264652752567844     
           2          26  0.97198674767849202     
           3          27  0.96869610159626529     
           7          28  0.96711592420736026     
           8          29  0.97200529964911653     
          11          30  0.96352875223874679     
          13          31  0.97192144554197601     
          14          32  0.97194667765248832     
          17          33  0.96380631475206580     
          19          34  0.97195351791122064     
          20          35  0.97192713897541705     
          23          36  0.96351460264301414     
          38          39   1.6412297455123812     
          39          40   1.1828284979885924     
          40          41   1.2577860557907274     
          41          42   1.2623706913357784     
          42          43   1.1824147211405105     
          43          44   1.6414633756949746     
          44          45   1.1739084768707981     
          37          46  0.72332681236390839     
          42          46   1.2588114777020900     
          45          46   1.2291242089477485     
          45          47   1.3563236276182575     
          47          48   1.3574845536887064     
          48          49   1.1655115541784618     
          49          50   1.6566943427013086     
          50          51   1.1653124764143639     
          37          52  0.72590171209854648     
          48          52   1.2378669034845324     
          51          52   1.2416481791984679     
          51          53   1.3555213963009352     
          53          54   1.3561218271721232     
          54          55   1.1653292384686731     
          55          56   1.6562498691975509     
          56          57   1.1663106362823188     
          37          58  0.72628356337284738     
          54          58   1.2407500546963770     
          57          58   1.2387415706849747     
          57          59   1.3558338367829150     
          38          60   1.1740307290090113     
          59          60   1.3585199804802006     
          37          61  0.72380594252870734     
          40          61   1.2616819487210689     
          60          61   1.2263002298295098     
          38          62  0.97198503699654637     
          39          63  0.96878274285105281     
          43          64  0.96700184756784546     
          44          65  0.97200587087181733     
          47          66  0.96355114582739687     
          49          67  0.97191822691055485     
          50          68  0.97194688429980403     
          53          69  0.96383000566236354     
          55          70  0.97195243114079555     
          56          71  0.97192239091174737     
          59          72  0.96353339982729180     
           5          73   1.1665778190525589     
          73          74   2.5826104843176356     
          41          76   1.1668612716250062     
          75          76   2.5823667249806501     
          78          79   1.6422250470364301     
          79          80   1.1821307002854511     
          74          81   1.1659070517150629     
          80          81   1.2588916348048160     
          81          82   1.2625472779718725     
          82          83   1.1822708026611179     
          83          84   1.6416826026509337     
          84          85   1.1744606875682180     
          77          86  0.71865852186501533     
          82          86   1.2617298894326687     
          85          86   1.2285106069649503     
          85          87   1.3573837727360709     
          87          88   1.3597085678406748     
          88          89   1.1739291331033983     
          89          90   1.6422601563375276     
          90          91   1.1821359326395184     
          77          92  0.71866176412318006     
          88          92   1.2264158608094067     
          91          92   1.2637644367037419     
          75          93   1.1660058513173559     
          91          93   1.2591244390534162     
          93          94   1.2622154584928906     
          94          95   1.1822412016698658     
          95          96   1.6416668717589622     
          96          97   1.1745068557023146     
          77          98  0.71868927873500743     
          94          98   1.2618623185049687     
          97          98   1.2283632633305819     
          97          99   1.3574440229444962     
          78         100   1.1739747131382703     
          99         100   1.3597150620525396     
          77         101  0.71896459981896466     
          80         101   1.2637800000204316     
         100         101   1.2262698083508390     
          78         102  0.97197861762667093     
          79         103  0.96853654368309172     
          83         104  0.96705650474532390     
          84         105  0.97201170972152884     
          87         106  0.96309990597784834     
          89         107  0.97198380931265915     
          90         108  0.96864841366142440     
          95         109  0.96690031481550354     
          96         110  0.97200870628528302     
          99         111  0.96309195853842189     
