    0.24470397
   -0.05190980
   -0.05049665
    0.07739978
    0.01650529
    0.07744206
   -0.05043356
   -0.05191683
    0.07570179
   -0.17696232
   -0.04968704
    0.07697944
   -0.05096644
   -0.05109651
    0.07747547
   -0.17472680
   -0.05142143
    0.07747601
   -0.05109651
   -0.05096810
    0.07697985
   -0.17474411
   -0.04967647
    0.07568859
   -0.17689923
    0.03381163
    0.03579481
    0.03578095
    0.03379036
    0.04932860
    0.03440289
    0.03431786
    0.04869133
    0.03431564
    0.03440242
    0.04934095
    0.24470136
   -0.05190992
   -0.05048519
    0.07738589
    0.01650027
    0.07743363
   -0.05043466
   -0.05191093
    0.07570620
   -0.17697747
   -0.04970735
    0.07698094
   -0.05096982
   -0.05109554
    0.07747356
   -0.17472891
   -0.05143634
    0.07747510
   -0.05109872
   -0.05096931
    0.07698291
   -0.17475387
   -0.04969737
    0.07570595
   -0.17691551
    0.03381913
    0.03578133
    0.03577879
    0.03378537
    0.04931942
    0.03440142
    0.03431222
    0.04868410
    0.03431086
    0.03439747
    0.04933030
   -0.01893219
   -0.01073912
   -0.00184433
   -0.00262103
   -0.01000475
   -0.01976404
   -0.01913478
   -0.01027641
   -0.00194775
   -0.00215543
   -0.01007271
   -0.01934194
   -0.01921066
   -0.01014621
   -0.00201542
   -0.00201359
   -0.01014534
   -0.01920830
   -0.01934632
   -0.01007685
   -0.00216181
   -0.00195165
   -0.01028434
   -0.01913801
   -0.01972693
   -0.00998947
   -0.00259410
   -0.00180878
   -0.01073571
   -0.01888946
    0.24652746
   -0.05171747
   -0.05044299
    0.07761916
    0.01698240
    0.07764557
   -0.05041951
   -0.05172502
    0.07526402
   -0.17702072
   -0.04750685
    0.07521981
   -0.05167101
   -0.05051970
    0.07772280
   -0.17705750
    0.01660761
    0.07773755
   -0.05049854
   -0.05167419
    0.07521857
   -0.17706781
   -0.04750741
    0.07525817
   -0.17699036
    0.03399260
    0.03594828
    0.03594761
    0.03397825
    0.05009766
    0.03399599
    0.03583928
    0.03583206
    0.03398860
    0.05009885
    0.24657037
   -0.05166687
   -0.05045942
    0.07771219
    0.01683574
    0.07770458
   -0.05046351
   -0.05166494
    0.07525311
   -0.17696329
   -0.04741681
    0.07524939
   -0.05165078
   -0.05049116
    0.07772385
   -0.17698614
    0.01675641
    0.07774572
   -0.05046476
   -0.05165447
    0.07525025
   -0.17698555
   -0.04741802
    0.07525589
   -0.17697478
    0.03406665
    0.03593829
    0.03593939
    0.03406901
    0.05019191
    0.03407203
    0.03592019
    0.03590774
    0.03406701
    0.05018839
    0.24657298
   -0.05165645
   -0.05045917
    0.07775010
    0.01675482
    0.07771931
   -0.05049697
   -0.05164948
    0.07525051
   -0.17698342
   -0.04741500
    0.07525510
   -0.05166321
   -0.05046762
    0.07770557
   -0.17696820
    0.01683352
    0.07771571
   -0.05045890
   -0.05166511
    0.07525523
   -0.17696986
   -0.04741568
    0.07525079
   -0.17698796
    0.03406532
    0.03590588
    0.03592317
    0.03407520
    0.05019298
    0.03407124
    0.03594701
    0.03593629
    0.03406766
    0.05018761
    0.24652880
   -0.05167195
   -0.05052041
    0.07772475
    0.01660005
    0.07773632
   -0.05049517
   -0.05167153
    0.07522860
   -0.17707088
   -0.04752247
    0.07527785
   -0.05171467
   -0.05043731
    0.07761248
   -0.17700989
    0.01698013
    0.07763699
   -0.05040974
   -0.05171799
    0.07528002
   -0.17702618
   -0.04752293
    0.07522697
   -0.17705878
    0.03400093
    0.03584122
    0.03583937
    0.03399166
    0.05009455
    0.03399663
    0.03594665
    0.03595249
    0.03399267
    0.05009516
