           2           3   1.6503110087573134     
           3           4   1.1794719099281843     
           4           5   1.2503226221610810     
           5           6   1.2507751861648444     
           6           7   1.1794132244230902     
           7           8   1.6503591233990249     
           8           9   1.1710776604715052     
           1          10  0.48894915465837641     
           6          10   1.2861001676052919     
           9          10   1.2466533601609942     
           9          11   1.3577130919509415     
          11          12   1.3538304617235219     
          12          13   1.1627380212369265     
          13          14   1.6656944927579738     
          14          15   1.1620113355560329     
           1          16  0.49135982235592002     
          12          16   1.2610147969370720     
          15          16   1.2632070012367860     
          15          17   1.3541277186890615     
          17          18   1.3541308301546671     
          18          19   1.1619915541492007     
          19          20   1.6657168740077075     
          20          21   1.1627187596954582     
           1          22  0.49127438257811834     
          18          22   1.2632243010272759     
          21          22   1.2610503710828154     
          21          23   1.3538271911384272     
           2          24   1.1711261430181974     
          23          24   1.3577381943091757     
           1          25  0.48896267865375320     
           4          25   1.2861942969680162     
          24          25   1.2465517039227616     
           2          26  0.97241839588230383     
           3          27  0.97089141022650949     
           7          28  0.97088876945370284     
           8          29  0.97242237260238995     
          11          30  0.96389174094672947     
          13          31  0.97233049036207064     
          14          32  0.97234922148116287     
          17          33  0.96422582037743487     
          19          34  0.97234986689342184     
          20          35  0.97233051366153900     
          23          36  0.96388832223579490     
          38          39   1.6504310902197337     
          39          40   1.1793774675261512     
          40          41   1.2506626470634445     
          41          42   1.2509862933739775     
          42          43   1.1793518016687252     
          43          44   1.6504016056889648     
          44          45   1.1710760843491310     
          37          46  0.48895101680345204     
          42          46   1.2859979665078913     
          45          46   1.2467143114254176     
          45          47   1.3576526664312225     
          47          48   1.3539091132341963     
          48          49   1.1627039541716371     
          49          50   1.6657352952305646     
          50          51   1.1619922124539783     
          37          52  0.49139109012322779     
          48          52   1.2609987074575248     
          51          52   1.2632103525445266     
          51          53   1.3541454289600936     
          53          54   1.3541460621184975     
          54          55   1.1619842755796306     
          55          56   1.6657280066726641     
          56          57   1.1627143241707114     
          37          58  0.49128938009064099     
          54          58   1.2632243725699115     
          57          58   1.2610393626910612     
          57          59   1.3538606422753903     
          38          60   1.1710552079082470     
          59          60   1.3577088249820963     
          37          61  0.48897304620612020     
          40          61   1.2860234127704935     
          60          61   1.2466672116785720     
          38          62  0.97241969344941170     
          39          63  0.97088294321876922     
          43          64  0.97088560481785446     
          44          65  0.97241947047419441     
          47          66  0.96389226134326578     
          49          67  0.97233054275390307     
          50          68  0.97234920229322730     
          53          69  0.96422573934602041     
          55          70  0.97235016524847739     
          56          71  0.97233041049770830     
          59          72  0.96389125876660020     
           5          73   1.1873918179845808     
          73          74   2.4424666913520268     
          74          75   1.3323624523885143     
          73          76  0.19269610727596978     
          75          76   2.3564558982260921     
          76          77   1.3331422309251066     
          75          78  0.19245952102056857     
          77          78   2.4399273519277931     
          79          80   2.4380808881785154     
          80          81   1.3347067650146678     
          79          82  0.19220578963669441     
          81          82   2.3534708855118049     
          82          83   1.3347466587777435     
          81          84  0.19219557060539527     
          83          84   2.4379879567567020     
          85          86   2.4377928180080453     
          86          87   1.3349112937563350     
          85          88  0.19220852746243544     
          87          88   2.3532228582310051     
          88          89   1.3349098770463506     
          87          90  0.19220858754551987     
          89          90   2.4377967308401733     
          91          92   2.4379656014408875     
          92          93   1.3347623707479834     
          91          94  0.19220462849862990     
          93          94   2.3534535652659616     
          94          95   1.3347295615225072     
          93          96  0.19222365624202498     
          95          96   2.4380812781868677     
          97          98   2.4404643121848508     
          98          99   1.3326045089453915     
          97         100  0.19239771991968369     
          99         100   2.3570134133239886     
         100         101   1.3318227847582782     
          41         102   1.1868415694758749     
          99         102  0.19263269610962758     
         101         102   2.4429839596331502     
         104         105   1.6477403067230085     
         105         106   1.1811566022355944     
          78         107   1.1901198708760274     
         106         107   1.2479763783635283     
         107         108   1.2481440274723683     
         108         109   1.1811630625022371     
         109         110   1.6476939066516232     
         110         111   1.1733619571170704     
         103         112  0.48874806149854916     
         108         112   1.2872742065838259     
         111         112   1.2448597923716416     
         111         113   1.3557338335387839     
         113         114   1.3567721081644439     
         114         115   1.1731150978932536     
         115         116   1.6479718227088369     
         116         117   1.1809566696472529     
         103         118  0.48874041933647888     
         114         118   1.2442130790027470     
         117         118   1.2878640757570137     
          79         119   1.1909529016173686     
         117         119   1.2475108638147514     
         119         120   1.2476217560914655     
         120         121   1.1809718058561032     
         121         122   1.6479402688172426     
         122         123   1.1731342319728508     
         103         124  0.48875428020691764     
         120         124   1.2878320916985009     
         123         124   1.2442390438139734     
         123         125   1.3567292151042485     
         104         126   1.1733227961091002     
         125         126   1.3557720975088117     
         103         127  0.48873616838400663     
         106         127   1.2872963705324381     
         126         127   1.2448485223275267     
         104         128  0.97240618302619553     
         105         129  0.97089452867532089     
         109         130  0.97089301072441714     
         110         131  0.97240755305429138     
         113         132  0.96354134543477588     
         115         133  0.97240525385890275     
         116         134  0.97089740573893590     
         121         135  0.97089688012548270     
         122         136  0.97240610978942787     
         125         137  0.96354238351251120     
         139         140   1.6477441058584739     
         140         141   1.1811167192184870     
          84         142   1.1910829399271121     
         141         142   1.2475412059289124     
         142         143   1.2475090930672621     
         143         144   1.1811285094194066     
         144         145   1.6477338991362944     
         145         146   1.1733108009631312     
         138         147  0.48872653476488254     
         143         147   1.2877049728197858     
         146         147   1.2444812692248217     
         146         148   1.3561645170167795     
         148         149   1.3563964631494811     
         149         150   1.1732306179742424     
         150         151   1.6478348856678067     
         151         152   1.1810393915265283     
         138         153  0.48869211114709554     
         149         153   1.2443644704185162     
         152         153   1.2878238611581545     
          85         154   1.1911522703063082     
         152         154   1.2474378917947411     
         154         155   1.2475319232648394     
         155         156   1.1810188562804460     
         156         157   1.6478435620196170     
         157         158   1.1732280769946697     
         138         159  0.48873567706388271     
         155         159   1.2878414788331696     
         158         159   1.2443479615026056     
         158         160   1.3564079379133211     
         139         161   1.1732989217487935     
         160         161   1.3561579655360956     
         138         162  0.48868801800354539     
         141         162   1.2877110154520162     
         161         162   1.2444958909736936     
         139         163  0.97240168732577248     
         140         164  0.97089088720035344     
         144         165  0.97089298509438571     
         145         166  0.97240090886571451     
         148         167  0.96353103331383116     
         150         168  0.97240124315429377     
         151         169  0.97089932149325697     
         156         170  0.97088456625581088     
         157         171  0.97240210084711709     
         160         172  0.96353280812883846     
         174         175   1.6478361398474166     
         175         176   1.1810193356333312     
          90         177   1.1911482004131131     
         176         177   1.2475472048793290     
         177         178   1.2474216630545771     
         178         179   1.1810337674934193     
         179         180   1.6478351092708690     
         180         181   1.1732388142356713     
         173         182  0.48869879919293635     
         178         182   1.2878271359875804     
         181         182   1.2443484918622021     
         181         183   1.3564032976969416     
         183         184   1.3561723847348672     
         184         185   1.1733118750936700     
         185         186   1.6477338261254086     
         186         187   1.1811195342913503     
         173         188  0.48871517342583198     
         184         188   1.2444741848788752     
         187         188   1.2877122891322283     
          91         189   1.1911002905494106     
         187         189   1.2475152726997070     
         189         190   1.2475295792499610     
         190         191   1.1810928707548234     
         191         192   1.6477575889646459     
         192         193   1.1732995030805369     
         173         194  0.48869833998567824     
         190         194   1.2877499176945726     
         193         194   1.2444668278726652     
         193         195   1.3561803095794291     
         174         196   1.1732347349612633     
         195         196   1.3563989535089742     
         173         197  0.48873390428185587     
         176         197   1.2878457266616079     
         196         197   1.2443490672221218     
         174         198  0.97240239404243001     
         175         199  0.97088393058155076     
         179         200  0.97089947956471689     
         180         201  0.97240032461676384     
         183         202  0.96353054924969628     
         185         203  0.97240101904850362     
         186         204  0.97089455238368216     
         191         205  0.97088756111346231     
         192         206  0.97240166891682456     
         195         207  0.96353363015850069     
         209         210   1.6479952218663190     
         210         211   1.1809314086090894     
          96         212   1.1909471740737836     
         211         212   1.2475029465672804     
         212         213   1.2476832655543957     
         213         214   1.1809377520349646     
         214         215   1.6479835639636700     
         215         216   1.1731038975856365     
         208         217  0.48879013265022941     
         213         217   1.2878088310535096     
         216         217   1.2442433326280751     
         216         218   1.3567784017233644     
         218         219   1.3557236295504436     
         219         220   1.1733196717056500     
         220         221   1.6477805984812706     
         221         222   1.1811103652984711     
         208         223  0.48875028678189464     
         219         223   1.2449199175090124     
         222         223   1.2871515768503570     
          97         224   1.1895711098016715     
         222         224   1.2482258079219910     
         224         225   1.2484308600392158     
         225         226   1.1810310403496287     
         226         227   1.6478401707992827     
         227         228   1.1732802456109319     
         208         229  0.48874776874715681     
         225         229   1.2871657550231563     
         228         229   1.2449361612299126     
         228         230   1.3557329859132872     
         209         231   1.1731054913093402     
         230         231   1.3567966221427916     
         208         232  0.48874606819982858     
         211         232   1.2878765415219260     
         231         232   1.2442015634063126     
         209         233  0.97240499219066046     
         210         234  0.97089339039121814     
         214         235  0.97089869344092827     
         215         236  0.97240571875742288     
         218         237  0.96354365331730807     
         220         238  0.97240553729831325     
         221         239  0.97089912563486880     
         226         240  0.97087735939467856     
         227         241  0.97240614297681349     
         230         242  0.96354408312793294     
