    0.24464755
   -0.05199640
   -0.05038645
    0.07728374
    0.01698789
    0.07729709
   -0.05035693
   -0.05199454
    0.07561591
   -0.17678497
   -0.04974387
    0.07690429
   -0.05102609
   -0.05117327
    0.07741216
   -0.17479090
   -0.05153830
    0.07740961
   -0.05117154
   -0.05102860
    0.07689813
   -0.17476282
   -0.04973649
    0.07562329
   -0.17682157
    0.03367966
    0.03541350
    0.03546777
    0.03368087
    0.04920439
    0.03426407
    0.03418066
    0.04856132
    0.03418578
    0.03426891
    0.04921130
    0.24464080
   -0.05198974
   -0.05038137
    0.07727189
    0.01698406
    0.07727171
   -0.05037246
   -0.05199318
    0.07564595
   -0.17683516
   -0.04977882
    0.07690700
   -0.05103057
   -0.05117259
    0.07740939
   -0.17478592
   -0.05154732
    0.07740979
   -0.05117187
   -0.05102914
    0.07690967
   -0.17480160
   -0.04977137
    0.07564235
   -0.17681299
    0.03368897
    0.03546283
    0.03549324
    0.03368362
    0.04919364
    0.03426362
    0.03417941
    0.04855298
    0.03417534
    0.03426021
    0.04919584
   -0.02042890
   -0.01002434
   -0.00938639
   -0.02112686
   -0.02069332
   -0.00961237
   -0.00962358
   -0.02069936
   -0.02108241
   -0.00935489
   -0.01000446
   -0.02037381
    0.24638570
   -0.05182225
   -0.05041096
    0.07744975
    0.01731667
    0.07748597
   -0.05036624
   -0.05183457
    0.07514429
   -0.17693005
   -0.04762356
    0.07510144
   -0.05179889
   -0.05044335
    0.07754916
   -0.17691509
    0.01705269
    0.07753894
   -0.05046680
   -0.05180047
    0.07508859
   -0.17691985
   -0.04761021
    0.07512779
   -0.17684458
    0.03380323
    0.03552361
    0.03553698
    0.03377858
    0.04988480
    0.03379226
    0.03544139
    0.03544011
    0.03379562
    0.04989860
    0.24637857
   -0.05179869
   -0.05044582
    0.07754520
    0.01704934
    0.07754320
   -0.05045655
   -0.05180228
    0.07510524
   -0.17692330
   -0.04764271
    0.07516229
   -0.05182167
   -0.05040396
    0.07744243
   -0.17689355
    0.01732107
    0.07746622
   -0.05037147
   -0.05182433
    0.07517110
   -0.17692816
   -0.04765329
    0.07510655
   -0.17692271
    0.03379484
    0.03543721
    0.03544963
    0.03379685
    0.04988999
    0.03380824
    0.03556478
    0.03558947
    0.03379370
    0.04988059
