           2           3   1.6504063079799631     
           3           4   1.1793293848457296     
           4           5   1.2516147698429756     
           5           6   1.2518812405024835     
           6           7   1.1792210113434252     
           7           8   1.6505204704443281     
           8           9   1.1709969219794367     
           1          10  0.48896291330877173     
           6          10   1.2861749301755521     
           9          10   1.2467706971181778     
           9          11   1.3576963281988494     
          11          12   1.3538559339665523     
          12          13   1.1628975470812941     
          13          14   1.6655026024948665     
          14          15   1.1621159103828833     
           1          16  0.49142161880110802     
          12          16   1.2608766547673793     
          15          16   1.2632164813759377     
          15          17   1.3540402036605013     
          17          18   1.3540821969985952     
          18          19   1.1621073537022932     
          19          20   1.6655390641390262     
          20          21   1.1628506083324670     
           1          22  0.49148228248680809     
          18          22   1.2631814047776606     
          21          22   1.2608825368455321     
          21          23   1.3538977132310903     
           2          24   1.1710721697841291     
          23          24   1.3576598815647629     
           1          25  0.48882795130822737     
           4          25   1.2862047801305714     
          24          25   1.2467623149839644     
           2          26  0.97242878857166337     
           3          27  0.97097780801840661     
           7          28  0.97096729876161991     
           8          29  0.97242790826479675     
          11          30  0.96391283836561070     
          13          31  0.97233762726973716     
          14          32  0.97236240704392296     
          17          33  0.96424079514660699     
          19          34  0.97235949997998683     
          20          35  0.97233813735292929     
          23          36  0.96390934930554195     
          38          39   1.6506474592098490     
          39          40   1.1791122448203946     
          40          41   1.2522227380846145     
          41          42   1.2523444388884595     
          42          43   1.1791011187583111     
          43          44   1.6506355878308197     
          44          45   1.1709709747745445     
          37          46  0.48893941903634530     
          42          46   1.2858956347182393     
          45          46   1.2469248234150738     
          45          47   1.3576160956687575     
          47          48   1.3539215573363292     
          48          49   1.1628528008433059     
          49          50   1.6655409259464677     
          50          51   1.1621223172668427     
          37          52  0.49149738042041335     
          48          52   1.2608945441985799     
          51          52   1.2631620122847829     
          51          53   1.3540933484235502     
          53          54   1.3541003806763290     
          54          55   1.1620795928640146     
          55          56   1.6655730385848420     
          56          57   1.1628358814658091     
          37          58  0.49141341583072967     
          54          58   1.2631957303968200     
          57          58   1.2609021918370036     
          57          59   1.3539286657667673     
          38          60   1.1709432355796587     
          59          60   1.3576531815674284     
          37          61  0.48894560280539995     
          40          61   1.2859323778628262     
          60          61   1.2468875198135452     
          38          62  0.97242454841456116     
          39          63  0.97095386703427711     
          43          64  0.97097243032303593     
          44          65  0.97242693899499699     
          47          66  0.96391393213448306     
          49          67  0.97234006503307757     
          50          68  0.97236100572717232     
          53          69  0.96424021126367276     
          55          70  0.97236053278702805     
          56          71  0.97233763955916608     
          59          72  0.96391108400142389     
           5          73   1.1846280409237191     
          73          74   2.4700156740628918     
          74          75   1.3052161559890421     
          73          76  0.20289769528862861     
          75          76   2.4684424797157640     
          77          78   2.4657371948233200     
          78          79   1.3074943435382469     
          77          80  0.20257097436014040     
          79          80   2.4657404366335385     
          81          82   2.4693949494956255     
          82          83   1.3041685184957847     
          41          84   1.1835384109871092     
          81          84  0.20265870938730579     
          83          84   2.4709743294511068     
          86          87   1.6479676973650625     
          87          88   1.1808421840744601     
          76          89   1.1868505663463187     
          88          89   1.2492425518973609     
          89          90   1.2496496245571960     
          90          91   1.1809138389344305     
          91          92   1.6479143521946837     
          92          93   1.1732382851420413     
          85          94  0.48875022751382508     
          90          94   1.2872056337980813     
          93          94   1.2449928795191323     
          93          95   1.3558481089585295     
          95          96   1.3566387292689988     
          96          97   1.1732297731003318     
          97          98   1.6478974142823737     
          98          99   1.1809095976733046     
          85         100  0.48891444718292570     
          96         100   1.2443281771170147     
          99         100   1.2877941978522918     
          77         101   1.1882311282126536     
          99         101   1.2488037140413160     
         101         102   1.2486403536419894     
         102         103   1.1808485397187043     
         103         104   1.6479638600586761     
         104         105   1.1731901615783260     
          85         106  0.48874854659384870     
         102         106   1.2879103700224872     
         105         106   1.2443473290556966     
         105         107   1.3566093603859324     
          86         108   1.1732602118161646     
         107         108   1.3559587955932118     
          85         109  0.48881308086607000     
          88         109   1.2873907713045600     
         108         109   1.2448153421668320     
          86         110  0.97241130070986448     
          87         111  0.97097200267146289     
          91         112  0.97098538081224961     
          92         113  0.97242159110314086     
          95         114  0.96358370616139444     
          97         115  0.97241731139368803     
          98         116  0.97098586083233251     
         103         117  0.97098670928332076     
         104         118  0.97241592576305957     
         107         119  0.96357831672872851     
         121         122   1.6479633482502842     
         122         123   1.1808740878770858     
          80         124   1.1882029140315868     
         123         124   1.2487899889086971     
         124         125   1.2487430768709429     
         125         126   1.1808619143822514     
         126         127   1.6479641283738788     
         127         128   1.1731814726295173     
         120         129  0.48883759061385401     
         125         129   1.2878327631176099     
         128         129   1.2443573976661630     
         128         130   1.3566544218003995     
         130         131   1.3558827444957442     
         131         132   1.1731489927970269     
         132         133   1.6481145295782462     
         133         134   1.1807422298299235     
         120         135  0.48877322510920451     
         131         135   1.2450293562931278     
         134         135   1.2870815707357284     
          81         136   1.1857819312535967     
         134         136   1.2497948092792024     
         136         137   1.2501076021716497     
         137         138   1.1807181341572155     
         138         139   1.6481079634382305     
         139         140   1.1731607237279746     
         120         141  0.48879871226468985     
         137         141   1.2869859615858013     
         140         141   1.2450988859698626     
         140         142   1.3558212312776314     
         121         143   1.1731742834003100     
         142         143   1.3566804222372355     
         120         144  0.48889802188425757     
         123         144   1.2877927511275256     
         143         144   1.2443464111088158     
         121         145  0.97241675798327110     
         122         146  0.97098606725636227     
         126         147  0.97098555327332348     
         127         148  0.97241735476868807     
         130         149  0.96358084318459580     
         132         150  0.97241325901335185     
         133         151  0.97096464912761327     
         138         152  0.97097201554704338     
         139         153  0.97241538138402761     
         142         154  0.96358362670839748     
