    0.19701041
   -0.05069936
   -0.04898479
    0.07818429
    0.01841801
    0.07818530
   -0.04891380
   -0.05070424
    0.07712349
   -0.17097860
   -0.04970706
    0.07835740
   -0.04963543
   -0.04982130
    0.07909821
   -0.16960074
   -0.05145511
    0.07910512
   -0.04982705
   -0.04963518
    0.07834746
   -0.16958923
   -0.04969965
    0.07711271
   -0.17096783
    0.03453176
    0.03549320
    0.03535683
    0.03453179
    0.04991617
    0.03506351
    0.03500922
    0.04916472
    0.03501164
    0.03506222
    0.04991741
    0.19698266
   -0.05068363
   -0.04887991
    0.07818568
    0.01840458
    0.07816211
   -0.04900643
   -0.05069173
    0.07713332
   -0.17096288
   -0.04970288
    0.07835396
   -0.04963641
   -0.04982378
    0.07909819
   -0.16957613
   -0.05146779
    0.07910022
   -0.04982618
   -0.04963022
    0.07836251
   -0.16960174
   -0.04971362
    0.07714787
   -0.17100201
    0.03453274
    0.03537453
    0.03552857
    0.03454613
    0.04991659
    0.03506292
    0.03501107
    0.04917142
    0.03501189
    0.03506252
    0.04990751
   -0.02826512
   -0.02808331
   -0.02808364
   -0.02808319
   -0.02808995
   -0.02807737
   -0.02807627
   -0.02824318
    0.19858465
   -0.05068111
   -0.04928636
    0.07851268
    0.01830762
    0.07853685
   -0.04919663
   -0.05067951
    0.07655999
   -0.17220757
   -0.04760056
    0.07650374
   -0.05071340
   -0.04927936
    0.07855520
   -0.17209347
    0.01842264
    0.07857389
   -0.04919270
   -0.05071327
    0.07650555
   -0.17209046
   -0.04759923
    0.07654555
   -0.17218936
    0.03411979
    0.03476608
    0.03466564
    0.03411431
    0.05023710
    0.03412664
    0.03490095
    0.03477861
    0.03412077
    0.05023595
    0.19895879
   -0.05068845
   -0.04921127
    0.07858758
    0.01837484
    0.07857993
   -0.04928145
   -0.05069452
    0.07643066
   -0.17207928
   -0.04748095
    0.07642844
   -0.05071063
   -0.04924425
    0.07857564
   -0.17206804
    0.01841015
    0.07856664
   -0.04924824
   -0.05070643
    0.07643489
   -0.17207902
   -0.04749339
    0.07644668
   -0.17209069
    0.03414235
    0.03476656
    0.03486347
    0.03414431
    0.05031784
    0.03413731
    0.03475408
    0.03479816
    0.03413622
    0.05031333
    0.19857429
   -0.05072269
   -0.04924061
    0.07858349
    0.01841697
    0.07856491
   -0.04923927
   -0.05072392
    0.07649773
   -0.17206934
   -0.04762084
    0.07656747
   -0.05067370
   -0.04917920
    0.07852700
   -0.17222278
    0.01831699
    0.07850686
   -0.04928298
   -0.05067897
    0.07655296
   -0.17219536
   -0.04760598
    0.07648203
   -0.17206079
    0.03411957
    0.03482745
    0.03481835
    0.03412429
    0.05023674
    0.03411908
    0.03466723
    0.03478412
    0.03411740
    0.05023792
