           2           3   1.6507552068374765     
           3           4   1.1741722252600262     
           4           5   1.2553040655305112     
           5           6   1.2554507331592428     
           6           7   1.1741627200032456     
           7           8   1.6507874385963539     
           8           9   1.1666421682314068     
           1          10  0.53328843750148802     
           6          10   1.2866467477100247     
           9          10   1.2502036033813038     
           9          11   1.3540970189553612     
          11          12   1.3524534154224048     
          12          13   1.1579393672468083     
          13          14   1.6659728634015432     
          14          15   1.1575725178939058     
           1          16  0.53496811647711073     
          12          16   1.2628616720117933     
          15          16   1.2652608534907515     
          15          17   1.3514953966668324     
          17          18   1.3515039173787171     
          18          19   1.1575825224213585     
          19          20   1.6659345627029170     
          20          21   1.1579927412501967     
           1          22  0.53513962067934251     
          18          22   1.2652524069104487     
          21          22   1.2627877825808185     
          21          23   1.3524547506233660     
           2          24   1.1666933966012591     
          23          24   1.3541288703576486     
           1          25  0.53336183025151829     
           4          25   1.2866958225644973     
          24          25   1.2501027619180862     
           2          26  0.97228763799941564     
           3          27  0.96806285630584021     
           7          28  0.96810448332313737     
           8          29  0.97228951095289784     
          11          30  0.96381177567374388     
          13          31  0.97220139311117992     
          14          32  0.97222396593225113     
          17          33  0.96421868832204949     
          19          34  0.97222461040014607     
          20          35  0.97220008491761445     
          23          36  0.96380845883642197     
          38          39   1.6508913556637810     
          39          40   1.1740552945662532     
          40          41   1.2558365327196632     
          41          42   1.2554368655592867     
          42          43   1.1740857729325131     
          43          44   1.6508488524143357     
          44          45   1.1666697510353774     
          37          46  0.53325074176423903     
          42          46   1.2866515699139236     
          45          46   1.2501360418628304     
          45          47   1.3541223414370418     
          47          48   1.3524664638052095     
          48          49   1.1580121761606041     
          49          50   1.6659143705803843     
          50          51   1.1576114659067664     
          37          52  0.53494439681961103     
          48          52   1.2627831349081309     
          51          52   1.2652686138832758     
          51          53   1.3514662282467611     
          53          54   1.3515451672119432     
          54          55   1.1575126377540934     
          55          56   1.6660350969293687     
          56          57   1.1579349551210270     
          37          58  0.53492617607835080     
          54          58   1.2653004161569499     
          57          58   1.2627837787546725     
          57          59   1.3525325083479620     
          38          60   1.1666176827626831     
          59          60   1.3540290468685638     
          37          61  0.53303130151856548     
          40          61   1.2865282915305640     
          60          61   1.2503217792854355     
          38          62  0.97228884158067919     
          39          63  0.96835683865236244     
          43          64  0.96819897718696202     
          44          65  0.97228754060038936     
          47          66  0.96381515631374381     
          49          67  0.97220004535889126     
          50          68  0.97222527851150364     
          53          69  0.96421751957599056     
          55          70  0.97222439153550633     
          56          71  0.97219962621723344     
          59          72  0.96381879744355348     
           5          73   1.1706234279620580     
          73          74   2.5756556983426000     
          75          76   2.5703288837985130     
          77          78   2.5701622794894736     
          41          80   1.1700634567829966     
          79          80   2.5760095077782208     
          82          83   1.6499303128231828     
          83          84   1.1745597559721466     
          74          85   1.1723051094306844     
          84          85   1.2528830617409623     
          85          86   1.2531486083855157     
          86          87   1.1745655249816378     
          87          88   1.6499413733400148     
          88          89   1.1674524240018422     
          81          90  0.52895347548160421     
          86          90   1.2891716916534532     
          89          90   1.2491632539121182     
          89          91   1.3537152177960028     
          91          92   1.3537616520516569     
          92          93   1.1677794702752415     
          93          94   1.6493327430272040     
          94          95   1.1751025891918583     
          81          96  0.52920699687640405     
          92          96   1.2487108073173947     
          95          96   1.2898309557057097     
          75          97   1.1758355522511865     
          95          97   1.2513181715599666     
          97          98   1.2515225499453855     
          98          99   1.1750962436581398     
          99         100   1.6493476797926863     
         100         101   1.1677532183105050     
          81         102  0.52907308983853174     
          98         102   1.2897739845404808     
         101         102   1.2488250583489928     
         101         103   1.3536918764214372     
          82         104   1.1674782227240887     
         103         104   1.3537965501142413     
          81         105  0.52911655570495142     
          84         105   1.2892928255532285     
         104         105   1.2490108757920233     
          82         106  0.97232386269474347     
          83         107  0.96817267740813751     
          87         108  0.96821075525568645     
          88         109  0.97232579473143144     
          91         110  0.96350501435199853     
          93         111  0.97232646091107289     
          94         112  0.96766232855009215     
          99         113  0.96772842535671189     
         100         114  0.97232823281472547     
         103         115  0.96350494439231760     
         117         118   1.6491713696863941     
         118         119   1.1752107077850158     
          76         120   1.1759791176035281     
         119         120   1.2513305548776317     
         120         121   1.2511147143253258     
         121         122   1.1752511522785873     
         122         123   1.6490850445838656     
         123         124   1.1679699863930957     
         116         125  0.52965709521615945     
         121         125   1.2898715248158212     
         124         125   1.2483334589147925     
         124         126   1.3538463575045774     
         126         127   1.3536844270224557     
         127         128   1.1680235559903041     
         128         129   1.6489647024104843     
         129         130   1.1753700791363992     
         116         131  0.52950138606584951     
         127         131   1.2484365630208278     
         130         131   1.2898344450954193     
          77         132   1.1763746821349113     
         130         132   1.2510212354395465     
         132         133   1.2510981104162042     
         133         134   1.1753857920463973     
         134         135   1.6489842852866796     
         135         136   1.1679984322368913     
         116         137  0.52967325443896773     
         133         137   1.2897182193730048     
         136         137   1.2484740226311088     
         136         138   1.3536687985805116     
         117         139   1.1678819808927403     
         138         139   1.3538185222978598     
         116         140  0.52946114535345057     
         119         140   1.2897944866118685     
         139         140   1.2484844492854930     
         117         141  0.97232714842414891     
         118         142  0.96773756354739215     
         122         143  0.96767220911451823     
         123         144  0.97232385627789497     
         126         145  0.96347256295620032     
         128         146  0.97232665987019506     
         129         147  0.96741629789470840     
         134         148  0.96752539546773364     
         135         149  0.97232625405559525     
         138         150  0.96347623848990982     
         152         153   1.6493515464537583     
         153         154   1.1750963327870303     
          78         155   1.1762217693294401     
         154         155   1.2512023606577847     
         155         156   1.2513045998798134     
         156         157   1.1751360739389749     
         157         158   1.6493597704256655     
         158         159   1.1677132682438860     
         151         160  0.52913684753745460     
         156         160   1.2898188514342637     
         159         160   1.2487544414325238     
         159         161   1.3538156213053538     
         161         162   1.3536648914804896     
         162         163   1.1673477684570441     
         163         164   1.6500920125166281     
         164         165   1.1744453770639869     
         151         166  0.52891709905096229     
         162         166   1.2492982912630333     
         165         166   1.2890471193796991     
          79         167   1.1717454487390877     
         165         167   1.2534257440094305     
         167         168   1.2531553086902834     
         168         169   1.1745081612796022     
         169         170   1.6500030312046605     
         170         171   1.1674191840987602     
         151         172  0.52891547059320554     
         168         172   1.2891235654233477     
         171         172   1.2492297492671827     
         171         173   1.3536493007304824     
         152         174   1.1677439892381096     
         173         174   1.3538657182031253     
         151         175  0.52912573817763975     
         154         175   1.2899915304228005     
         174         175   1.2486434573301650     
         152         176  0.97232514829122085     
         153         177  0.96750667663747170     
         157         178  0.96740847832176668     
         158         179  0.97232589367997435     
         161         180  0.96350357120721886     
         163         181  0.97232603990765520     
         164         182  0.96845669872387463     
         169         183  0.96832286180116867     
         170         184  0.97232525928140823     
         173         185  0.96350220063549097     
