   -0.05488789
   -0.05306993
    0.08698877
    0.01190841
    0.06404995
   -0.04980958
   -0.05190526
    0.06418557
   -0.08110189
   -0.05516293
    0.08667121
   -0.05381258
   -0.05386010
    0.08645403
   -0.32117314
   -0.05692322
    0.06501813
   -0.05117242
   -0.05096362
    0.06546090
   -0.08098924
   -0.05510226
    0.08540182
   -0.32494888
    0.01830288
    0.02055541
    0.04318538
    0.04122939
    0.21399112
    0.04671534
    0.01924653
    0.01925720
    0.04591681
    0.04169128
    0.04165303
    0.21424677
    0.04675402
   -0.02251245
   -0.01148709
   -0.01148719
   -0.02251051
   -0.05381421
   -0.05386286
    0.08644857
   -0.05692945
    0.06500732
   -0.05117308
   -0.05096110
    0.06547607
   -0.08100703
   -0.05510292
    0.08541749
   -0.05489077
   -0.05304764
    0.08699742
   -0.32496948
    0.01191641
    0.06402488
   -0.04982278
   -0.05190202
    0.06418528
   -0.08109082
   -0.05515870
    0.08667475
   -0.32116538
    0.01924580
    0.01925846
    0.04591326
    0.04168959
    0.04164981
    0.21424941
    0.04674833
    0.01829162
    0.02056359
    0.04317544
    0.04123494
    0.21400149
    0.04672451
