           1           2   1.7163779424103125     
           2           3   1.1215550821314406     
           3           4   1.2440941908694754     
           4           5   1.2487801722210630     
           5           6   1.2371517426910370     
           6           7   1.5924163564459128     
           7           8   1.2241586316494866     
           5           9   1.2255647415856581     
           8           9   1.2021595170061916     
           8          10   1.3440874578950033     
          10          11   1.3574197514022524     
          11          12   1.1069100457349430     
          12          13   1.7308916552175642     
          13          14   1.1087744081530322     
          11          15   1.3237876561749768     
          14          15   1.3255090826416920     
          14          16   1.3536355904618138     
          16          17   1.3466275950057476     
          17          18   1.2156069817656387     
          18          19   1.6080176739580054     
          19          20   1.2153880236413841     
          17          21   1.2098175060595191     
          20          21   1.2108720291133386     
          20          22   1.3421858648973064     
           1          23   1.1151362328736667     
          22          23   1.3662510504952214     
           3          24   1.3616504942634671     
          23          24   1.2991831851260369     
           1          25  0.97279675110017838     
           2          26  0.97151071429231584     
           6          27  0.97185970386899689     
           7          28  0.97294199939513859     
           9          29  0.90026411296956210     
          10          30  0.96377392787699567     
          12          31  0.97275077976455426     
          13          32  0.97279649466540874     
          16          33  0.96471443743049068     
          18          34  0.97291140068854198     
          19          35  0.97284791440773011     
          21          36  0.90062885651017244     
          22          37  0.96361385279260914     
           4          38   1.1901282857670652     
          38          39   2.4646228363766283     
          39          40   1.3079494408387173     
          38          41  0.20233649791184194     
          40          41   2.4646452038344506     
          42          43   1.7308924505484335     
          43          44   1.1087909875698976     
          44          45   1.3536074258540947     
          45          46   1.3466442207742952     
          46          47   1.2156102206626558     
          47          48   1.6080362049267154     
          48          49   1.2153589631809929     
          46          50   1.2098109065523743     
          49          50   1.2108719371637651     
          49          51   1.3422190500766806     
          51          52   1.3661895255441823     
          52          53   1.1151276317319305     
          53          54   1.7163416909003195     
          54          55   1.1216090255395701     
          52          56   1.2992832464573043     
          55          56   1.3615131895814248     
          41          57   1.1901159423148830     
          55          57   1.2442997571870547     
          57          58   1.2486009944258472     
          58          59   1.2371994637372052     
          59          60   1.5923899324011335     
          60          61   1.2241719237817068     
          58          62   1.2255883966617711     
          61          62   1.2021660297899710     
          61          63   1.3440514288802321     
          42          64   1.1068978443514965     
          63          64   1.3574639591080393     
          44          65   1.3255225437699290     
          64          65   1.3237634642576088     
          42          66  0.97275108412744293     
          43          67  0.97279779100309416     
          45          68  0.96472178475042725     
          47          69  0.97291173881190607     
          48          70  0.97284706970310386     
          50          71  0.90059260028820021     
          51          72  0.96360895470855534     
          53          73  0.97279968676927531     
          54          74  0.97151615395166080     
          59          75  0.97185838982626838     
          60          76  0.97294023141644603     
          62          77  0.90023129641852950     
          63          78  0.96376602812009793     
