    0.24437226
   -0.05214577
   -0.05042470
    0.07670718
    0.01825972
    0.07667071
   -0.05066851
   -0.05212566
    0.07559277
   -0.17632053
   -0.05000593
    0.07680306
   -0.05108548
   -0.05123835
    0.07737552
   -0.17477735
   -0.05172633
    0.07736616
   -0.05121916
   -0.05108115
    0.07681410
   -0.17474474
   -0.05004045
    0.07562145
   -0.17642520
    0.03373686
    0.03469710
    0.03509834
    0.03374903
    0.04911278
    0.03415134
    0.03408196
    0.04843314
    0.03409123
    0.03416445
    0.04910593
    0.24435260
   -0.05211455
   -0.05051092
    0.07666339
    0.01823586
    0.07668444
   -0.05055680
   -0.05212096
    0.07563555
   -0.17638920
   -0.05004371
    0.07680736
   -0.05107984
   -0.05122942
    0.07736687
   -0.17474691
   -0.05175436
    0.07736642
   -0.05122866
   -0.05107831
    0.07681096
   -0.17475570
   -0.05004760
    0.07564373
   -0.17638288
    0.03375719
    0.03486281
    0.03498622
    0.03374075
    0.04909348
    0.03415544
    0.03408444
    0.04842784
    0.03408446
    0.03415929
    0.04909896
   -0.02857294
   -0.02918499
   -0.02875254
   -0.02873387
   -0.02917329
   -0.02855735
    0.24582711
   -0.05198188
   -0.05041683
    0.07692675
    0.01850469
    0.07686421
   -0.05065140
   -0.05197240
    0.07515890
   -0.17631714
   -0.04819121
    0.07517545
   -0.05189747
   -0.05054352
    0.07692682
   -0.17641686
    0.01822511
    0.07689601
   -0.05056268
   -0.05190298
    0.07518371
   -0.17640137
   -0.04821941
    0.07518811
   -0.17640777
    0.03388923
    0.03491403
    0.03527824
    0.03389383
    0.04980572
    0.03389734
    0.03508362
    0.03502525
    0.03392446
    0.04980343
    0.24580639
   -0.05190722
   -0.05054007
    0.07691438
    0.01820019
    0.07688088
   -0.05056268
   -0.05188402
    0.07519152
   -0.17641602
   -0.04823761
    0.07521338
   -0.05195298
   -0.05042842
    0.07690727
   -0.17638317
    0.01847242
    0.07684208
   -0.05060369
   -0.05194443
    0.07520128
   -0.17636509
   -0.04821904
    0.07518255
   -0.17640500
    0.03390949
    0.03498352
    0.03509673
    0.03390959
    0.04978605
    0.03389105
    0.03501688
    0.03524603
    0.03390983
    0.04979979
