           2           3   1.6511087638361639     
           3           4   1.1784526554077117     
           4           5   1.2584128545514537     
           5           6   1.2578267454595053     
           6           7   1.1783822287943473     
           7           8   1.6511015630249939     
           8           9   1.1708189822838921     
           1          10  0.48903367526285907     
           6          10   1.2844549320981828     
           9          10   1.2481253322161594     
           9          11   1.3567900468104033     
          11          12   1.3545744059616902     
          12          13   1.1626680159511444     
          13          14   1.6657375559272691     
          14          15   1.1619872645623555     
           1          16  0.49161906760312490     
          12          16   1.2606657283711977     
          15          16   1.2633314457553146     
          15          17   1.3540460952781950     
          17          18   1.3542297502121510     
          18          19   1.1619241149502841     
          19          20   1.6658582220089708     
          20          21   1.1625531114500236     
           1          22  0.49178309476332055     
          18          22   1.2632124645473120     
          21          22   1.2606633522214827     
          21          23   1.3547210618218508     
           2          24   1.1707180758812767     
          23          24   1.3565635392677273     
           1          25  0.48889063641402042     
           4          25   1.2840737782761529     
          24          25   1.2485319433493611     
           2          26  0.97241758453991378     
           3          27  0.96819046012860177     
           7          28  0.96831907005649609     
           8          29  0.97240806207350405     
          11          30  0.96392410526445915     
          13          31  0.97234699093788712     
          14          32  0.97236797244251005     
          17          33  0.96426026696624900     
          19          34  0.97236300197261138     
          20          35  0.97234408249346882     
          23          36  0.96392799269438001     
          38          39   1.6513506500284836     
          39          40   1.1782033390062319     
          40          41   1.2587190854639956     
          41          42   1.2586429057871342     
          42          43   1.1782340950118186     
          43          44   1.6512689328353936     
          44          45   1.1707058950788054     
          37          46  0.48894128920017821     
          42          46   1.2840947115081283     
          45          46   1.2484661076600196     
          45          47   1.3566128650417555     
          47          48   1.3547358500385491     
          48          49   1.1625776425041767     
          49          50   1.6658569790203073     
          50          51   1.1619232919592597     
          37          52  0.49178062117342014     
          48          52   1.2606289044366290     
          51          52   1.2632766904414625     
          51          53   1.3541631104218501     
          53          54   1.3541546777391544     
          54          55   1.1619127103492739     
          55          56   1.6658532608560859     
          56          57   1.1625871443329800     
          37          58  0.49177816498490934     
          54          58   1.2633010672275973     
          57          58   1.2605962144067147     
          57          59   1.3547577992081625     
          38          60   1.1706321750895725     
          59          60   1.3565967032762800     
          37          61  0.48889727257035420     
          40          61   1.2839927812372534     
          60          61   1.2485581105752734     
          38          62  0.97241400647414700     
          39          63  0.96861386452143972     
          43          64  0.96869461979840321     
          44          65  0.97241459803094510     
          47          66  0.96393567211221987     
          49          67  0.97234392413243786     
          50          68  0.97236530676440669     
          53          69  0.96426085137462147     
          55          70  0.97236565047131884     
          56          71  0.97234274152407818     
          59          72  0.96393287073202893     
           5          73   1.1687665015986921     
          73          74   2.5781443380586158     
          75          76   2.5766451784385778     
          41          78   1.1675997524005379     
          77          78   2.5788412512993100     
          80          81   1.6491631587648987     
          81          82   1.1796248886639549     
          74          83   1.1700136599279842     
          82          83   1.2567360453730998     
          83          84   1.2560845320021541     
          84          85   1.1796031052384797     
          85          86   1.6492190703820047     
          86          87   1.1724289461253212     
          79          88  0.48913364490416028     
          84          88   1.2853470220293239     
          87          88   1.2463369778646214     
          87          89   1.3558647462023385     
          89          90   1.3561809282923234     
          90          91   1.1723000085193103     
          91          92   1.6495102716669880     
          92          93   1.1792289635363611     
          79          94  0.48909518100256516     
          90          94   1.2462390697168830     
          93          94   1.2852732715097261     
          75          95   1.1686903928043850     
          93          95   1.2568989418412164     
          95          96   1.2568966029687081     
          96          97   1.1791591160867685     
          97          98   1.6496527965073327     
          98          99   1.1721549701666718     
          79         100  0.48909438526396526     
          96         100   1.2851615199073481     
          99         100   1.2463244819965413     
          99         101   1.3562381515856528     
          80         102   1.1724704195153504     
         101         102   1.3557511824606328     
          79         103  0.48923883788590600     
          82         103   1.2850035155822548     
         102         103   1.2464693011548977     
          80         104  0.97239850661778515     
          81         105  0.96818647849583717     
          85         106  0.96832514802269254     
          86         107  0.97239862957200929     
          89         108  0.96362135800930349     
          91         109  0.97240110755147513     
          92         110  0.96931558447795207     
          97         111  0.96898165367888112     
          98         112  0.97239791029983547     
         101         113  0.96361445456072226     
         115         116   1.6495813338571141     
         116         117   1.1791760811779239     
          76         118   1.1686925824619734     
         117         118   1.2569031895555192     
         118         119   1.2569025312588775     
         119         120   1.1791628211790168     
         120         121   1.6496693568120930     
         121         122   1.1721731989504425     
         114         123  0.48912733651893386     
         119         123   1.2852078691367219     
         122         123   1.2462688758947604     
         122         124   1.3562888171517580     
         124         125   1.3557182809874457     
         125         126   1.1723581021014335     
         126         127   1.6494131171087614     
         127         128   1.1793837328837788     
         114         129  0.48926312939585903     
         125         129   1.2465968104284668     
         128         129   1.2848921719061697     
          77         130   1.1688652412384175     
         128         130   1.2572338553063811     
         130         131   1.2566627455196053     
         131         132   1.1793721923928242     
         132         133   1.6494329145248072     
         133         134   1.1723632588525823     
         114         135  0.48909408592335785     
         131         135   1.2851318044260633     
         134         135   1.2464337787279316     
         134         136   1.3558537220867097     
         115         137   1.1722660163532630     
         136         137   1.3562258550354997     
         114         138  0.48918072415807190     
         117         138   1.2852395364259774     
         137         138   1.2462301306222803     
         115         139  0.97239714542426536     
         116         140  0.96897201707540048     
         120         141  0.96933087180406818     
         121         142  0.97239761477211839     
         124         143  0.96362302087737173     
         126         144  0.97240075387152081     
         127         145  0.96861386241313585     
         132         146  0.96869341533030806     
         133         147  0.97239590677718468     
         136         148  0.96361474456016605     
