    0.19850624
   -0.05055884
   -0.04903656
    0.07875142
    0.01674989
    0.07878305
   -0.04895465
   -0.05056964
    0.07717957
   -0.17163794
   -0.04950992
    0.07850446
   -0.04954069
   -0.04971351
    0.07918813
   -0.16982036
   -0.05125626
    0.07918881
   -0.04972003
   -0.04954840
    0.07850445
   -0.16983538
   -0.04948935
    0.07717578
   -0.17160200
    0.03464064
    0.03669555
    0.03668842
    0.03461951
    0.05012640
    0.03528915
    0.03521412
    0.04939039
    0.03521712
    0.03529261
    0.05013844
    0.19847903
   -0.05055903
   -0.04903439
    0.07873484
    0.01675353
    0.07878477
   -0.04894205
   -0.05056468
    0.07720350
   -0.17165482
   -0.04952356
    0.07851254
   -0.04954372
   -0.04971166
    0.07919995
   -0.16983396
   -0.05125691
    0.07919765
   -0.04971478
   -0.04954611
    0.07850762
   -0.16982841
   -0.04950828
    0.07719477
   -0.17160413
    0.03465720
    0.03670016
    0.03667854
    0.03462519
    0.05012440
    0.03529266
    0.03521569
    0.04939424
    0.03521831
    0.03529507
    0.05013925
   -0.01921944
   -0.00968590
   -0.00192762
   -0.00172612
   -0.00978967
   -0.01890472
   -0.01899028
   -0.00966590
   -0.00179760
   -0.00175285
   -0.00971770
   -0.01894029
   -0.01894003
   -0.00971943
   -0.00175562
   -0.00180005
   -0.00967296
   -0.01899695
   -0.01885284
   -0.00977017
   -0.00168122
   -0.00188899
   -0.00966279
   -0.01917080
    0.20058616
   -0.05057409
   -0.04934561
    0.07915525
    0.01665220
    0.07915057
   -0.04934394
   -0.05057077
    0.07662620
   -0.17322789
   -0.04725764
    0.07662379
   -0.05056870
   -0.04934972
    0.07914208
   -0.17319055
    0.01675251
    0.07916362
   -0.04932806
   -0.05057891
    0.07662968
   -0.17318937
   -0.04725927
    0.07662509
   -0.17322466
    0.03408537
    0.03591487
    0.03592774
    0.03408821
    0.05031135
    0.03412313
    0.03603293
    0.03602281
    0.03410792
    0.05030748
    0.20077255
   -0.05055247
   -0.04934685
    0.07914622
    0.01666905
    0.07915140
   -0.04934549
   -0.05055757
    0.07661792
   -0.17315096
   -0.04719992
    0.07661970
   -0.05055375
   -0.04934901
    0.07914628
   -0.17315606
    0.01666917
    0.07914955
   -0.04934511
   -0.05055526
    0.07661688
   -0.17315180
   -0.04719826
    0.07661460
   -0.17314779
    0.03413428
    0.03601441
    0.03601218
    0.03413230
    0.05033726
    0.03413307
    0.03601405
    0.03601140
    0.03413094
    0.05033590
    0.20056808
   -0.05057205
   -0.04935324
    0.07914185
    0.01674879
    0.07917408
   -0.04930724
   -0.05057202
    0.07663709
   -0.17320215
   -0.04728436
    0.07665065
   -0.05056911
   -0.04932526
    0.07913761
   -0.17324369
    0.01665321
    0.07914302
   -0.04934485
   -0.05057247
    0.07664980
   -0.17323143
   -0.04727490
    0.07663130
   -0.17317120
    0.03413063
    0.03603758
    0.03602483
    0.03410794
    0.05030103
    0.03409140
    0.03591160
    0.03592815
    0.03409975
    0.05031387
