           2           3   1.6500935240121319     
           3           4   1.1751262237495526     
           4           5   1.2481020967428127     
           5           6   1.2486678254103982     
           6           7   1.1751748999920126     
           7           8   1.6500299628925208     
           8           9   1.1670150576268890     
           1          10  0.53346864031027752     
           6          10   1.2881024122023148     
           9          10   1.2487368132299341     
           9          11   1.3548824678182592     
          11          12   1.3518673587399521     
          12          13   1.1580674686976933     
          13          14   1.6658456497561485     
          14          15   1.1576666293926232     
           1          16  0.53461228087721369     
          12          16   1.2630593445465401     
          15          16   1.2650985144530771     
          15          17   1.3515028144051988     
          17          18   1.3515083447744123     
          18          19   1.1576769453521201     
          19          20   1.6658217335595420     
          20          21   1.1580892314172704     
           1          22  0.53467291931101402     
          18          22   1.2650757964618178     
          21          22   1.2630642781720911     
          21          23   1.3518263884026678     
           2          24   1.1669880852600341     
          23          24   1.3549685470667778     
           1          25  0.53303342611572457     
           4          25   1.2883961040277101     
          24          25   1.2486480894708216     
           2          26  0.97228718459188057     
           3          27  0.97067001504025496     
           7          28  0.97067334683878070     
           8          29  0.97228842955432770     
          11          30  0.96378715106783841     
          13          31  0.97218573967017230     
          14          32  0.97220886074581503     
          17          33  0.96419232333494143     
          19          34  0.97220793815462758     
          20          35  0.97218456711703571     
          23          36  0.96378252931085040     
          38          39   1.6501403370645089     
          39          40   1.1750876802289150     
          40          41   1.2483984583640821     
          41          42   1.2489757332156430     
          42          43   1.1751146532613972     
          43          44   1.6500920288143823     
          44          45   1.1669788982107789     
          37          46  0.53347975398015091     
          42          46   1.2879550082309890     
          45          46   1.2488412367164301     
          45          47   1.3548338907385677     
          47          48   1.3519342952202564     
          48          49   1.1580159987860528     
          49          50   1.6658966229933245     
          50          51   1.1576348147030389     
          37          52  0.53472786476408751     
          48          52   1.2630576375418636     
          51          52   1.2650932413268903     
          51          53   1.3515419967699356     
          53          54   1.3515380431002475     
          54          55   1.1576342911208395     
          55          56   1.6658822287161077     
          56          57   1.1580329234830240     
          37          58  0.53472485979094919     
          54          58   1.2650903010252650     
          57          58   1.2630738894121374     
          57          59   1.3518895450799839     
          38          60   1.1669741691632722     
          59          60   1.3549188451937995     
          37          61  0.53334917756847022     
          40          61   1.2881676452870756     
          60          61   1.2487217236855559     
          38          62  0.97228562029533261     
          39          63  0.97066540468058926     
          43          64  0.97066915847477009     
          44          65  0.97228763424132580     
          47          66  0.96378409668126064     
          49          67  0.97218518963129552     
          50          68  0.97220637025179402     
          53          69  0.96418777044061088     
          55          70  0.97220637765607065     
          56          71  0.97218472019847602     
          59          72  0.96377982560924025     
           5          73   1.1882109848838427     
          73          74   2.4415845589900211     
          74          75   1.3329004518862499     
          73          76  0.19259723719246957     
          75          76   2.3555768422589725     
          76          77   1.3338250515162482     
          75          78  0.19239070047200757     
          77          78   2.4386049646938046     
          79          80   2.4363611739175339     
          80          81   1.3356880122734722     
          79          82  0.19207759489086046     
          81          82   2.3520754867184035     
          82          83   1.3357108763437830     
          81          84  0.19208443442531301     
          83          84   2.4363248022422996     
          85          86   2.4363276097196849     
          86          87   1.3357087873816325     
          85          88  0.19209240505194800     
          87          88   2.3520841493757643     
          88          89   1.3356713509130498     
          87          90  0.19209251205722966     
          89          90   2.4364243419432565     
          91          92   2.4392444480774080     
          92          93   1.3331874166004729     
          91          94  0.19232181675381377     
          93          94   2.3562606903710765     
          94          95   1.3322441313002533     
          41          96   1.1875801594449202     
          93          96  0.19251301455685765     
          95          96   2.4422427267747890     
          98          99   1.6490479367923681     
          99         100   1.1756655063320025     
          78         101   1.1912828171621983     
         100         101   1.2453800292388901     
         101         102   1.2454158166627520     
         102         103   1.1756610337668540     
         103         104   1.6490417045324610     
         104         105   1.1679480344975532     
          97         106  0.52794775831863616     
         102         106   1.2912751901235149     
         105         106   1.2477998213565051     
         105         107   1.3541062149802157     
         107         108   1.3538807817578125     
         108         109   1.1681709667169038     
         109         110   1.6487091168142300     
         110         111   1.1759263376809916     
          97         112  0.52796224133080505     
         108         112   1.2477607863326017     
         111         112   1.2914292845671953     
          79         113   1.1924627236091414     
         111         113   1.2448160114507607     
         113         114   1.2449093733927115     
         114         115   1.1759307351500885     
         115         116   1.6487196920974330     
         116         117   1.1681324883942359     
          97         118  0.52800084933523739     
         114         118   1.2914083175066082     
         117         118   1.2478053597358583     
         117         119   1.3538746698362047     
          98         120   1.1679347052531042     
         119         120   1.3541114329442185     
          97         121  0.52785435362933031     
         100         121   1.2912951935566399     
         120         121   1.2478096171466662     
          98         122  0.97233355538461141     
          99         123  0.97077421677728770     
         103         124  0.97077167992887703     
         104         125  0.97233202592853474     
         107         126  0.96350549678213238     
         109         127  0.97233839770812647     
         110         128  0.97077238725851511     
         115         129  0.97076530297574104     
         116         130  0.97233799121929188     
         119         131  0.96350634833434945     
         133         134   1.6487660848786116     
         134         135   1.1758174428719468     
          84         136   1.1924373267880084     
         135         136   1.2448234236372937     
         136         137   1.2448430561229471     
         137         138   1.1758810016987518     
         138         139   1.6487130213451600     
         139         140   1.1681790256362901     
         132         141  0.52825316782295151     
         137         141   1.2914787277564939     
         140         141   1.2475387503868931     
         140         142   1.3540259017690273     
         142         143   1.3540316838916346     
         143         144   1.1681752531714900     
         144         145   1.6487244969030646     
         145         146   1.1758627252851439     
         132         147  0.52814347521783589     
         143         147   1.2475457258843139     
         146         147   1.2915147499704913     
          85         148   1.1924505817344806     
         146         148   1.2448179392283596     
         148         149   1.2448395311951439     
         149         150   1.1758418244434190     
         150         151   1.6487383611618476     
         151         152   1.1681785698224689     
         132         153  0.52823236142527175     
         149         153   1.2915117569615664     
         152         153   1.2475320836667079     
         152         154   1.3540227398030480     
         133         155   1.1681569666773204     
         154         155   1.3540585443568713     
         132         156  0.52815342956966693     
         135         156   1.2915534224785115     
         155         156   1.2475213537762206     
         133         157  0.97233022098491373     
         134         158  0.97075991391673966     
         138         159  0.97075655391621207     
         139         160  0.97233121179833315     
         142         161  0.96351238579680332     
         144         162  0.97233173272661677     
         145         163  0.97075881336640246     
         150         164  0.97075757105667304     
         151         165  0.97233010060279312     
         154         166  0.96351094603301934     
         168         169   1.6488102081014793     
         169         170   1.1758433319507176     
          90         171   1.1923982089241976     
         170         171   1.2447885244902366     
         171         172   1.2450699505190816     
         172         173   1.1759032252187922     
         173         174   1.6487568612957761     
         174         175   1.1680943756188826     
         167         176  0.52815892950357290     
         172         176   1.2913306891061951     
         175         176   1.2477985351288263     
         175         177   1.3539415963317649     
         177         178   1.3540353404038448     
         178         179   1.1678907241779102     
         179         180   1.6491298651987627     
         180         181   1.1755893817603531     
         167         182  0.52805166783352520     
         178         182   1.2479341274273723     
         181         182   1.2910596013607814     
          91         183   1.1906515616302127     
         181         183   1.2457614095175962     
         183         184   1.2456270298743493     
         184         185   1.1756324981696735     
         185         186   1.6490842195945481     
         186         187   1.1679176310087640     
         167         188  0.52796709952631538     
         184         188   1.2911113298194474     
         187         188   1.2479177972390318     
         187         189   1.3540281450303719     
         168         190   1.1680930178849238     
         189         190   1.3539705340213992     
         167         191  0.52809460311224510     
         170         191   1.2914640264907273     
         190         191   1.2477436712191328     
         168         192  0.97233582862588586     
         169         193  0.97076478988002035     
         173         194  0.97076435581056630     
         174         195  0.97233631445169499     
         177         196  0.96350866731551132     
         179         197  0.97233156830797207     
         180         198  0.97076640789160518     
         185         199  0.97076833248843886     
         186         200  0.97233171528549878     
         189         201  0.96350584871344214     
