   -0.05461473
   -0.05305478
    0.08719576
    0.01132960
    0.06411833
   -0.04991672
   -0.05171472
    0.06443202
   -0.08129741
   -0.05487022
    0.08691302
   -0.05368774
   -0.05370411
    0.08647699
   -0.32071883
   -0.05655996
    0.06503018
   -0.05095034
   -0.05081427
    0.06582743
   -0.08092462
   -0.05487293
    0.08566897
   -0.32486752
    0.01875907
    0.02123864
    0.04334960
    0.04150375
    0.21421239
    0.04713858
    0.01961678
    0.01966676
    0.04632765
    0.04209215
    0.04203593
    0.21452843
    0.04721193
   -0.05462908
   -0.05304923
    0.08722818
    0.01134093
    0.06414370
   -0.04993564
   -0.05171583
    0.06439920
   -0.08123691
   -0.05485743
    0.08690122
   -0.05368853
   -0.05370633
    0.08649181
   -0.32072026
   -0.05655123
    0.06504879
   -0.05095315
   -0.05081586
    0.06580185
   -0.08087737
   -0.05486255
    0.08565544
   -0.32488067
    0.01876094
    0.02123453
    0.04336469
    0.04152071
    0.21419509
    0.04713823
    0.01962406
    0.01966582
    0.04634045
    0.04209272
    0.04204378
    0.21449538
    0.04721423
   -0.02017706
   -0.01191925
   -0.00292940
   -0.00372274
   -0.01093081
   -0.02100316
   -0.02035662
   -0.01120585
   -0.00298773
   -0.00315054
   -0.01102368
   -0.02051851
   -0.02051978
   -0.01102611
   -0.00314536
   -0.00297732
   -0.01122146
   -0.02036005
   -0.02101519
   -0.01095874
   -0.00373660
   -0.00295122
   -0.01193830
   -0.02019236
   -0.05440609
   -0.05290842
    0.08703544
    0.01193103
    0.06363353
   -0.05015990
   -0.05172031
    0.06422582
   -0.08140250
   -0.05260322
    0.08540221
   -0.05436419
   -0.05296463
    0.08717236
   -0.32400431
    0.01152602
    0.06377109
   -0.05025475
   -0.05165661
    0.06412768
   -0.08140680
   -0.05257442
    0.08540241
   -0.32393559
    0.01898552
    0.02135368
    0.04322822
    0.04144112
    0.21453097
    0.04799033
    0.01899710
    0.02126408
    0.04315554
    0.04146663
    0.21452033
    0.04801490
   -0.05435605
   -0.05294290
    0.08710645
    0.01172131
    0.06369849
   -0.05022722
   -0.05166632
    0.06419779
   -0.08138909
   -0.05249214
    0.08540345
   -0.05435371
   -0.05294380
    0.08711139
   -0.32385794
    0.01172365
    0.06369768
   -0.05022813
   -0.05166696
    0.06419688
   -0.08138716
   -0.05249485
    0.08540543
   -0.32385831
    0.01905595
    0.02133214
    0.04321273
    0.04150288
    0.21459153
    0.04809517
    0.01905611
    0.02133607
    0.04321156
    0.04150245
    0.21458862
    0.04809541
   -0.05436872
   -0.05297863
    0.08718628
    0.01153398
    0.06379262
   -0.05025240
   -0.05165564
    0.06409923
   -0.08135421
   -0.05256323
    0.08538296
   -0.05440567
   -0.05291590
    0.08706846
   -0.32394375
    0.01193438
    0.06365234
   -0.05017131
   -0.05172336
    0.06419610
   -0.08135827
   -0.05258964
    0.08539880
   -0.32401413
    0.01900548
    0.02126938
    0.04315920
    0.04146790
    0.21447986
    0.04801082
    0.01897701
    0.02135038
    0.04324135
    0.04144899
    0.21449776
    0.04798986
