           1           2   1.7164532888883604     
           2           3   1.1217201526465048     
           3           4   1.2422766480868979     
           4           5   1.2472793174838410     
           5           6   1.2373735986918819     
           6           7   1.5924969743489141     
           7           8   1.2238106808063183     
           5           9   1.2258239541714135     
           8           9   1.2020579483543987     
           8          10   1.3446109494412686     
          10          11   1.3569302726174994     
          11          12   1.1067281523342223     
          12          13   1.7309133167560473     
          13          14   1.1090131511025871     
          11          15   1.3243154123056065     
          14          15   1.3248804529853266     
          14          16   1.3539062647100897     
          16          17   1.3465369706634487     
          17          18   1.2157241803340582     
          18          19   1.6082672811984691     
          19          20   1.2149284416245039     
          17          21   1.2097329497741875     
          20          21   1.2116264719554244     
          20          22   1.3417291517178107     
           1          23   1.1149067884216231     
          22          23   1.3668871170180099     
           3          24   1.3619493078605740     
          23          24   1.2985256358323560     
           1          25  0.97277458827480379     
           2          26  0.97142809373671557     
           6          27  0.97185065574197749     
           7          28  0.97290883436454523     
           9          29  0.89965074451579374     
          10          30  0.96363703635848597     
          12          31  0.97273517320424829     
          13          32  0.97278749635514783     
          16          33  0.96474928173652141     
          18          34  0.97288203613841806     
          19          35  0.97281480177002511     
          21          36  0.89997551995000413     
          22          37  0.96347044638944501     
          38          39   1.7163820528972487     
          39          40   1.1217622731419215     
          40          41   1.2419899932594516     
          41          42   1.2470701091921021     
          42          43   1.2374284481967230     
          43          44   1.5923767727242339     
          44          45   1.2239252363480484     
          42          46   1.2259244050060292     
          45          46   1.2019710775919643     
          45          47   1.3445713287507335     
          47          48   1.3569454516146444     
          48          49   1.1067214885484753     
          49          50   1.7309514621282263     
          50          51   1.1089573562660611     
          48          52   1.3242979159101322     
          51          52   1.3249338803995308     
          51          53   1.3538939947676085     
          53          54   1.3465388361234258     
          54          55   1.2157022613931858     
          55          56   1.6082359516576199     
          56          57   1.2149913158376142     
          54          58   1.2097289786144179     
          57          58   1.2116121712588543     
          57          59   1.3416537349064541     
          38          60   1.1149284947784450     
          59          60   1.3669665343353223     
          40          61   1.3621704509727353     
          60          61   1.2984019894464391     
          38          62  0.97277897511294142     
          39          63  0.97142710677844180     
          43          64  0.97184510456611517     
          44          65  0.97291055529632953     
          46          66  0.89974133457861094     
          47          67  0.96365283818192937     
          49          68  0.97273622655022529     
          50          69  0.97278610764916917     
          53          70  0.96473387569490765     
          55          71  0.97288039740682508     
          56          72  0.97281611995465822     
          58          73  0.90007655360861716     
          59          74  0.96348768196514634     
           4          75   1.1937827191169279     
          75          76   2.4350465796281311     
          76          77   1.3365639615604321     
          75          78  0.19164005254421140     
          77          78   2.3496290682432046     
          78          79   1.3376960639003919     
          77          80  0.19131653663789788     
          79          80   2.4313648012805364     
          81          82   2.4284274700640456     
          82          83   1.3402286506247207     
          81          84  0.19098140119471080     
          83          84   2.3451243283974916     
          84          85   1.3402954137918279     
          83          86  0.19097040435539414     
          85          86   2.4282311636872835     
          87          88   2.4281536697848991     
          88          89   1.3403544931840643     
          87          90  0.19096256983939924     
          89          90   2.3450387103279491     
          90          91   1.3403133400514384     
          89          92  0.19099392507168794     
          91          92   2.4283037463050818     
          93          94   2.4309068990711822     
          94          95   1.3381388005323567     
          93          96  0.19135809882696858     
          95          96   2.3491247170445191     
          96          97   1.3370132217201818     
          41          98   1.1942438905396207     
          95          98  0.19167547335141866     
          97          98   2.4345240952184208     
          99         100   1.7153767689293302     
         100         101   1.1237748757705621     
          80         102   1.1983030846679887     
         101         102   1.2404582279918368     
         102         103   1.2423472072123773     
         103         104   1.2418210036551791     
         104         105   1.5869370268711780     
         105         106   1.2282160495836985     
         103         107   1.2264908200341342     
         106         107   1.2034427698834307     
         106         108   1.3350599716278422     
         108         109   1.3722738720374938     
         109         110   1.1148539881519390     
         110         111   1.7155952526840035     
         111         112   1.1235150747313578     
         109         113   1.2941018068315238     
         112         113   1.3636294727074931     
          81         114   1.1998823302775024     
         112         114   1.2391256401711370     
         114         115   1.2419392467413111     
         115         116   1.2414505004762617     
         116         117   1.5873531751128263     
         117         118   1.2278381669442262     
         115         119   1.2270743297763529     
         118         119   1.2027447822514057     
         118         120   1.3363154529770116     
          99         121   1.1150030137543929     
         120         121   1.3708219206680490     
         101         122   1.3621051227453609     
         121         122   1.2953655303471072     
          99         123  0.97276225818910045     
         100         124  0.97153830592926238     
         104         125  0.97200989563141560     
         105         126  0.97290681909374555     
         107         127  0.89734903272723965     
         108         128  0.96294100403721283     
         110         129  0.97276123649499036     
         111         130  0.97154782288596375     
         116         131  0.97200845000840463     
         117         132  0.97290403690407667     
         119         133  0.89741984922490803     
         120         134  0.96294244470924140     
         135         136   1.7154411312490341     
         136         137   1.1237193223219455     
          86         138   1.2001255529780317     
         137         138   1.2392123101247103     
         138         139   1.2416648903685643     
         139         140   1.2418314420877383     
         140         141   1.5868951595802834     
         141         142   1.2281867088598419     
         139         143   1.2270009572868834     
         142         143   1.2031117493550629     
         142         144   1.3354249617376239     
         144         145   1.3718864070903178     
         145         146   1.1149217507514797     
         146         147   1.7154409528905199     
         147         148   1.1237131344782008     
         145         149   1.2943614614054768     
         148         149   1.3632546861392478     
          87         150   1.2001766738465047     
         148         150   1.2391902299104633     
         150         151   1.2416482204611297     
         151         152   1.2418505667749895     
         152         153   1.5868659808730958     
         153         154   1.2282150315640901     
         151         155   1.2269984548605466     
         154         155   1.2031119579456038     
         154         156   1.3353999687707656     
         135         157   1.1149203221651052     
         156         157   1.3718901561935819     
         137         158   1.3632417819784162     
         157         158   1.2943719679792745     
         135         159  0.97275724420438747     
         136         160  0.97154842571246391     
         140         161  0.97201701110682115     
         141         162  0.97289923712466309     
         143         163  0.89716582479433615     
         144         164  0.96291359504357354     
         146         165  0.97275693667110574     
         147         166  0.97154532597722310     
         152         167  0.97201864815206296     
         153         168  0.97289971477223225     
         155         169  0.89717690323402866     
         156         170  0.96291588885676127     
         171         172   1.7156408666560439     
         172         173   1.1234546396310572     
          92         174   1.1999038650402627     
         173         174   1.2390583773812991     
         174         175   1.2419786054561823     
         175         176   1.2414295612108956     
         176         177   1.5873190929649656     
         177         178   1.2279152813495031     
         175         179   1.2270747423782056     
         178         179   1.2027246434001313     
         178         180   1.3362276868709211     
         180         181   1.3709499280854269     
         181         182   1.1150112584183427     
         182         183   1.7153970417101383     
         183         184   1.1237161703803726     
         181         185   1.2952072012119771     
         184         185   1.3623674364549507     
          93         186   1.1987000119357654     
         184         186   1.2402713287325642     
         186         187   1.2421362617407379     
         187         188   1.2419475814624614     
         188         189   1.5867529163369958     
         189         190   1.2283801461357835     
         187         191   1.2265308287406222     
         190         191   1.2033696305219566     
         190         192   1.3349790790247344     
         171         193   1.1148495383639079     
         192         193   1.3723456824078284     
         173         194   1.3637060531121648     
         193         194   1.2940545962468177     
         171         195  0.97276150060096445     
         172         196  0.97154056194178451     
         176         197  0.97200607251226534     
         177         198  0.97290600238280789     
         179         199  0.89757627560094488     
         180         200  0.96295319104360366     
         182         201  0.97276182235351827     
         183         202  0.97153892363270988     
         188         203  0.97200259081885299     
         189         204  0.97290912326181900     
         191         205  0.89750276764456183     
         192         206  0.96295320757193414     
