    0.24455759
   -0.05209080
   -0.05032592
    0.07720826
    0.01708915
    0.07715555
   -0.05040972
   -0.05208772
    0.07556821
   -0.17684857
   -0.04987826
    0.07681902
   -0.05108581
   -0.05124553
    0.07734010
   -0.17492855
   -0.05172005
    0.07734409
   -0.05125095
   -0.05107314
    0.07680025
   -0.17490267
   -0.04988705
    0.07558716
   -0.17693052
    0.03348440
    0.03541716
    0.03540066
    0.03350956
    0.04900145
    0.03407050
    0.03398253
    0.04832788
    0.03399011
    0.03406975
    0.04898456
   -0.02103050
   -0.00998480
   -0.00997693
   -0.02104828
    0.24461323
   -0.05206935
   -0.05037021
    0.07715648
    0.01709719
    0.07717908
   -0.05037783
   -0.05209142
    0.07557210
   -0.17693045
   -0.04987096
    0.07678134
   -0.05108056
   -0.05123615
    0.07734740
   -0.17490254
   -0.05173332
    0.07733700
   -0.05124766
   -0.05107596
    0.07681261
   -0.17493914
   -0.04988970
    0.07557702
   -0.17690554
    0.03350658
    0.03538395
    0.03541892
    0.03349008
    0.04898776
    0.03407963
    0.03399158
    0.04832289
    0.03399264
    0.03407276
    0.04899840
