           2           3   1.6504011407885741     
           3           4   1.1793131193993245     
           4           5   1.2526117080806070     
           5           6   1.2520003895062650     
           6           7   1.1793152708240473     
           7           8   1.6504007758104813     
           8           9   1.1711778461399509     
           1          10  0.48898962780670613     
           6          10   1.2859252044997525     
           9          10   1.2469282168314746     
           9          11   1.3573417891248916     
          11          12   1.3542057554171747     
          12          13   1.1627247312962339     
          13          14   1.6656987082963002     
          14          15   1.1619859006131730     
           1          16  0.49134320857735603     
          12          16   1.2608215655934059     
          15          16   1.2632759928819151     
          15          17   1.3541356243571729     
          17          18   1.3540167871841724     
          18          19   1.1620631426546448     
          19          20   1.6656026399520232     
          20          21   1.1628152686913129     
           1          22  0.49154326933382242     
          18          22   1.2633180516788802     
          21          22   1.2606528632507596     
          21          23   1.3542551876249842     
           2          24   1.1711452792883139     
          23          24   1.3572485815149244     
           1          25  0.48898876409633041     
           4          25   1.2857083734953498     
          24          25   1.2471121302774670     
           2          26  0.97244257363463082     
           3          27  0.97099004170383163     
           7          28  0.97097521040529777     
           8          29  0.97243621006244330     
          11          30  0.96392961562441426     
          13          31  0.97234830386238835     
          14          32  0.97237036340099936     
          17          33  0.96426499600693505     
          19          34  0.97237045625426854     
          20          35  0.97234770802046600     
          23          36  0.96393332318027869     
           5          37   1.1836224193818201     
          37          38   2.4724304655671281     
          38          39   1.3033390573715673     
          37          40  0.20338215090775028     
          39          40   2.4723123448088220     
          42          43   1.6504041535241689     
          43          44   1.1792758523150169     
          40          45   1.1837360133727373     
          44          45   1.2522278258443391     
          45          46   1.2521860597398831     
          46          47   1.1794547349470090     
          47          48   1.6501731638460657     
          48          49   1.1713225315815818     
          41          50  0.48897927538417207     
          46          50   1.2858503041511542     
          49          50   1.2469911084418470     
          49          51   1.3571040461053792     
          51          52   1.3544316622739634     
          52          53   1.1626404322763220     
          53          54   1.6657744473733536     
          54          55   1.1619649549879427     
          41          56  0.49147572124761896     
          52          56   1.2606459501301031     
          55          56   1.2634007022535430     
          55          57   1.3540004537457624     
          57          58   1.3541320102828678     
          58          59   1.1620215388601964     
          59          60   1.6656491287952562     
          60          61   1.1627650330602992     
          41          62  0.49145396404408043     
          58          62   1.2632402149331536     
          61          62   1.2607594079841089     
          61          63   1.3542168234036891     
          42          64   1.1711657008307159     
          63          64   1.3572650991673190     
          41          65  0.48894349236680151     
          44          65   1.2858483656404798     
          64          65   1.2470197501897728     
          42          66  0.97243379365475835     
          43          67  0.97098411824846198     
          47          68  0.97098866784883975     
          48          69  0.97244113079862926     
          51          70  0.96393351350214740     
          53          71  0.97234892704328935     
          54          72  0.97236722436482192     
          57          73  0.96426702489552230     
          59          74  0.97237000752880387     
          60          75  0.97234833406008825     
          63          76  0.96393898390881438     
