   -0.05476156
   -0.05306157
    0.08709525
    0.01178413
    0.06412809
   -0.04982669
   -0.05177167
    0.06429481
   -0.08102258
   -0.05489053
    0.08681011
   -0.05372387
   -0.05376608
    0.08648911
   -0.32083037
   -0.05665172
    0.06501415
   -0.05104041
   -0.05086799
    0.06570418
   -0.08088410
   -0.05490122
    0.08552396
   -0.32472288
    0.01857032
    0.02066286
    0.04325358
    0.04148726
    0.21411741
    0.04706489
    0.01953450
    0.01956182
    0.04625204
    0.04198989
    0.04192776
    0.21440038
    0.04706998
   -0.05476655
   -0.05305642
    0.08708947
    0.01178132
    0.06410654
   -0.04983043
   -0.05177343
    0.06430872
   -0.08102007
   -0.05487356
    0.08681283
   -0.05372242
   -0.05377105
    0.08649716
   -0.32080868
   -0.05665353
    0.06502998
   -0.05103840
   -0.05086052
    0.06569307
   -0.08088509
   -0.05491513
    0.08552483
   -0.32474243
    0.01856252
    0.02066761
    0.04324308
    0.04148674
    0.21412764
    0.04706727
    0.01953507
    0.01956364
    0.04625410
    0.04199170
    0.04193093
    0.21439796
    0.04706718
   -0.02165581
   -0.01138573
   -0.01044159
   -0.02254785
   -0.02176575
   -0.01074651
   -0.01044531
   -0.02204776
   -0.02178327
   -0.01060248
   -0.01047501
   -0.02191266
   -0.02182043
   -0.01052692
   -0.01048767
   -0.02184363
   -0.02185286
   -0.01048542
   -0.01053031
   -0.02180976
   -0.02191186
   -0.01048033
   -0.01060598
   -0.02178694
   -0.02203774
   -0.01046474
   -0.01075521
   -0.02177056
   -0.02255417
   -0.01044324
   -0.01138414
   -0.02166295
   -0.05455312
   -0.05293834
    0.08689128
    0.01233800
    0.06355833
   -0.05007766
   -0.05182559
    0.06405985
   -0.08112805
   -0.05267035
    0.08519012
   -0.05450953
   -0.05302724
    0.08702299
   -0.32395568
    0.01184016
    0.06369168
   -0.05017556
   -0.05175713
    0.06397848
   -0.08120467
   -0.05261518
    0.08520897
   -0.32385085
    0.01874391
    0.02073520
    0.04306808
    0.04133961
    0.21440849
    0.04781856
    0.01876688
    0.02065105
    0.04295479
    0.04134396
    0.21438545
    0.04784015
   -0.05450640
   -0.05299931
    0.08700166
    0.01220306
    0.06368797
   -0.05011912
   -0.05177959
    0.06397897
   -0.08102469
   -0.05252902
    0.08518245
   -0.05448865
   -0.05300021
    0.08705171
   -0.32386714
    0.01199932
    0.06369350
   -0.05016939
   -0.05174957
    0.06397156
   -0.08105700
   -0.05248567
    0.08518347
   -0.32377702
    0.01885084
    0.02077163
    0.04307088
    0.04142176
    0.21438299
    0.04793355
    0.01884251
    0.02071549
    0.04301486
    0.04142697
    0.21439825
    0.04795322
   -0.05448713
   -0.05299791
    0.08703672
    0.01214531
    0.06371942
   -0.05012618
   -0.05175050
    0.06397075
   -0.08102428
   -0.05250678
    0.08519447
   -0.05448637
   -0.05299699
    0.08702242
   -0.32380098
    0.01207906
    0.06371126
   -0.05014605
   -0.05175300
    0.06398197
   -0.08105421
   -0.05246994
    0.08518589
   -0.32375464
    0.01888181
    0.02075956
    0.04307911
    0.04145531
    0.21440543
    0.04797942
    0.01887675
    0.02073528
    0.04304558
    0.04144713
    0.21441486
    0.04798574
   -0.05448265
   -0.05297663
    0.08702506
    0.01211421
    0.06369002
   -0.05014055
   -0.05174476
    0.06399450
   -0.08105946
   -0.05248128
    0.08520018
   -0.05448453
   -0.05299623
    0.08701012
   -0.32374967
    0.01211110
    0.06369035
   -0.05012652
   -0.05174887
    0.06400814
   -0.08108467
   -0.05248161
    0.08520630
   -0.32375488
    0.01888181
    0.02075731
    0.04305977
    0.04146299
    0.21444202
    0.04799908
    0.01889054
    0.02076080
    0.04305229
    0.04145081
    0.21443584
    0.04798923
   -0.05448411
   -0.05299873
    0.08704035
    0.01207080
    0.06369749
   -0.05014401
   -0.05174978
    0.06399273
   -0.08104312
   -0.05247049
    0.08519275
   -0.05448572
   -0.05299118
    0.08703366
   -0.32377321
    0.01214473
    0.06368500
   -0.05013020
   -0.05175385
    0.06399808
   -0.08102421
   -0.05249584
    0.08519665
   -0.32379739
    0.01888014
    0.02075090
    0.04304451
    0.04145163
    0.21441019
    0.04798233
    0.01888140
    0.02076930
    0.04307573
    0.04145845
    0.21441385
    0.04797982
   -0.05448787
   -0.05301880
    0.08705515
    0.01199108
    0.06369026
   -0.05015901
   -0.05174959
    0.06399329
   -0.08106285
   -0.05248979
    0.08518708
   -0.05450776
   -0.05298211
    0.08702681
   -0.32379234
    0.01220186
    0.06367779
   -0.05013638
   -0.05177835
    0.06397435
   -0.08098839
   -0.05252332
    0.08517492
   -0.32386989
    0.01885084
    0.02071615
    0.04302324
    0.04142557
    0.21438883
    0.04794341
    0.01884600
    0.02077043
    0.04308147
    0.04143456
    0.21438180
    0.04793797
   -0.05451349
   -0.05302832
    0.08703305
    0.01184148
    0.06370151
   -0.05018354
   -0.05175814
    0.06396312
   -0.08117718
   -0.05260746
    0.08519995
   -0.05455485
   -0.05295972
    0.08690414
   -0.32383664
    0.01234084
    0.06361583
   -0.05006246
   -0.05182268
    0.06402009
   -0.08110055
   -0.05268415
    0.08518431
   -0.32398671
    0.01876369
    0.02064322
    0.04296080
    0.04134809
    0.21437848
    0.04784166
    0.01875015
    0.02072889
    0.04307339
    0.04133984
    0.21437722
    0.04781136
