           1           2   1.7164885103448166     
           2           3   1.1215159122991718     
           3           4   1.2429811238395851     
           4           5   1.2477710313807064     
           5           6   1.2373628652114337     
           6           7   1.5922894341726601     
           7           8   1.2240920305347824     
           5           9   1.2260968487155841     
           8           9   1.2019462621771979     
           8          10   1.3443562038721542     
          10          11   1.3571568771418723     
          11          12   1.1068531907888082     
          12          13   1.7308994991163460     
          13          14   1.1088873473907612     
          11          15   1.3239838596540920     
          14          15   1.3251932771390291     
          14          16   1.3537657842560926     
          16          17   1.3464847553110721     
          17          18   1.2157800260185043     
          18          19   1.6079453263519241     
          19          20   1.2153416118933091     
          17          21   1.2097496145330227     
          20          21   1.2113527131909509     
          20          22   1.3415368591579386     
           1          23   1.1149833748081091     
          22          23   1.3670860783390490     
           3          24   1.3625530169823503     
          23          24   1.2983769830528353     
           1          25  0.97278547255341874     
           2          26  0.97151734628632891     
           6          27  0.97186970954115826     
           7          28  0.97291877788395753     
           9          29  0.89999200630858278     
          10          30  0.96369520710667400     
          12          31  0.97274059864054307     
          13          32  0.97279128552940308     
          16          33  0.96471802069361157     
          18          34  0.97289138215235171     
          19          35  0.97282236351013174     
          21          36  0.90030842059045357     
          22          37  0.96353553236288614     
          38          39   1.7164445461757407     
          39          40   1.1215655056818403     
          40          41   1.2430578760787636     
          41          42   1.2476351883199470     
          42          43   1.2374325371759249     
          43          44   1.5922309398723276     
          44          45   1.2241186637649193     
          42          46   1.2261169183645242     
          45          46   1.2019637343065623     
          45          47   1.3443049795295852     
          47          48   1.3572175853453063     
          48          49   1.1068442224162991     
          49          50   1.7309131666239610     
          50          51   1.1088671669295231     
          48          52   1.3239367320622075     
          51          52   1.3252764329298152     
          51          53   1.3537090647451195     
          53          54   1.3465289488204588     
          54          55   1.2157172738345732     
          55          56   1.6079998419588750     
          56          57   1.2153143895914782     
          54          58   1.2097809074742221     
          57          58   1.2112999048116966     
          57          59   1.3416106191199682     
          38          60   1.1149973668782274     
          59          60   1.3670024794645723     
          40          61   1.3624452132403808     
          60          61   1.2984460229150534     
          38          62  0.97278589919533920     
          39          63  0.97151946889417373     
          43          64  0.97187213765313152     
          44          65  0.97291756744183899     
          46          66  0.89996083328865628     
          47          67  0.96369258532211199     
          49          68  0.97274111108834627     
          50          69  0.97279183430182192     
          53          70  0.96471720549198170     
          55          71  0.97289015953576397     
          56          72  0.97282188412483728     
          58          73  0.90032879435944380     
          59          74  0.96353654010317669     
           4          75   1.1921748838140072     
          75          76   2.4605687253820632     
          76          77   1.3111959904062396     
          75          78  0.20165790904660380     
          77          78   2.4581706681001392     
          79          80   2.4540818705675771     
          80          81   1.3146477832843873     
          79          82  0.20108048940676040     
          81          82   2.4539489856347103     
          83          84   2.4536933265550029     
          84          85   1.3148874996056408     
          83          86  0.20104325856894034     
          85          86   2.4536374068266356     
          87          88   2.4536980496972873     
          88          89   1.3148409931956311     
          87          90  0.20102178743309188     
          89          90   2.4537400170724206     
          91          92   2.4536481953416804     
          92          93   1.3148800739236908     
          91          94  0.20102974624669376     
          93          94   2.4536766672491415     
          95          96   2.4535922383508360     
          96          97   1.3149466308052014     
          95          98  0.20107013161501092     
          97          98   2.4536272581816241     
          99         100   2.4539404499603625     
         100         101   1.3146970863940459     
          99         102  0.20110523492057855     
         101         102   2.4540368102684349     
         103         104   2.4580844264675727     
         104         105   1.3112838275006937     
          41         106   1.1922508246742574     
         103         106  0.20168038155461737     
         105         106   2.4605202876127068     
         107         108   1.7154053808168448     
         108         109   1.1235459251992224     
          78         110   1.1960921755284768     
         109         110   1.2412676210420592     
         110         111   1.2432148884709351     
         111         112   1.2417499110048784     
         112         113   1.5867830957211861     
         113         114   1.2284708744645858     
         111         115   1.2265267138034464     
         114         115   1.2035004089806998     
         114         116   1.3346275371406093     
         116         117   1.3727881375893052     
         117         118   1.1150161222962482     
         118         119   1.7156252625943633     
         119         120   1.1232712626088170     
         117         121   1.2935704609500842     
         120         121   1.3644628968094132     
          79         122   1.1981261217254653     
         120         122   1.2395959217263794     
         122         123   1.2426898214917728     
         123         124   1.2415344973888862     
         124         125   1.5870721366797216     
         125         126   1.2281250046457641     
         123         127   1.2271080504607736     
         126         127   1.2027685089731817     
         126         128   1.3359682658300298     
         107         129   1.1151477197357973     
         128         129   1.3711445199557075     
         109         130   1.3627536981744743     
         129         130   1.2950829550022611     
         107         131  0.97276989916951029     
         108         132  0.97163069794317358     
         112         133  0.97203534916331313     
         113         134  0.97291857059762621     
         115         135  0.89779807748570473     
         116         136  0.96300357066303355     
         118         137  0.97276526366354710     
         119         138  0.97162831649531167     
         124         139  0.97204669666751131     
         125         140  0.97291740607945187     
         127         141  0.89781488610039362     
         128         142  0.96300856141300517     
         143         144   1.7153655738148095     
         144         145   1.1234838503259192     
          82         146   1.1983373790866167     
         145         146   1.2397216582394806     
         146         147   1.2423665885516164     
         147         148   1.2419746027856027     
         148         149   1.5864578007582688     
         149         150   1.2286916945677102     
         147         151   1.2270025945030181     
         150         151   1.2031507628377627     
         150         152   1.3347457234210611     
         152         153   1.3726584773005563     
         153         154   1.1151208661934695     
         154         155   1.7154930015617187     
         155         156   1.1233676062886249     
         153         157   1.2935597322345971     
         156         157   1.3644277157054969     
          83         158   1.1984537145873215     
         156         158   1.2395742446745626     
         158         159   1.2422859827492223     
         159         160   1.2418081362380624     
         160         161   1.5866704892003907     
         161         162   1.2284984591151664     
         159         163   1.2271626808553640     
         162         163   1.2029217890796895     
         162         164   1.3352412891722234     
         143         165   1.1151974422623034     
         164         165   1.3721300810275499     
         145         166   1.3640669392029379     
         165         166   1.2939667809381783     
         143         167  0.97276556891661536     
         144         168  0.97163151463413955     
         148         169  0.97203613392240884     
         149         170  0.97291578878443019     
         151         171  0.89791902848950489     
         152         172  0.96299363197266752     
         154         173  0.97276402420907726     
         155         174  0.97162762958950555     
         160         175  0.97204206507661428     
         161         176  0.97291180639958252     
         163         177  0.89786117428317513     
         164         178  0.96299035272893685     
         179         180   1.7154557146695297     
         180         181   1.1234172783520548     
          86         182   1.1985430826761263     
         181         182   1.2394834712746605     
         182         183   1.2423508199118247     
         183         184   1.2418612475847874     
         184         185   1.5865745821994133     
         185         186   1.2285990128595357     
         183         187   1.2271181616992390     
         186         187   1.2030581668173834     
         186         188   1.3349507684222970     
         188         189   1.3724297946344342     
         189         190   1.1151125437147389     
         190         191   1.7154590083694967     
         191         192   1.1234383581805341     
         189         193   1.2937647610812446     
         192         193   1.3642237356337994     
          87         194   1.1984841369647226     
         192         194   1.2395911917833697     
         194         195   1.2422616795227872     
         195         196   1.2419367418046983     
         196         197   1.5865043761462996     
         197         198   1.2286310309099280     
         195         199   1.2271242477041262     
         198         199   1.2030302819208361     
         198         200   1.3349722377850128     
         179         201   1.1151321849661668     
         200         201   1.3724399694901448     
         181         202   1.3643645232636494     
         201         202   1.2937094197345305     
         179         203  0.97276322535912751     
         180         204  0.97162664808154986     
         184         205  0.97204008401283004     
         185         206  0.97291233317973413     
         187         207  0.89788499654462017     
         188         208  0.96298687734437194     
         190         209  0.97276206811522425     
         191         210  0.97162750659902497     
         196         211  0.97204421701812038     
         197         212  0.97291260537796020     
         199         213  0.89783024489256136     
         200         214  0.96298320543711802     
         215         216   1.7154632175615205     
         216         217   1.1234570160085449     
          90         218   1.1984803224827003     
         217         218   1.2396836137324811     
         218         219   1.2421975024564242     
         219         220   1.2419160739664536     
         220         221   1.5865655252572810     
         221         222   1.2285636390333516     
         219         223   1.2271358189979613     
         222         223   1.2030642625742800     
         222         224   1.3349874140504714     
         224         225   1.3723948214918944     
         225         226   1.1151024000353960     
         226         227   1.7154432262611352     
         227         228   1.1234731856132747     
         225         229   1.2937916219104011     
         228         229   1.3642033547338719     
          91         230   1.1985364562880314     
         228         230   1.2395408799077789     
         230         231   1.2423051156773395     
         231         232   1.2419446329768982     
         232         233   1.5865386094700766     
         233         234   1.2285679678070194     
         231         235   1.2270820543900158     
         234         235   1.2031143098789336     
         234         236   1.3349445793658206     
         215         237   1.1150785063686623     
         236         237   1.3724117512823057     
         217         238   1.3641976440554151     
         237         238   1.2938231641632416     
         215         239  0.97276321673855570     
         216         240  0.97162992809384197     
         220         241  0.97204092116542773     
         221         242  0.97291090688877990     
         223         243  0.89776188889221920     
         224         244  0.96297768802141792     
         226         245  0.97276247112352177     
         227         246  0.97162449750061775     
         232         247  0.97204776469961496     
         233         248  0.97291264327035165     
         235         249  0.89774778250936360     
         236         250  0.96297917024685686     
         251         252   1.7154886862716472     
         252         253   1.1233931533506449     
          94         254   1.1984784729073705     
         253         254   1.2395729041067112     
         254         255   1.2422918417902966     
         255         256   1.2419003365215140     
         256         257   1.5865626251282381     
         257         258   1.2285816139676760     
         255         259   1.2271087593205006     
         258         259   1.2030338550188042     
         258         260   1.3350141059390013     
         260         261   1.3723848061516053     
         261         262   1.1151526950266897     
         262         263   1.7154306700066486     
         263         264   1.1234275974832268     
         261         265   1.2937503262057422     
         264         265   1.3642893048491209     
          95         266   1.1985509543006043     
         264         266   1.2395804929460910     
         266         267   1.2422792619716874     
         267         268   1.2419246194952183     
         268         269   1.5865293702790091     
         269         270   1.2286099427708381     
         267         271   1.2270820240342897     
         270         271   1.2031007564752823     
         270         272   1.3348838184571896     
         251         273   1.1151134543252517     
         272         273   1.3725182910564055     
         253         274   1.3643281374699376     
         273         274   1.2936765847325622     
         251         275  0.97276283695078114     
         252         276  0.97162298471320119     
         256         277  0.97204388938945629     
         257         278  0.97291108230788892     
         259         279  0.89784677873379604     
         260         280  0.96298708691647128     
         262         281  0.97276452413017178     
         263         282  0.97162418941220130     
         268         283  0.97203876088280472     
         269         284  0.97291160066242655     
         271         285  0.89786601340089101     
         272         286  0.96298827860947278     
         287         288   1.7154914695499979     
         288         289   1.1233406919078699     
          98         290   1.1984703200527838     
         289         290   1.2394317070179961     
         290         291   1.2424226262951303     
         291         292   1.2417922311994394     
         292         293   1.5866736328578386     
         293         294   1.2284954356483386     
         291         295   1.2271058153620222     
         294         295   1.2029429565896919     
         294         296   1.3352274281594934     
         296         297   1.3721409685570980     
         297         298   1.1151661390691299     
         298         299   1.7154237381395485     
         299         300   1.1234156300002065     
         297         301   1.2939896760931788     
         300         301   1.3640977106063088     
          99         302   1.1983408304059266     
         300         302   1.2398444440889771     
         302         303   1.2422572298923500     
         303         304   1.2419940832914973     
         304         305   1.5864179958600217     
         305         306   1.2287440867352757     
         303         307   1.2270218297608806     
         306         307   1.2031194477050806     
         306         308   1.3347154650273361     
         287         309   1.1151517778480007     
         308         309   1.3727249770573173     
         289         310   1.3645345932425630     
         309         310   1.2934534069209067     
         287         311  0.97276376910623030     
         288         312  0.97162352172123878     
         292         313  0.97204117678676905     
         293         314  0.97291226626721017     
         295         315  0.89790522791894978     
         296         316  0.96299993832828978     
         298         317  0.97276652077674808     
         299         318  0.97162463325893034     
         304         319  0.97203341115963049     
         305         320  0.97291497998768561     
         307         321  0.89798263982306814     
         308         322  0.96299863901697191     
         323         324   1.7156095557199700     
         324         325   1.1232641524745506     
         102         326   1.1981582077347763     
         325         326   1.2396160525868918     
         326         327   1.2426339987834860     
         327         328   1.2415618572656304     
         328         329   1.5869969706167308     
         329         330   1.2282108338059479     
         327         331   1.2271362753018480     
         330         331   1.2027416934356876     
         330         332   1.3358918632448158     
         332         333   1.3712640702616761     
         333         334   1.1151350908768607     
         334         335   1.7154540616027953     
         335         336   1.1234770414535344     
         333         337   1.2949675516129759     
         336         337   1.3629508703757640     
         103         338   1.1961842548833597     
         336         338   1.2410495955146428     
         338         339   1.2433239944909282     
         339         340   1.2416883377223420     
         340         341   1.5867955776613436     
         341         342   1.2284996403214656     
         339         343   1.2265539142768209     
         342         343   1.2034300970320286     
         342         344   1.3346743494723199     
         323         345   1.1150354186019702     
         344         345   1.3727394360066509     
         325         346   1.3644428039316927     
         345         346   1.2935954026838952     
         323         347  0.97276518177623950     
         324         348  0.97162417069253337     
         328         349  0.97204684454643064     
         329         350  0.97291838859500190     
         331         351  0.89788579671346791     
         332         352  0.96301318550296322     
         334         353  0.97276785035502988     
         335         354  0.97162828264020484     
         340         355  0.97203365800425046     
         341         356  0.97292051544661728     
         343         357  0.89793693617290460     
         344         358  0.96301272379297054     
