   -0.05469054
   -0.05301330
    0.08698999
    0.01144401
    0.06393014
   -0.04989139
   -0.05183439
    0.06449307
   -0.08152756
   -0.05528378
    0.08683329
   -0.05378238
   -0.05379482
    0.08641807
   -0.32107287
   -0.05690046
    0.06497243
   -0.05104849
   -0.05086818
    0.06574244
   -0.08118455
   -0.05519184
    0.08572343
   -0.32507372
    0.01856948
    0.02115180
    0.04318576
    0.04126876
    0.21414092
    0.04677074
    0.01934237
    0.01938236
    0.04598570
    0.04180956
    0.04177783
    0.21439631
    0.04689848
   -0.02061347
   -0.01188448
   -0.00358840
   -0.00358139
   -0.01193159
   -0.02057849
   -0.05378290
   -0.05379810
    0.08643315
   -0.05690418
    0.06497645
   -0.05103583
   -0.05085730
    0.06574580
   -0.08116217
   -0.05520195
    0.08573350
   -0.05470226
   -0.05294526
    0.08704220
   -0.32514345
    0.01145531
    0.06390005
   -0.04995051
   -0.05181661
    0.06446323
   -0.08144327
   -0.05526908
    0.08681145
   -0.32109327
    0.01934564
    0.01937732
    0.04598794
    0.04181331
    0.04178365
    0.21436226
    0.04687796
    0.01854006
    0.02113118
    0.04322211
    0.04129939
    0.21413409
    0.04677920
