           1           2   1.7168912747978284     
           2           3   1.1215342868036051     
           3           4   1.2459715117867070     
           4           5   1.2499255517488068     
           5           6   1.2366064714785714     
           6           7   1.5932295824799385     
           7           8   1.2235226421844192     
           5           9   1.2245842699765399     
           8           9   1.2025521945265520     
           8          10   1.3444337723184963     
          10          11   1.3572836075959227     
          11          12   1.1066193318555473     
          12          13   1.7310940167169857     
          13          14   1.1088041080248654     
          11          15   1.3241768907770735     
          14          15   1.3253134088417160     
          14          16   1.3537309854889894     
          16          17   1.3470068832918849     
          17          18   1.2153858884021731     
          18          19   1.6087936079895666     
          19          20   1.2145147053116707     
          17          21   1.2097224689776562     
          20          21   1.2110588221341545     
          20          22   1.3432183684108776     
           1          23   1.1146071074039996     
          22          23   1.3648750706431221     
           3          24   1.3588593542204583     
          23          24   1.3011713605376904     
           1          25  0.97278631264051041     
           2          26  0.97139349384771601     
           6          27  0.97182818865886145     
           7          28  0.97292670074634169     
           9          29  0.89977801377665068     
          10          30  0.96369850744780927     
          12          31  0.97274357890508478     
          13          32  0.97279520220232252     
          16          33  0.96476741600381710     
          18          34  0.97290038497410136     
          19          35  0.97283097136464269     
          21          36  0.90012693776586705     
          22          37  0.96354145019668003     
           4          38   1.1873908505426534     
          38          39   2.4426506116028901     
          39          40   1.3294215617217144     
          38          41  0.19156467008234801     
          40          41   2.3589505398905377     
          41          42   1.3293905649935356     
          40          43  0.19156804310308620     
          42          43   2.4427649321010572     
          44          45   1.7310780100988967     
          45          46   1.1087898995031737     
          46          47   1.3535905667034593     
          47          48   1.3471704173253043     
          48          49   1.2152703262688607     
          49          50   1.6089339342275073     
          50          51   1.2144161326501648     
          48          52   1.2096680673086220     
          51          52   1.2110490203527580     
          51          53   1.3433472559562440     
          53          54   1.3647108099744807     
          54          55   1.1146053059329368     
          55          56   1.7169225620592350     
          56          57   1.1214589760147433     
          54          58   1.3013633074988402     
          57          58   1.3587466708335141     
          43          59   1.1872632256122559     
          57          59   1.2464953537340209     
          59          60   1.2495712443243336     
          60          61   1.2366018994491814     
          61          62   1.5932320832450695     
          62          63   1.2235763882876036     
          60          64   1.2246532104390855     
          63          64   1.2024630861599821     
          63          65   1.3444354464732695     
          44          66   1.1066608957466872     
          65          66   1.3573512643095138     
          46          67   1.3254534615572038     
          66          67   1.3240567682484412     
          44          68  0.97274474089396246     
          45          69  0.97279552316801432     
          47          70  0.96475540120567038     
          49          71  0.97289607024337987     
          50          72  0.97282871194556853     
          52          73  0.90019949962717649     
          53          74  0.96355713943247245     
          55          75  0.97279147572057245     
          56          76  0.97137951653229848     
          61          77  0.97181308833519597     
          62          78  0.97292162632661450     
          64          79  0.89985600764563212     
          65          80  0.96369990123641902     
