    0.10234175
   -0.05309441
   -0.05141147
    0.07254604
    0.01738364
    0.07257769
   -0.05135193
   -0.05310136
    0.07176904
   -0.13115265
   -0.05003281
    0.07286317
   -0.05217720
   -0.05227918
    0.07317305
   -0.12959911
   -0.05177774
    0.07317282
   -0.05227848
   -0.05218550
    0.07285616
   -0.12960024
   -0.05002481
    0.07176061
   -0.13109894
    0.03409766
    0.03615407
    0.03617176
    0.03407239
    0.04967695
    0.03456668
    0.03446403
    0.04904796
    0.03446910
    0.03456963
    0.04968795
    0.10238041
   -0.05309738
   -0.05141968
    0.07254183
    0.01736661
    0.07256578
   -0.05137783
   -0.05310224
    0.07179891
   -0.13119119
   -0.05006976
    0.07287570
   -0.05218464
   -0.05228099
    0.07317723
   -0.12961904
   -0.05178925
    0.07317961
   -0.05227992
   -0.05218861
    0.07286990
   -0.12961998
   -0.05006293
    0.07179085
   -0.13113322
    0.03410390
    0.03621612
    0.03622445
    0.03408090
    0.04966988
    0.03456492
    0.03446176
    0.04904308
    0.03446370
    0.03456282
    0.04967939
   -0.02134716
   -0.00985111
   -0.00968459
   -0.02149203
   -0.02143222
   -0.00964718
   -0.00982589
   -0.02127487
    0.10224404
   -0.05303979
   -0.05149268
    0.07284119
    0.01736083
    0.07286657
   -0.05146477
   -0.05304191
    0.07161912
   -0.13197025
   -0.04813903
    0.07163249
   -0.05303383
   -0.05150038
    0.07283056
   -0.13195570
    0.01735842
    0.07284793
   -0.05147739
   -0.05303664
    0.07163374
   -0.13197705
   -0.04813778
    0.07161308
   -0.13193546
    0.03392581
    0.03587199
    0.03590530
    0.03391319
    0.05003866
    0.03393533
    0.03593969
    0.03595553
    0.03392573
    0.05004109
