           2           3   1.6417452534304686     
           3           4   1.1831743757059414     
           4           5   1.2574802029758285     
           5           6   1.2579644008706352     
           6           7   1.1831311764932377     
           7           8   1.6417417599816824     
           8           9   1.1741915569391281     
           1          10  0.72212068957281994     
           6          10   1.2610295181708786     
           9          10   1.2277354561544085     
           9          11   1.3592074263179357     
          11          12   1.3586720516074626     
          12          13   1.1657064046426751     
          13          14   1.6573286970197540     
          14          15   1.1651727088849566     
           1          16  0.72386903441132833     
          12          16   1.2386396047394608     
          15          16   1.2418257048984240     
          15          17   1.3575885641282501     
          17          18   1.3576964423841482     
          18          19   1.1651386723414292     
          19          20   1.6573089554067091     
          20          21   1.1657666310920416     
           1          22  0.72382633599184631     
          18          22   1.2417281645380560     
          21          22   1.2387684455619445     
          21          23   1.3585029535389248     
           2          24   1.1741674786714291     
          23          24   1.3594048162625691     
           1          25  0.72213800108149007     
           4          25   1.2612496287099981     
          24          25   1.2275114028703462     
           2          26  0.97199484445414297     
           3          27  0.97021776362072676     
           7          28  0.97022120224093278     
           8          29  0.97199806302187475     
          11          30  0.96327650166631695     
          13          31  0.97189817590910643     
          14          32  0.97192670219099353     
          17          33  0.96357703086032731     
          19          34  0.97192788135368879     
          20          35  0.97190026482108949     
          23          36  0.96327367711145229     
          38          39   1.6419351832404292     
          39          40   1.1830004832568364     
          40          41   1.2580767825182169     
          41          42   1.2584390719415968     
          42          43   1.1829731069657039     
          43          44   1.6419334383350528     
          44          45   1.1740860112717741     
          37          46  0.72201265873594711     
          42          46   1.2608945116018810     
          45          46   1.2279109876188052     
          45          47   1.3592172748240485     
          47          48   1.3586995284989090     
          48          49   1.1656710034818394     
          49          50   1.6573764486284932     
          50          51   1.1651424602027798     
          37          52  0.72375960377133508     
          48          52   1.2387513786030475     
          51          52   1.2418534289542000     
          51          53   1.3576521562215575     
          53          54   1.3577197250524105     
          54          55   1.1651222451780696     
          55          56   1.6573526045646982     
          56          57   1.1657218051059242     
          37          58  0.72371512936934956     
          54          58   1.2417963692174641     
          57          58   1.2388489302104124     
          57          59   1.3585669943150072     
          38          60   1.1740738637952681     
          59          60   1.3593608305712022     
          37          61  0.72209314790280477     
          40          61   1.2610450096648649     
          60          61   1.2277282875690860     
          38          62  0.97199213457876343     
          39          63  0.97019312000931379     
          43          64  0.97019803710986685     
          44          65  0.97199456391861450     
          47          66  0.96328043865123736     
          49          67  0.97189709171400329     
          50          68  0.97192489428826445     
          53          69  0.96357893930108363     
          55          70  0.97192534404290842     
          56          71  0.97189764959561731     
          59          72  0.96327877315850696     
           5          73   1.1777296734152887     
          73          74   2.4783694802343681     
          74          75   1.3000919252371019     
          73          76  0.20395282649277854     
          75          76   2.4769558314853901     
          77          78   2.4778496495526863     
          78          79   1.2990667020144384     
          41          80   1.1766258985480231     
          77          80  0.20369478592142071     
          79          80   2.4792976971662783     
          82          83   1.6410116631581446     
          83          84   1.1833381928916071     
          76          85   1.1795902787682733     
          84          85   1.2555317713594780     
          85          86   1.2557845296728456     
          86          87   1.1833158660516943     
          87          88   1.6410224114691261     
          88          89   1.1749016322037540     
          81          90  0.71829797408925689     
          86          90   1.2639228305305084     
          89          90   1.2264177272612156     
          89          91   1.3591230964687859     
          91          92   1.3590653296833914     
          92          93   1.1748662776742393     
          93          94   1.6411445316917674     
          94          95   1.1832033549041363     
          81          96  0.71835165368270704     
          92          96   1.2264790686916083     
          95          96   1.2637248925864211     
          77          97   1.1785489807661997     
          95          97   1.2560496666959615     
          97          98   1.2561993579135475     
          98          99   1.1831831905409804     
          99         100   1.6411490066408150     
         100         101   1.1748604872721442     
          81         102  0.71833847424300290     
          98         102   1.2637023522701889     
         101         102   1.2265142232849693     
         101         103   1.3590464759967706     
          82         104   1.1749188559416046     
         103         104   1.3591443137911070     
          81         105  0.71831590685089908     
          84         105   1.2639762039368394     
         104         105   1.2263609736126284     
          82         106  0.97199384997566585     
          83         107  0.97023909950693321     
          87         108  0.97023692767011127     
          88         109  0.97199568080396670     
          91         110  0.96303871607014691     
          93         111  0.97199256377660281     
          94         112  0.97022628589383109     
          99         113  0.97022284709051343     
         100         114  0.97199328979259325     
         103         115  0.96303841602789142     
