   -0.05479850
   -0.05329818
    0.08680338
    0.01176426
    0.06419101
   -0.04962577
   -0.05185377
    0.06439562
   -0.08139825
   -0.05507187
    0.08683535
   -0.05376153
   -0.05378041
    0.08638650
   -0.32089907
   -0.05674876
    0.06490010
   -0.05110057
   -0.05092408
    0.06569398
   -0.08102023
   -0.05490900
    0.08543482
   -0.32446052
    0.01857672
    0.02034663
    0.04330198
    0.04126449
    0.21409085
    0.04690627
    0.01941986
    0.01946386
    0.04610388
    0.04187469
    0.04180537
    0.21453769
    0.04704548
   -0.05480343
   -0.05281840
    0.08713916
    0.01189245
    0.06383420
   -0.04997276
   -0.05178990
    0.06426170
   -0.08086573
   -0.05489652
    0.08675230
   -0.05376408
   -0.05380570
    0.08641393
   -0.32092088
   -0.05677596
    0.06492214
   -0.05108575
   -0.05090122
    0.06572762
   -0.08103128
   -0.05499076
    0.08556959
   -0.32498461
    0.01838269
    0.02083974
    0.04303126
    0.04148757
    0.21416265
    0.04700696
    0.01941592
    0.01944275
    0.04606951
    0.04184198
    0.04178355
    0.21432032
    0.04690591
   -0.02203688
   -0.01126844
   -0.01070625
   -0.02255206
   -0.02269967
   -0.01057843
   -0.01138512
   -0.02191800
   -0.05458981
   -0.05264941
    0.08691000
    0.01213749
    0.06324823
   -0.05034476
   -0.05183439
    0.06399437
   -0.08116820
   -0.05271483
    0.08507906
   -0.05460942
   -0.05327893
    0.08655459
   -0.32366307
    0.01194495
    0.06366771
   -0.04985844
   -0.05189152
    0.06419453
   -0.08188929
   -0.05298248
    0.08531592
   -0.32420141
    0.01844764
    0.02075236
    0.04277185
    0.04129331
    0.21469350
    0.04778431
    0.01870558
    0.02033458
    0.04292616
    0.04097253
    0.21431681
    0.04748608
