           1           2   1.7162807255543513     
           2           3   1.1217742052806750     
           3           4   1.2409153310185992     
           4           5   1.2500739794344649     
           5           6   1.2371547255696238     
           6           7   1.5925363637572245     
           7           8   1.2237138527423936     
           5           9   1.2253493901917212     
           8           9   1.2024911110790000     
           8          10   1.3443373287125362     
          10          11   1.3569771634697065     
          11          12   1.1067180967391352     
          12          13   1.7308867861089099     
          13          14   1.1090439536451031     
          11          15   1.3243425929906048     
          14          15   1.3247291103979997     
          14          16   1.3541022196674741     
          16          17   1.3461607274320146     
          17          18   1.2160210819169908     
          18          19   1.6077426043895069     
          19          20   1.2153658706491073     
          17          21   1.2098155737803131     
          20          21   1.2114648041553697     
          20          22   1.3414180829845763     
           1          23   1.1152134829408729     
          22          23   1.3673272049651652     
           3          24   1.3630189030420090     
          23          24   1.2977895944898075     
           1          25  0.97276862812569354     
           2          26  0.97152571332733906     
           6          27  0.97191628446129830     
           7          28  0.97293606742216909     
           9          29  0.89976609928388340     
          10          30  0.96368997292828529     
          12          31  0.97274188269197093     
          13          32  0.97279127023631295     
          16          33  0.96476895036546162     
          18          34  0.97290730872593056     
          19          35  0.97282960150101716     
          21          36  0.89997037952437620     
          22          37  0.96348798954007520     
          38          39   1.7163462924982191     
          39          40   1.1217483264591088     
          40          41   1.2453952262026524     
          41          42   1.2459006716692089     
          42          43   1.2377317540700543     
          43          44   1.5920875209000518     
          44          45   1.2242443728064460     
          42          46   1.2264022001681198     
          45          46   1.2017844373340261     
          45          47   1.3441773237893264     
          47          48   1.3574278505828021     
          48          49   1.1069236715178907     
          49          50   1.7307286732329343     
          50          51   1.1090514303453969     
          48          52   1.3237164724949992     
          51          52   1.3253849303304841     
          51          53   1.3534368834224577     
          53          54   1.3467731061291326     
          54          55   1.2157068897804559     
          55          56   1.6082294896726350     
          56          57   1.2149789703332494     
          54          58   1.2095981472994530     
          57          58   1.2112738499835547     
          57          59   1.3420778941737774     
          38          60   1.1148544160093390     
          59          60   1.3662378661575243     
          40          61   1.3612208911656627     
          60          61   1.2995474044616102     
          38          62  0.97280724384388306     
          39          63  0.97156258270316020     
          43          64  0.97184988139228035     
          44          65  0.97290725200828976     
          46          66  0.89978338778657141     
          47          67  0.96365829314530460     
          49          68  0.97274562241742435     
          50          69  0.97280264948257189     
          53          70  0.96476251097842636     
          55          71  0.97289748883703131     
          56          72  0.97282915502293699     
          58          73  0.90015868980122482     
          59          74  0.96353622848240306     
           4          75   1.1919183493217318     
          75          76   2.4606110253232791     
          76          77   1.3107504032776793     
          75          78  0.20181024231717284     
          77          78   2.4588161225056577     
          79          80   2.4580142668862450     
          80          81   1.3109830867932879     
          41          82   1.1916658307002921     
          79          82  0.20182733300227756     
          81          82   2.4609203634752648     
          83          84   1.7155263888772274     
          84          85   1.1236919419150790     
          78          86   1.1951632268093952     
          85          86   1.2444112866220873     
          86          87   1.2410027490980382     
          87          88   1.2417733470813583     
          88          89   1.5870513737276963     
          89          90   1.2281670394757869     
          87          91   1.2272803957174927     
          90          91   1.2030311094508186     
          90          92   1.3353906538373199     
          92          93   1.3721698573331582     
          93          94   1.1153966363904158     
          94          95   1.7152391140928320     
          95          96   1.1237282740141612     
          93          97   1.2936956873638201     
          96          97   1.3639647855859118     
          79          98   1.1959803438315737     
          96          98   1.2381774216458510     
          98          99   1.2463745265177391     
          99         100   1.2410602335958567     
         100         101   1.5878214694415764     
         101         102   1.2272595113761307     
          99         103   1.2256609832627552     
         102         103   1.2038151959889221     
         102         104   1.3360534463977647     
          83         105   1.1146857069657525     
         104         105   1.3704427053750947     
          85         106   1.3610302681006696     
         105         106   1.2965664288192105     
          83         107  0.97279199552113260     
          84         108  0.97170308301418362     
          88         109  0.97201714439817266     
          89         110  0.97290539057425807     
          91         111  0.89702493427348318     
          92         112  0.96292786151108889     
          94         113  0.97274950633196311     
          95         114  0.97163161960232047     
         100         115  0.97211527805171061     
         101         116  0.97294327830664684     
         103         117  0.89716236811164785     
         104         118  0.96302265915974838     
