    0.19741941
   -0.05063495
   -0.04886489
    0.07817926
    0.01844276
    0.07817947
   -0.04889910
   -0.05064345
    0.07717073
   -0.17089250
   -0.04970439
    0.07839210
   -0.04957964
   -0.04976726
    0.07914647
   -0.16948485
   -0.05143498
    0.07914286
   -0.04976334
   -0.04958621
    0.07840330
   -0.16949107
   -0.04972349
    0.07717553
   -0.17086988
    0.03467788
    0.03550716
    0.03554980
    0.03467486
    0.05005172
    0.03521269
    0.03516119
    0.04931013
    0.03516474
    0.03521482
    0.05005421
    0.19740998
   -0.05063140
   -0.04887356
    0.07818393
    0.01843453
    0.07817349
   -0.04888853
   -0.05063528
    0.07718635
   -0.17086751
   -0.04971714
    0.07840346
   -0.04958304
   -0.04976925
    0.07913774
   -0.16949060
   -0.05143569
    0.07913119
   -0.04976757
   -0.04958208
    0.07840537
   -0.16948012
   -0.04970915
    0.07717722
   -0.17089142
    0.03467858
    0.03552757
    0.03554469
    0.03467740
    0.05004971
    0.03521355
    0.03516394
    0.04931207
    0.03516031
    0.03521166
    0.05004988
   -0.02823296
   -0.02799612
   -0.02804684
   -0.02802443
   -0.02803534
   -0.02805758
   -0.02805658
   -0.02805020
   -0.02805283
   -0.02804472
   -0.02801634
   -0.02804740
   -0.02800197
   -0.02822316
    0.19890170
   -0.05062170
   -0.04916232
    0.07854779
    0.01828250
    0.07851167
   -0.04922926
   -0.05062155
    0.07660167
   -0.17210434
   -0.04764201
    0.07655061
   -0.05065742
   -0.04915243
    0.07857109
   -0.17197488
    0.01843275
    0.07856699
   -0.04922442
   -0.05067760
    0.07654228
   -0.17196577
   -0.04763363
    0.07659140
   -0.17211618
    0.03423088
    0.03475636
    0.03483079
    0.03423761
    0.05034169
    0.03424619
    0.03489354
    0.03497109
    0.03423995
    0.05034035
    0.19943322
   -0.05064324
   -0.04927775
    0.07857502
    0.01835854
    0.07861123
   -0.04912593
   -0.05063536
    0.07644754
   -0.17200748
   -0.04748987
    0.07641744
   -0.05066389
   -0.04925049
    0.07859548
   -0.17192504
    0.01838480
    0.07861477
   -0.04919579
   -0.05066609
    0.07641200
   -0.17191553
   -0.04746764
    0.07643068
   -0.17196279
    0.03425891
    0.03491708
    0.03478437
    0.03424732
    0.05043191
    0.03425140
    0.03491475
    0.03484458
    0.03425286
    0.05044400
    0.19967798
   -0.05064895
   -0.04917669
    0.07862459
    0.01838396
    0.07861301
   -0.04925244
   -0.05066000
    0.07636353
   -0.17194180
   -0.04740782
    0.07635076
   -0.05066943
   -0.04922553
    0.07862987
   -0.17191897
    0.01839131
    0.07862122
   -0.04922667
   -0.05066912
    0.07635196
   -0.17190653
   -0.04741485
    0.07636315
   -0.17193305
    0.03426317
    0.03480139
    0.03490062
    0.03426842
    0.05049084
    0.03425972
    0.03484103
    0.03484621
    0.03426522
    0.05048695
    0.19966185
   -0.05066474
   -0.04921118
    0.07863002
    0.01838342
    0.07861629
   -0.04924996
   -0.05067005
    0.07635947
   -0.17190210
   -0.04740855
    0.07637083
   -0.05065185
   -0.04918637
    0.07862405
   -0.17192862
    0.01837308
    0.07860903
   -0.04925843
   -0.05065577
    0.07637195
   -0.17193978
   -0.04740691
    0.07635552
   -0.17192001
    0.03425894
    0.03483212
    0.03485741
    0.03426456
    0.05048385
    0.03426526
    0.03481051
    0.03490160
    0.03426463
    0.05048187
    0.19942257
   -0.05066879
   -0.04926313
    0.07859724
    0.01839876
    0.07862014
   -0.04918012
   -0.05066627
    0.07641557
   -0.17192370
   -0.04747954
    0.07644050
   -0.05064109
   -0.04924353
    0.07858076
   -0.17197676
    0.01835536
    0.07860786
   -0.04915467
   -0.05062997
    0.07644087
   -0.17199558
   -0.04748158
    0.07641448
   -0.17194014
    0.03425259
    0.03492040
    0.03482556
    0.03424807
    0.05044136
    0.03426085
    0.03489818
    0.03482678
    0.03424774
    0.05043463
    0.19890462
   -0.05065811
   -0.04916849
    0.07857320
    0.01843753
    0.07856368
   -0.04919168
   -0.05067057
    0.07654225
   -0.17198857
   -0.04764802
    0.07659916
   -0.05061090
   -0.04917698
    0.07853345
   -0.17212593
    0.01829131
    0.07852022
   -0.04920365
   -0.05063409
    0.07660076
   -0.17210384
   -0.04765592
    0.07654589
   -0.17196012
    0.03424468
    0.03492864
    0.03494572
    0.03423858
    0.05033773
    0.03423131
    0.03478470
    0.03480419
    0.03423357
    0.05034399
