           2           3   1.6508631016963842     
           3           4   1.1741019074151049     
           4           5   1.2559201224976895     
           5           6   1.2557456420561461     
           6           7   1.1742200059431382     
           7           8   1.6507138485705590     
           8           9   1.1667188885831081     
           1          10  0.53381382401296162     
           6          10   1.2862623243957132     
           9          10   1.2501750964416714     
           9          11   1.3540145531356351     
          11          12   1.3525855505430124     
          12          13   1.1579976583994229     
          13          14   1.6658888768032587     
          14          15   1.1576385026184743     
           1          16  0.53543814724652561     
          12          16   1.2626430501117620     
          15          16   1.2651386893337189     
          15          17   1.3514906394773920     
          17          18   1.3516267391074552     
          18          19   1.1576745135079827     
          19          20   1.6658757276971863     
          20          21   1.1579920219524980     
           1          22  0.53564247661995090     
          18          22   1.2649621802572437     
          21          22   1.2627152670590633     
          21          23   1.3525220169403860     
           2          24   1.1666114676561914     
          23          24   1.3540477723525217     
           1          25  0.53368770818998379     
           4          25   1.2862435311644200     
          24          25   1.2502590462476664     
           2          26  0.97227758097255235     
           3          27  0.96840416531457107     
           7          28  0.96830813711459163     
           8          29  0.97227772498740161     
          11          30  0.96379708438631884     
          13          31  0.97218941354068922     
          14          32  0.97221186963152506     
          17          33  0.96420086347633549     
          19          34  0.97221050611368576     
          20          35  0.97218952839672834     
          23          36  0.96380127187670350     
          38          39   1.6508081902434062     
          39          40   1.1741269752559691     
          40          41   1.2558909570566548     
          41          42   1.2559522507524583     
          42          43   1.1741084957002637     
          43          44   1.6508462544625184     
          44          45   1.1666327206650160     
          37          46  0.53372338758460369     
          42          46   1.2862091528814161     
          45          46   1.2502626336252423     
          45          47   1.3540345969260559     
          47          48   1.3525413210440831     
          48          49   1.1580097013536561     
          49          50   1.6658752461015167     
          50          51   1.1576566317114008     
          37          52  0.53565282481401866     
          48          52   1.2626700850283656     
          51          52   1.2650210580819501     
          51          53   1.3515953545406818     
          53          54   1.3515451333591979     
          54          55   1.1576716891409200     
          55          56   1.6658610731574437     
          56          57   1.1580111992022812     
          37          58  0.53547457741308246     
          54          58   1.2650474561008918     
          57          58   1.2627234022902822     
          57          59   1.3524939848104491     
          38          60   1.1666771973071446     
          59          60   1.3541024579353673     
          37          61  0.53385817360038357     
          40          61   1.2862774471068790     
          60          61   1.2501339029125189     
          38          62  0.97227611299805305     
          39          63  0.96844060240212559     
          43          64  0.96836935589490691     
          44          65  0.97227766770559498     
          47          66  0.96380225632260563     
          49          67  0.97218920365879424     
          50          68  0.97221009818995074     
          53          69  0.96419596536425345     
          55          70  0.97221146003740966     
          56          71  0.97219027299702554     
          59          72  0.96380020231888319     
           5          73   1.1697023205392152     
          73          74   2.5763358473751636     
          75          76   2.5707227736293254     
          77          78   2.5691718705882969     
          79          80   2.5685439862867705     
          81          82   2.5691701665200029     
          83          84   2.5708377055285530     
          41          86   1.1695036833758199     
          85          86   2.5764920245151055     
          88          89   1.6500268213378595     
          89          90   1.1744807449727408     
          74          91   1.1713287212794612     
          90          91   1.2535646342795432     
          91          92   1.2534497247394076     
          92          93   1.1744372783825416     
          93          94   1.6500983974288392     
          94          95   1.1673400399870033     
          87          96  0.52933941151380892     
          92          96   1.2888885961796976     
          95          96   1.2491828316406348     
          95          97   1.3537729193589940     
          97          98   1.3537388340432759     
          98          99   1.1677092741062411     
          99         100   1.6494067404245427     
         100         101   1.1750559247140371     
          87         102  0.52956224357115622     
          98         102   1.2488097650540102     
         101         102   1.2894781132437338     
          75         103   1.1752431669376648     
         101         103   1.2518750663976546     
         103         104   1.2515924650609407     
         104         105   1.1751190983087731     
         105         106   1.6493261741652472     
         106         107   1.1677521873325112     
          87         108  0.52951333716617088     
         104         108   1.2895809946550125     
         107         108   1.2487907881565465     
         107         109   1.3537058462695084     
          88         110   1.1673966883718068     
         109         110   1.3538072946627915     
          87         111  0.52940547877098709     
          90         111   1.2889049320787298     
         110         111   1.2491117985072844     
          88         112  0.97231340569241631     
          89         113  0.96850779129198139     
          93         114  0.96841623666612342     
          94         115  0.97231366280832165     
          97         116  0.96350045641373228     
          99         117  0.97231461123987883     
         100         118  0.96798968974128052     
         105         119  0.96770509466166921     
         106         120  0.97231771611283913     
         109         121  0.96350117467509311     
         123         124   1.6489814559144322     
         124         125   1.1753208801251795     
          76         126   1.1754457219975389     
         125         126   1.2511737537714045     
         126         127   1.2517197227151604     
         127         128   1.1753456388964350     
         128         129   1.6490116860418231     
         129         130   1.1679511021686961     
         122         131  0.52996898904545053     
         127         131   1.2893569193888839     
         130         131   1.2484918696575142     
         130         132   1.3537044009558783     
         132         133   1.3538010037156143     
         133         134   1.1681438880472319     
         134         135   1.6487131825344190     
         135         136   1.1755992354535203     
         122         137  0.53013440079482577     
         133         137   1.2481522663566895     
         136         137   1.2897601407105648     
          77         138   1.1770489858442237     
         136         138   1.2506912892173467     
         138         139   1.2507236817498171     
         139         140   1.1755773986336011     
         140         141   1.6487212235565829     
         141         142   1.1681442573360634     
         122         143  0.53001090479097446     
         139         143   1.2898279006073201     
         142         143   1.2481446477079372     
         142         144   1.3538004794019183     
         123         145   1.1680345782695616     
         144         145   1.3537911143369117     
         122         146  0.52996700419230536     
         125         146   1.2896499808328223     
         145         146   1.2482443891451056     
         123         147  0.97231443652420801     
         124         148  0.96772063598385361     
         128         149  0.96801311697070724     
         129         150  0.97231736296530413     
         132         151  0.96345851715209707     
         134         152  0.97231548701265869     
         135         153  0.96738895254243684     
         140         154  0.96746753069044855     
         141         155  0.97231453302166737     
         144         156  0.96345095223048116     
         158         159   1.6485163131262699     
         159         160   1.1757236856375433     
          78         161   1.1771724428925192     
         160         161   1.2506475503687169     
         161         162   1.2504783581865830     
         162         163   1.1757541276717351     
         163         164   1.6485027025916383     
         164         165   1.1682930106701050     
         157         166  0.53040925147302287     
         162         166   1.2897391090871744     
         165         166   1.2479211960292227     
         165         167   1.3537839596929031     
         167         168   1.3537651689683292     
         168         169   1.1683825312687584     
         169         170   1.6483542318891433     
         170         171   1.1758707462279627     
         157         172  0.53022164969329311     
         168         172   1.2478795010093715     
         171         172   1.2898749656784765     
          79         173   1.1779073662025925     
         171         173   1.2502378202540163     
         173         174   1.2502146614367449     
         174         175   1.1758443697208918     
         175         176   1.6484146731329175     
         176         177   1.1683295631907442     
         157         178  0.53046961921241786     
         174         178   1.2898653801838162     
         177         178   1.2478434869163646     
         177         179   1.3538183466965508     
         158         180   1.1682920668958028     
         179         180   1.3537225666385095     
         157         181  0.53021201224738856     
         160         181   1.2897334502983486     
         180         181   1.2480069689327107     
         158         182  0.97231709269459188     
         159         183  0.96749519972953257     
         163         184  0.96739233113066547     
         164         185  0.97231623787244070     
         167         186  0.96342443536522759     
         169         187  0.97231698629954322     
         170         188  0.96710322470685117     
         175         189  0.96720141304036289     
         176         190  0.97231627897357509     
         179         191  0.96342882853659595     
         193         194   1.6483903888051821     
         194         195   1.1758457731151504     
          80         196   1.1778808739111248     
         195         196   1.2502925138684349     
         196         197   1.2501876402453829     
         197         198   1.1758045206853747     
         198         199   1.6484260494972438     
         199         200   1.1683451808258984     
         192         201  0.53034052623526773     
         197         201   1.2899199148710063     
         200         201   1.2478370353887600     
         200         202   1.3538023337005098     
         202         203   1.3537813680859601     
         203         204   1.1682885049463516     
         204         205   1.6485360711814780     
         205         206   1.1756980718021448     
         192         207  0.53027982809579832     
         203         207   1.2479423719652247     
         206         207   1.2897827030130802     
          81         208   1.1771491385837107     
         206         208   1.2506325297983754     
         208         209   1.2505238617027330     
         209         210   1.1757239082996527     
         210         211   1.6485183569560680     
         211         212   1.1682952606728647     
         192         213  0.53031010383268085     
         209         213   1.2897581740132569     
         212         213   1.2479544293488547     
         212         214   1.3537590504623060     
         193         215   1.1683614746518489     
         214         215   1.3538025687848534     
         192         216  0.53030963167106482     
         195         216   1.2898744531508961     
         215         216   1.2478567612581872     
         193         217  0.97231579132358736     
         194         218  0.96721662664094554     
         198         219  0.96708354010962505     
         199         220  0.97231589289342557     
         202         221  0.96342980663463818     
         204         222  0.97231573351269651     
         205         223  0.96750160470552460     
         210         224  0.96735196268983503     
         211         225  0.97231651576954148     
         214         226  0.96342900847714530     
         228         229   1.6486808042059879     
         229         230   1.1756295643842372     
          82         231   1.1770676995575340     
         230         231   1.2506353663035492     
         231         232   1.2507692801403252     
         232         233   1.1755982561808487     
         233         234   1.6487003675386960     
         234         235   1.1681562368389737     
         227         236  0.52989270395360921     
         232         236   1.2897986275051021     
         235         236   1.2482051471642621     
         235         237   1.3537496905556976     
         237         238   1.3537965263374083     
         238         239   1.1679873630833355     
         239         240   1.6490279206486778     
         240         241   1.1753127270311576     
         227         242  0.53009632752814573     
         238         242   1.2483044004801758     
         241         242   1.2895087582918960     
          83         243   1.1753060793726191     
         241         243   1.2513737726041572     
         243         244   1.2516324713804179     
         244         245   1.1753439857047270     
         245         246   1.6489930546874141     
         246         247   1.1679922069651902     
         227         248  0.52986575895257282     
         244         248   1.2894358917049971     
         247         248   1.2484227931274388     
         247         249   1.3537339567505853     
         228         250   1.1681711637915480     
         249         250   1.3537860283428620     
         227         251  0.53018989871915578     
         230         251   1.2897569584000512     
         250         251   1.2481234237707830     
         228         252  0.97231606152361993     
         229         253  0.96733875474270314     
         233         254  0.96749864029713439     
         234         255  0.97231709248636111     
         237         256  0.96345318265817881     
         239         257  0.97231459595280822     
         240         258  0.96784091919357651     
         245         259  0.96806396449182930     
         246         260  0.97231652716489780     
         249         261  0.96345293247957675     
         263         264   1.6494173261908465     
         264         265   1.1750452235058804     
          84         266   1.1751032224139730     
         265         266   1.2518224687522685     
         266         267   1.2517821456141220     
         267         268   1.1751523081233664     
         268         269   1.6493223440814639     
         269         270   1.1677457296813678     
         262         271  0.52967409547394217     
         267         271   1.2893933921158185     
         270         271   1.2488374804609064     
         270         272   1.3536814018581991     
         272         273   1.3537977997763693     
         273         274   1.1673683769968490     
         274         275   1.6500667597158820     
         275         276   1.1744617933065369     
         262         277  0.52927298159141678     
         273         277   1.2491789595234257     
         276         277   1.2888534143426649     
          85         278   1.1711368423689779     
         276         278   1.2536258076425073     
         278         279   1.2535749966737169     
         279         280   1.1744971784139984     
         280         281   1.6500579863719143     
         281         282   1.1673413406677688     
         262         283  0.52950853841478041     
         279         283   1.2887483563562181     
         282         283   1.2492422370159013     
         282         284   1.3537220591083559     
         263         285   1.1677020565755769     
         284         285   1.3537739911355806     
         262         286  0.52948250479690695     
         265         286   1.2895122797974270     
         285         286   1.2487883032202201     
         263         287  0.97231548631116216     
         264         288  0.96802994002401621     
         268         289  0.96784029805783023     
         269         290  0.97231593580173803     
         272         291  0.96349720137874950     
         274         292  0.97231442685098290     
         275         293  0.96856268639074605     
         280         294  0.96846415940609365     
         281         295  0.97231544802683512     
         284         296  0.96349938538467561     
