   -0.29195393
   -0.05211395
   -0.05056605
    0.07366511
    0.02512770
    0.07367813
   -0.05055120
   -0.05211147
    0.07315207
   -0.04784431
   -0.04135782
    0.07432646
   -0.05119941
   -0.05126053
    0.07462280
   -0.04688645
   -0.04309587
    0.07462092
   -0.05125648
   -0.05119973
    0.07433029
   -0.04687286
   -0.04136449
    0.07315899
   -0.04782903
    0.03539308
    0.03744344
    0.03744897
    0.03538863
    0.04921648
    0.03588670
    0.03580166
    0.04858237
    0.03580296
    0.03588799
    0.04922050
   -0.29197911
   -0.05211088
   -0.05055224
    0.07367381
    0.02512120
    0.07366643
   -0.05056958
   -0.05211053
    0.07315082
   -0.04778771
   -0.04137673
    0.07432284
   -0.05120084
   -0.05126029
    0.07461882
   -0.04684989
   -0.04310204
    0.07461971
   -0.05126081
   -0.05120322
    0.07433071
   -0.04688201
   -0.04137847
    0.07316506
   -0.04792127
    0.03539270
    0.03742633
    0.03745060
    0.03539495
    0.04921625
    0.03588806
    0.03580009
    0.04857726
    0.03579798
    0.03588178
    0.04920882
   -0.01967311
   -0.00949729
   -0.00143068
   -0.00211277
   -0.00888181
   -0.02042695
   -0.01998455
   -0.00908144
   -0.00166603
   -0.00166613
   -0.00908547
   -0.01998895
   -0.02039090
   -0.00886988
   -0.00208783
   -0.00140134
   -0.00948920
   -0.01962569
   -0.28599037
   -0.05194010
   -0.05048562
    0.07399198
    0.02538872
    0.07400449
   -0.05044689
   -0.05194360
    0.07305328
   -0.04962573
   -0.03932823
    0.07301948
   -0.05190123
   -0.05052780
    0.07411963
   -0.04981484
    0.02514371
    0.07410483
   -0.05054260
   -0.05189742
    0.07300860
   -0.04981720
   -0.03931602
    0.07304127
   -0.04957189
    0.03550163
    0.03752797
    0.03752803
    0.03549673
    0.04988715
    0.03549327
    0.03744347
    0.03744273
    0.03549916
    0.04989570
   -0.28602074
   -0.05189990
   -0.05053592
    0.07411292
    0.02514277
    0.07411270
   -0.05053163
   -0.05189488
    0.07301508
   -0.04982523
   -0.03933354
    0.07304808
   -0.05193540
   -0.05048266
    0.07399203
   -0.04956929
    0.02539402
    0.07400540
   -0.05044143
   -0.05193680
    0.07305686
   -0.04962725
   -0.03933647
    0.07301739
   -0.04979783
    0.03550366
    0.03745097
    0.03743988
    0.03549463
    0.04989330
    0.03551670
    0.03753653
    0.03751896
    0.03549579
    0.04988884
