           2           3   1.6452803656870496     
           3           4   1.1787354632835108     
           4           5   1.2512914219724636     
           5           6   1.2513267853026302     
           6           7   1.1787067301289889     
           7           8   1.6453008596707384     
           8           9   1.1698059490470980     
           1          10  0.75287266057232527     
           6          10   1.2618521479377356     
           9          10   1.2266073429344018     
           9          11   1.3554357909871677     
          11          12   1.3532576398217020     
          12          13   1.1611831667521135     
          13          14   1.6610943485966225     
          14          15   1.1605209785699653     
           1          16  0.75089919864381427     
          12          16   1.2394869033516873     
          15          16   1.2423312273967084     
          15          17   1.3529576010119326     
          17          18   1.3530631692672355     
          18          19   1.1604792729265718     
          19          20   1.6611452974468053     
          20          21   1.1611462217228219     
           1          22  0.75094029854584676     
          18          22   1.2422641460491037     
          21          22   1.2395105077309840     
          21          23   1.3532838040972368     
           2          24   1.1698128591916646     
          23          24   1.3554064566583981     
           1          25  0.75289915479962222     
           4          25   1.2618007454490230     
          24          25   1.2266266822657694     
           2          26  0.97178646962388204     
           3          27  0.96993269313282893     
           7          28  0.96993626638320207     
           8          29  0.97178456527166435     
          11          30  0.96375503442465316     
          13          31  0.97168045465129382     
          14          32  0.97170856758707569     
          17          33  0.96408035270690473     
          19          34  0.97170634324841176     
          20          35  0.97167983619971721     
          23          36  0.96375505650909832     
          38          39   1.6453733070385963     
          39          40   1.1786497109192462     
          40          41   1.2515421144105801     
          41          42   1.2514448693777307     
          42          43   1.1786501609779700     
          43          44   1.6453456824425881     
          44          45   1.1698039760432932     
          37          46  0.75302994042848825     
          42          46   1.2617384874660269     
          45          46   1.2265702123252438     
          45          47   1.3554578369362542     
          47          48   1.3532607578167071     
          48          49   1.1611957100791424     
          49          50   1.6610904511733051     
          50          51   1.1605170437463690     
          37          52  0.75102430927940522     
          48          52   1.2394909452277911     
          51          52   1.2422506357201046     
          51          53   1.3530357376993061     
          53          54   1.3530148478569379     
          54          55   1.1604955397841570     
          55          56   1.6611435603107685     
          56          57   1.1611397668837602     
          37          58  0.75093022043743973     
          54          58   1.2422891668104750     
          57          58   1.2395053321126412     
          57          59   1.3533015667346215     
          38          60   1.1697554848059482     
          59          60   1.3554030553930847     
          37          61  0.75270708936156616     
          40          61   1.2617746175559437     
          60          61   1.2267421410997845     
          38          62  0.97178871307724735     
          39          63  0.96993465922218025     
          43          64  0.96992487154900087     
          44          65  0.97178217698526814     
          47          66  0.96375601787868381     
          49          67  0.97168115942921673     
          50          68  0.97170626739846966     
          53          69  0.96407875564741929     
          55          70  0.97170739509905557     
          56          71  0.97168027290171455     
          59          72  0.96375798613099339     
           5          73   1.1829060258622337     
          73          74   2.4476115433122474     
          74          75   1.3294600438740050     
          73          76  0.19344055892031858     
          75          76   2.3609378046820191     
          76          77   1.3302264745091814     
          75          78  0.19321184552245063     
          77          78   2.4450956494994216     
          79          80   2.4433704804882961     
          80          81   1.3316971394134967     
          79          82  0.19301314705501993     
          81          82   2.3581419924811322     
          82          83   1.3316915339894357     
          81          84  0.19301481383344155     
          83          84   2.4433883856361631     
          85          86   2.4454089086643056     
          86          87   1.3298860213292039     
          85          88  0.19316827042297316     
          87          88   2.3612473919383148     
          88          89   1.3291304439163429     
          41          90   1.1825267282796961     
          87          90  0.19339856492440688     
          89          90   2.4479290077420397     
          92          93   1.6435980407687212     
          93          94   1.1795661456311228     
          78          95   1.1855856196356152     
          94          95   1.2486189498639901     
          95          96   1.2489318333251993     
          96          97   1.1795898337537900     
          97          98   1.6435903149190538     
          98          99   1.1711958586770326     
          91         100  0.74900069687414117     
          96         100   1.2642514800621187     
          99         100   1.2253972780353624     
          99         101   1.3540829195999058     
         101         102   1.3548512380391906     
         102         103   1.1710658642346057     
         103         104   1.6438083078382837     
         104         105   1.1793517681580059     
          91         106  0.74859270026882452     
         102         106   1.2249443756556195     
         105         106   1.2649062305280294     
          79         107   1.1863456811768391     
         105         107   1.2484304892457871     
         107         108   1.2482867071737587     
         108         109   1.1793648776880403     
         109         110   1.6437934213677079     
         110         111   1.1710850712407721     
          91         112  0.74852543090758650     
         108         112   1.2649704344603869     
         111         112   1.2249388685819067     
         111         113   1.3548349451475461     
          92         114   1.1712273783823879     
         113         114   1.3541357065332014     
          91         115  0.74902149089640790     
          94         115   1.2643943492140461     
         114         115   1.2252778719204049     
          92         116  0.97176497073199386     
          93         117  0.96993661611446935     
          97         118  0.96994751733566620     
          98         119  0.97177020662492664     
         101         120  0.96344815200682388     
         103         121  0.97177123076778071     
         104         122  0.96994655753325931     
         109         123  0.96994848296802960     
         110         124  0.97177077870545747     
         113         125  0.96344520901924191     
         127         128   1.6437868222522591     
         128         129   1.1793772912378317     
          84         130   1.1863230348678027     
         129         130   1.2483690226069259     
         130         131   1.2483885359751681     
         131         132   1.1793190197102219     
         132         133   1.6438430795614969     
         133         134   1.1710543222659724     
         126         135  0.74850299545990351     
         131         135   1.2649385181732899     
         134         135   1.2249962824267437     
         134         136   1.3548063276358542     
         136         137   1.3541805639451887     
         137         138   1.1711583274002242     
         138         139   1.6437330655222326     
         139         140   1.1794376060168390     
         126         141  0.74905154346145675     
         137         141   1.2252942174072547     
         140         141   1.2643003358287936     
          85         142   1.1852051364255958     
         140         142   1.2488665636951082     
         142         143   1.2490541888190396     
         143         144   1.1795787393854256     
         144         145   1.6435995143955324     
         145         146   1.1712033235066905     
         126         147  0.74902344449764491     
         143         147   1.2641505755559268     
         146         147   1.2254291596574158     
         146         148   1.3540430870266416     
         127         149   1.1710883846226956     
         148         149   1.3548944518662902     
         126         150  0.74866875267067534     
         129         150   1.2648835501796185     
         149         150   1.2248877156176043     
         127         151  0.97177184765741631     
         128         152  0.96994679361412328     
         132         153  0.96994801848959766     
         133         154  0.97177069791448589     
         136         155  0.96344665162225063     
         138         156  0.97176503625403488     
         139         157  0.96993488372505077     
         144         158  0.96994197823307393     
         145         159  0.97176839505445645     
         148         160  0.96344857627247837     
