    0.24433952
   -0.05213730
   -0.05051247
    0.07669894
    0.01826150
    0.07666023
   -0.05060366
   -0.05215169
    0.07559105
   -0.17630107
   -0.05004878
    0.07678797
   -0.05108785
   -0.05124947
    0.07735545
   -0.17484846
   -0.05178351
    0.07734625
   -0.05125091
   -0.05109842
    0.07678199
   -0.17470049
   -0.05004107
    0.07561964
   -0.17648740
    0.03369460
    0.03485622
    0.03500998
    0.03371435
    0.04906279
    0.03410781
    0.03403077
    0.04837939
    0.03404588
    0.03412131
    0.04905455
    0.24434270
   -0.05214684
   -0.05051463
    0.07668588
    0.01827654
    0.07666878
   -0.05060158
   -0.05215572
    0.07558930
   -0.17636466
   -0.05002871
    0.07677804
   -0.05109021
   -0.05125548
    0.07736752
   -0.17480945
   -0.05178631
    0.07735344
   -0.05124914
   -0.05109156
    0.07678495
   -0.17474334
   -0.05004802
    0.07561441
   -0.17642149
    0.03369911
    0.03488701
    0.03497359
    0.03370857
    0.04906702
    0.03411244
    0.03403790
    0.04838150
    0.03404533
    0.03411866
    0.04905574
   -0.02868505
   -0.02917204
   -0.02916741
   -0.02868374
    0.24581801
   -0.05197199
   -0.05047577
    0.07691251
    0.01837019
    0.07684396
   -0.05066047
   -0.05198046
    0.07514139
   -0.17636069
   -0.04825882
    0.07515596
   -0.05198699
   -0.05051369
    0.07689437
   -0.17649917
    0.01838676
    0.07685606
   -0.05062101
   -0.05199299
    0.07514165
   -0.17636769
   -0.04825816
    0.07515610
   -0.17650543
    0.03381236
    0.03497751
    0.03518382
    0.03384180
    0.04972697
    0.03381088
    0.03499811
    0.03512235
    0.03383172
    0.04972019
