           2           3   1.6512044457198325     
           3           4   1.1782818583614685     
           4           5   1.2583804476412919     
           5           6   1.2583812471658260     
           6           7   1.1783218093175565     
           7           8   1.6511739136937305     
           8           9   1.1707683922059124     
           1          10  0.48921940745964632     
           6          10   1.2840904414901160     
           9          10   1.2483598188475629     
           9          11   1.3566003428964113     
          11          12   1.3547664418936436     
          12          13   1.1625945118027030     
          13          14   1.6658728487170307     
          14          15   1.1618657294899002     
           1          16  0.49156264561027468     
          12          16   1.2605787749717581     
          15          16   1.2634121710828683     
          15          17   1.3540904321903913     
          17          18   1.3541942196482408     
          18          19   1.1619319764508023     
          19          20   1.6658345789246169     
          20          21   1.1626032568788038     
           1          22  0.49195424678070782     
          18          22   1.2632272206744617     
          21          22   1.2605690752000389     
          21          23   1.3547410471824568     
           2          24   1.1707353949013852     
          23          24   1.3566210946079189     
           1          25  0.48862689555049682     
           4          25   1.2843190344669679     
          24          25   1.2484226393658135     
           2          26  0.97241997463771501     
           3          27  0.96860894011331977     
           7          28  0.96832583548491491     
           8          29  0.97241239704979987     
          11          30  0.96393233659999722     
          13          31  0.97234589239547675     
          14          32  0.97237251962530391     
          17          33  0.96426581304907044     
          19          34  0.97236564266176317     
          20          35  0.97234491383508026     
          23          36  0.96393485794101941     
          38          39   1.6511702629144072     
          39          40   1.1783493437576726     
          40          41   1.2583900532870802     
          41          42   1.2581524834023536     
          42          43   1.1783716667131079     
          43          44   1.6511171639365649     
          44          45   1.1707924092123934     
          37          46  0.48894639055155165     
          42          46   1.2842530934251444     
          45          46   1.2483592043372005     
          45          47   1.3565829705261796     
          47          48   1.3547900587368611     
          48          49   1.1626786084669654     
          49          50   1.6657619766487928     
          50          51   1.1619425222887441     
          37          52  0.49170555465979676     
          48          52   1.2604643098878723     
          51          52   1.2634240005756341     
          51          53   1.3540307493936663     
          53          54   1.3542028366800651     
          54          55   1.1619056346059917     
          55          56   1.6658472077791944     
          56          57   1.1626018260942543     
          37          58  0.49187944811761580     
          54          58   1.2632761539055841     
          57          58   1.2605429370057177     
          57          59   1.3547812263546126     
          38          60   1.1707350216647057     
          59          60   1.3565534957163319     
          37          61  0.48882142033001658     
          40          61   1.2841898410439432     
          60          61   1.2484806322655020     
          38          62  0.97241833398445232     
          39          63  0.96848616572614576     
          43          64  0.96823812840533940     
          44          65  0.97241388366340975     
          47          66  0.96392788425336673     
          49          67  0.97234503557678986     
          50          68  0.97237241040934186     
          53          69  0.96426861949680298     
          55          70  0.97236821034871268     
          56          71  0.97234549139078885     
          59          72  0.96393501029427875     
           5          73   1.1682597368604200     
          73          74   2.5784231851518902     
          41          76   1.1684966077582015     
          75          76   2.5783366760010860     
          78          79   1.6494182593114419     
          79          80   1.1793553529855412     
          74          81   1.1695013888122727     
          80          81   1.2568637223617525     
          81          82   1.2564108281244817     
          82          83   1.1794327433033651     
          83          84   1.6493576705445023     
          84          85   1.1724040091631893     
          77          86  0.48934645257110831     
          82          86   1.2852488525041006     
          85          86   1.2461827296664825     
          85          87   1.3560781146204817     
          87          88   1.3559667792391519     
          88          89   1.1723207298739342     
          89          90   1.6494083045574992     
          90          91   1.1793961510553634     
          77          92  0.48892481065633092     
          88          92   1.2464291371511260     
          91          92   1.2852621202502283     
          75          93   1.1697313770797839     
          91          93   1.2566805378313035     
          93          94   1.2563981021226449     
          94          95   1.1794864683257427     
          95          96   1.6493190116479708     
          96          97   1.1724035387555343     
          77          98  0.48930489110347963     
          94          98   1.2852311481906666     
          97          98   1.2462591127731013     
          97          99   1.3560009286753574     
          78         100   1.1723498592955084     
          99         100   1.3560310275920240     
          77         101  0.48904225118153499     
          80         101   1.2852567767872518     
         100         101   1.2463368415449418     
          78         102  0.97240380724731779     
          79         103  0.96861743806336931     
          83         104  0.96832032527616285     
          84         105  0.97239971366112243     
          87         106  0.96361587853754826     
          89         107  0.97240446482962806     
          90         108  0.96849931590750238     
          95         109  0.96823539872096309     
          96         110  0.97240055919527457     
          99         111  0.96361716682513920     
