    0.24432204
   -0.05205026
   -0.05055016
    0.07663865
    0.01816637
    0.07666726
   -0.05041366
   -0.05205347
    0.07571505
   -0.17642817
   -0.05008768
    0.07684109
   -0.05106236
   -0.05121082
    0.07736380
   -0.17472019
   -0.05174760
    0.07736097
   -0.05121491
   -0.05106467
    0.07683270
   -0.17469408
   -0.05007217
    0.07570304
   -0.17642928
    0.03379395
    0.03504826
    0.03486184
    0.03379430
    0.04910450
    0.03419335
    0.03412457
    0.04846356
    0.03412508
    0.03419373
    0.04911129
    0.24436046
   -0.05209457
   -0.05065674
    0.07667933
    0.01820311
    0.07672221
   -0.05043375
   -0.05208653
    0.07566135
   -0.17642399
   -0.05002493
    0.07683238
   -0.05106325
   -0.05120943
    0.07736805
   -0.17467586
   -0.05171215
    0.07737491
   -0.05121234
   -0.05106293
    0.07682892
   -0.17472584
   -0.05000912
    0.07564400
   -0.17633869
    0.03379224
    0.03510923
    0.03480093
    0.03377796
    0.04913662
    0.03420687
    0.03413870
    0.04848196
    0.03413341
    0.03420182
    0.04914821
   -0.02835521
   -0.02913517
   -0.02860237
   -0.02888050
   -0.02866329
   -0.02875403
   -0.02875226
   -0.02866784
   -0.02886108
   -0.02858836
   -0.02919608
   -0.02844190
    0.24583956
   -0.05187249
   -0.05051860
    0.07682258
    0.01856665
    0.07689433
   -0.05034090
   -0.05187706
    0.07527220
   -0.17638370
   -0.04816110
    0.07511889
   -0.05193169
   -0.05071062
    0.07695795
   -0.17629682
    0.01819154
    0.07700460
   -0.05056916
   -0.05193164
    0.07513354
   -0.17638133
   -0.04816327
    0.07526669
   -0.17630881
    0.03400001
    0.03537764
    0.03515220
    0.03398390
    0.04987540
    0.03394794
    0.03507346
    0.03489596
    0.03393143
    0.04987759
    0.24602757
   -0.05193127
   -0.05054594
    0.07698069
    0.01849581
    0.07698160
   -0.05061251
   -0.05193585
    0.07510467
   -0.17631846
   -0.04793252
    0.07506470
   -0.05194389
   -0.05072768
    0.07700506
   -0.17628162
    0.01835817
    0.07704469
   -0.05056203
   -0.05193843
    0.07508157
   -0.17634363
   -0.04794418
    0.07511090
   -0.17630269
    0.03399541
    0.03498756
    0.03513798
    0.03398687
    0.05000007
    0.03398827
    0.03510863
    0.03491337
    0.03397254
    0.04999069
    0.24612145
   -0.05193263
   -0.05056037
    0.07704010
    0.01845881
    0.07701105
   -0.05067595
   -0.05194798
    0.07505740
   -0.17626629
   -0.04787238
    0.07505677
   -0.05195773
   -0.05052435
    0.07706256
   -0.17638792
    0.01847767
    0.07700611
   -0.05073714
   -0.05197318
    0.07504733
   -0.17626023
   -0.04787420
    0.07507363
   -0.17638679
    0.03399646
    0.03494123
    0.03510073
    0.03400169
    0.05003370
    0.03398120
    0.03483263
    0.03512497
    0.03400119
    0.05004037
    0.24603182
   -0.05197945
   -0.05075362
    0.07702363
    0.01839250
    0.07704461
   -0.05056395
   -0.05195676
    0.07506226
   -0.17630654
   -0.04793876
    0.07511431
   -0.05191689
   -0.05053112
    0.07699408
   -0.17631191
    0.01848866
    0.07697509
   -0.05062026
   -0.05193040
    0.07509916
   -0.17629712
   -0.04791289
    0.07504887
   -0.17630658
    0.03397715
    0.03507293
    0.03487346
    0.03396974
    0.04999646
    0.03399222
    0.03503999
    0.03510854
    0.03400384
    0.05001460
    0.24588966
   -0.05191980
   -0.05066654
    0.07697347
    0.01819138
    0.07699302
   -0.05059826
   -0.05192729
    0.07511709
   -0.17636711
   -0.04810049
    0.07519623
   -0.05193254
   -0.05061703
    0.07686440
   -0.17630161
    0.01858747
    0.07692783
   -0.05037167
   -0.05191783
    0.07522077
   -0.17637085
   -0.04812139
    0.07512485
   -0.17632513
    0.03394426
    0.03506259
    0.03492058
    0.03394206
    0.04989804
    0.03397577
    0.03533239
    0.03507441
    0.03395598
    0.04988426
