           2           3   1.6518154899768898     
           3           4   1.1777545353103476     
           4           5   1.2596615591528193     
           5           6   1.2600469233083798     
           6           7   1.1777354974156000     
           7           8   1.6518525794273169     
           8           9   1.1703651613812189     
           1          10  0.48883498801833419     
           6          10   1.2835430887216148     
           9          10   1.2488749164567858     
           9          11   1.3565805512358422     
          11          12   1.3547921014917559     
          12          13   1.1625661337172544     
          13          14   1.6658925132726183     
          14          15   1.1619224557325651     
           1          16  0.49199251399501620     
          12          16   1.2606137932588442     
          15          16   1.2631802055778003     
          15          17   1.3542598043968419     
          17          18   1.3541873847309986     
          18          19   1.1619628541663274     
          19          20   1.6658419077167546     
          20          21   1.1626033092492720     
           1          22  0.49203524451212427     
          18          22   1.2631946106430625     
          21          22   1.2605947551421208     
          21          23   1.3547705840923276     
           2          24   1.1704040963248108     
          23          24   1.3566174551451942     
           1          25  0.48869490441437952     
           4          25   1.2837146694921659     
          24          25   1.2487948021419366     
           2          26  0.97241010408054218     
           3          27  0.96936770546436468     
           7          28  0.96943320762534557     
           8          29  0.97241134661444339     
          11          30  0.96394151948007722     
          13          31  0.97234149833637351     
          14          32  0.97236226690617467     
          17          33  0.96425181820632522     
          19          34  0.97236226532113590     
          20          35  0.97234096320951702     
          23          36  0.96393948615194414     
          38          39   1.6513829904634174     
          39          40   1.1781453341877417     
          40          41   1.2583715134630680     
          41          42   1.2588886339766465     
          42          43   1.1780865877922180     
          43          44   1.6514719419064814     
          44          45   1.1705397834630900     
          37          46  0.48871874543254090     
          42          46   1.2841336652320845     
          45          46   1.2485533241246018     
          45          47   1.3567137834103233     
          47          48   1.3546281658800041     
          48          49   1.1626180930695160     
          49          50   1.6658188651119576     
          50          51   1.1619585909470900     
          37          52  0.49195110203966269     
          48          52   1.2606531266855099     
          51          52   1.2631839352372154     
          51          53   1.3541996888182317     
          53          54   1.3541366346322485     
          54          55   1.1619521327308855     
          55          56   1.6658003186538572     
          56          57   1.1626333163440448     
          37          58  0.49179354166163719     
          54          58   1.2632630740323341     
          57          58   1.2606469685101467     
          57          59   1.3546323053285900     
          38          60   1.1706344766995747     
          59          60   1.3567521210638775     
          37          61  0.48888254040151680     
          40          61   1.2842198845600268     
          60          61   1.2483759455029750     
          38          62  0.97240818343754865     
          39          63  0.96853705069929152     
          43          64  0.96886304256485090     
          44          65  0.97241390397639815     
          47          66  0.96393285307349463     
          49          67  0.97234138262603165     
          50          68  0.97236096565485342     
          53          69  0.96425196307257710     
          55          70  0.97236300755415894     
          56          71  0.97234054620757460     
          59          72  0.96392476307722885     
           5          73   1.1650168517335331     
          73          74   2.5802456514989882     
          75          76   2.5740500758047604     
          77          78   2.5727344506485350     
          79          80   2.5722721475438046     
          81          82   2.5740830627928739     
          41          84   1.1676733590361146     
          83          84   2.5785932841325065     
          86          87   1.6497665139286961     
          87          88   1.1790337044348569     
          74          89   1.1663857087955143     
          88          89   1.2578109786856349     
          89          90   1.2582652701265145     
          90          91   1.1789690576646044     
          91          92   1.6498091645465103     
          92          93   1.1721705914242142     
          85          94  0.48897012259084460     
          90          94   1.2845383509510113     
          93          94   1.2469570952231959     
          93          95   1.3554437389729934     
          95          96   1.3566225064796402     
          96          97   1.1724440016730606     
          97          98   1.6490996911892901     
          98          99   1.1797093618337193     
          85         100  0.48931601894238824     
          96         100   1.2456359735455707     
          99         100   1.2860064386582972     
          75         101   1.1723880669606861     
          99         101   1.2549948242162934     
         101         102   1.2554133461094468     
         102         103   1.1796733217608051     
         103         104   1.6491480265641285     
         104         105   1.1723902025728568     
          85         106  0.48917943802362901     
         102         106   1.2858660484653983     
         105         106   1.2458276021814700     
         105         107   1.3565509499604653     
          86         108   1.1721950815604696     
         107         108   1.3554829335573557     
          85         109  0.48904973141363367     
          88         109   1.2845774484312649     
         108         109   1.2468789251581418     
          86         110  0.97239066032819177     
          87         111  0.96935750755231032     
          91         112  0.96942959385943706     
          92         113  0.97239363270431101     
          95         114  0.96360725615046272     
          97         115  0.97239363210188201     
          98         116  0.96803701326427716     
         103         117  0.96802570071067207     
         104         118  0.97239680242363136     
         107         119  0.96360779689264975     
         121         122   1.6487387630989696     
         122         123   1.1799375424729404     
          76         124   1.1727038799001039     
         123         124   1.2549641704718379     
         124         125   1.2548863984396184     
         125         126   1.1799923622412363     
         126         127   1.6486632547667457     
         127         128   1.1727891469890928     
         120         129  0.48890719685936812     
         125         129   1.2859461170403101     
         128         129   1.2459542709072935     
         128         130   1.3557419239151325     
         130         131   1.3562471934620211     
         131         132   1.1727960464753429     
         132         133   1.6485834178438190     
         133         134   1.1801086668461107     
         120         135  0.48906547041389214     
         131         135   1.2454863696372438     
         134         135   1.2863702250877864     
          77         136   1.1740750606840258     
         134         136   1.2540435256883593     
         136         137   1.2544739581195652     
         137         138   1.1800721497328350     
         138         139   1.6486321446707533     
         139         140   1.1727419327618227     
         120         141  0.48897245914616061     
         137         141   1.2862398805268660     
         140         141   1.2456544115119932     
         140         142   1.3561666437195912     
         121         143   1.1727334676130587     
         142         143   1.3558004322925279     
         120         144  0.48893656470522134     
         123         144   1.2859570324665133     
         143         144   1.2459387652904377     
         121         145  0.97239762508140970     
         122         146  0.96802192492115513     
         126         147  0.96806414607972835     
         127         148  0.97239634331502478     
         130         149  0.96355679509969350     
         132         150  0.97239478039360372     
         133         151  0.96745309501750665     
         138         152  0.96770269076456772     
         139         153  0.97239684029781892     
         142         154  0.96356198242948032     
         156         157   1.6485355811660070     
         157         158   1.1801307907923115     
          78         159   1.1741969014745017     
         158         159   1.2542585836511588     
         159         160   1.2540524285110719     
         160         161   1.1802640581402706     
         161         162   1.6483812715189028     
         162         163   1.1729406524935939     
         155         164  0.48910921124643270     
         160         164   1.2862363956509588     
         163         164   1.2455913224633706     
         163         165   1.3559043951105816     
         165         166   1.3559969998058152     
         166         167   1.1728964247211460     
         167         168   1.6483654379688613     
         168         169   1.1803059526039466     
         155         170  0.48875069341975796     
         166         170   1.2455975724692769     
         169         170   1.2864635602563095     
          79         171   1.1750361769628010     
         169         171   1.2539182858322153     
         171         172   1.2536159865500176     
         172         173   1.1804195574709200     
         173         174   1.6482406857890526     
         174         175   1.1730115058128918     
         155         176  0.48910914714923359     
         172         176   1.2863284312338437     
         175         176   1.2455061886096028     
         175         177   1.3559258555337412     
         156         178   1.1728128065020484     
         177         178   1.3560021045345834     
         155         179  0.48873384156840194     
         158         179   1.2863363797935281     
         178         179   1.2456741367676045     
         156         180  0.97239857675163033     
         157         181  0.96771076850327697     
         161         182  0.96746534025756858     
         162         183  0.97239697530498326     
         165         184  0.96354184293503453     
         167         185  0.97239951177510431     
         168         186  0.96728479199699169     
         173         187  0.96686724222130815     
         174         188  0.97239499998548096     
         177         189  0.96353741836743179     
         191         192   1.6483874588499945     
         192         193   1.1802778666527933     
          80         194   1.1749361949462491     
         193         194   1.2536070553404015     
         194         195   1.2540941461666071     
         195         196   1.1802643511439901     
         196         197   1.6484663818688041     
         197         198   1.1728182537864857     
         190         199  0.48907318720141946     
         195         199   1.2863117518357674     
         198         199   1.2455746274706680     
         198         200   1.3561737349402796     
         200         201   1.3557629507858535     
         201         202   1.1727237617796586     
         202         203   1.6487679551373200     
         203         204   1.1799035728074099     
         190         205  0.48898031504371425     
         201         205   1.2460018104177761     
         204         205   1.2858415101015832     
          81         206   1.1724011249653179     
         204         206   1.2552105607152135     
         206         207   1.2548842110323908     
         207         208   1.1799262876780072     
         208         209   1.6486998394713428     
         209         210   1.1727702948752685     
         190         211  0.48888224104400113     
         207         211   1.2860202604991868     
         210         211   1.2458880990722561     
         210         212   1.3558138741559040     
         191         213   1.1728957811094380     
         212         213   1.3562010644410318     
         190         214  0.48891827823867262     
         193         214   1.2865523317575507     
         213         214   1.2454384467210531     
         191         215  0.97239440501048269     
         192         216  0.96686030495700293     
         196         217  0.96727034570324200     
         197         218  0.97239675681308357     
         200         219  0.96355994922853527     
         202         220  0.97239879399651741     
         203         221  0.96825865417364765     
         208         222  0.96817851899355023     
         209         223  0.97239562592238982     
         212         224  0.96355052304216660     
         226         227   1.6491323160545299     
         227         228   1.1796612536148969     
          82         229   1.1721335873220287     
         228         229   1.2552384949678514     
         229         230   1.2552920232835223     
         230         231   1.1796514304816663     
         231         232   1.6491009288531746     
         232         233   1.1724734920222430     
         225         234  0.48909446544943980     
         230         234   1.2859979939018427     
         233         234   1.2457335680259904     
         233         235   1.3564953533294586     
         235         236   1.3555709608894255     
         236         237   1.1724779819374167     
         237         238   1.6492788716806850     
         238         239   1.1794541875911546     
         225         240  0.48900354617867786     
         236         240   1.2464647973015084     
         239         240   1.2852255722036254     
          83         241   1.1690783154997377     
         239         241   1.2564249926188134     
         241         242   1.2571507118733014     
         242         243   1.1793921251036208     
         243         244   1.6493909914330394     
         244         245   1.1723769022917137     
         225         246  0.48898751133761592     
         242         246   1.2849673101015253     
         245         246   1.2466986171770225     
         245         247   1.3554946137785986     
         226         248   1.1724513864705637     
         247         248   1.3565077055134889     
         225         249  0.48925120183579079     
         228         249   1.2859144999053818     
         248         249   1.2457308243029444     
         226         250  0.97239592724157342     
         227         251  0.96817228069733186     
         231         252  0.96824898094212208     
         232         253  0.97239616703097620     
         235         254  0.96358993037688467     
         237         255  0.97239319838385452     
         238         256  0.96854393413319284     
         243         257  0.96886707366706060     
         244         258  0.97239737533322890     
         247         259  0.96359677101135233     
