    0.24471612
   -0.05190762
   -0.05048170
    0.07742623
    0.01649246
    0.07743757
   -0.05046557
   -0.05190894
    0.07569903
   -0.17694008
   -0.04967205
    0.07698635
   -0.05096844
   -0.05109713
    0.07747477
   -0.17473110
   -0.05142238
    0.07747472
   -0.05109784
   -0.05096856
    0.07698526
   -0.17473303
   -0.04966843
    0.07569590
   -0.17692950
    0.03381044
    0.03579089
    0.03579514
    0.03380677
    0.04933877
    0.03440976
    0.03432164
    0.04869977
    0.03432159
    0.03440908
    0.04934101
    0.24470918
   -0.05190698
   -0.05048863
    0.07740613
    0.01649038
    0.07743251
   -0.05044616
   -0.05191049
    0.07571451
   -0.17696455
   -0.04969642
    0.07698954
   -0.05096944
   -0.05109563
    0.07747440
   -0.17473610
   -0.05143428
    0.07747549
   -0.05109782
   -0.05097037
    0.07698674
   -0.17474147
   -0.04968761
    0.07570711
   -0.17693284
    0.03381496
    0.03578745
    0.03578088
    0.03380158
    0.04932640
    0.03440575
    0.03431887
    0.04869228
    0.03431820
    0.03440502
    0.04933411
   -0.01892175
   -0.01075995
   -0.00183945
   -0.00262956
   -0.01001468
   -0.01976501
   -0.01910721
   -0.01030001
   -0.00192287
   -0.00216609
   -0.01006144
   -0.01935096
   -0.01914666
   -0.01016382
   -0.00195437
   -0.00203339
   -0.01008748
   -0.01922847
   -0.01917942
   -0.01011538
   -0.00198238
   -0.00198200
   -0.01011519
   -0.01917932
   -0.01922953
   -0.01008626
   -0.00203333
   -0.00195414
   -0.01016367
   -0.01914673
   -0.01935480
   -0.01005902
   -0.00217031
   -0.00192583
   -0.01030134
   -0.01911293
   -0.01973407
   -0.00999516
   -0.00260497
   -0.00180771
   -0.01074806
   -0.01888084
    0.24654789
   -0.05171394
   -0.05046083
    0.07762625
    0.01697571
    0.07765327
   -0.05041604
   -0.05171689
    0.07527050
   -0.17702504
   -0.04749174
    0.07522597
   -0.05166709
   -0.05052138
    0.07773268
   -0.17705206
    0.01658431
    0.07774110
   -0.05051758
   -0.05166934
    0.07522514
   -0.17706914
   -0.04748322
    0.07526301
   -0.17698560
    0.03400716
    0.03596623
    0.03595665
    0.03399148
    0.05010175
    0.03400699
    0.03584017
    0.03583913
    0.03400389
    0.05010865
    0.24658793
   -0.05165956
   -0.05046071
    0.07771574
    0.01685057
    0.07771514
   -0.05046538
   -0.05166026
    0.07526686
   -0.17696200
   -0.04739568
    0.07525723
   -0.05164429
   -0.05049597
    0.07774428
   -0.17697671
    0.01672780
    0.07775336
   -0.05047492
   -0.05164510
    0.07525957
   -0.17699117
   -0.04740125
    0.07526696
   -0.17695816
    0.03408849
    0.03595923
    0.03595830
    0.03408980
    0.05020678
    0.03409238
    0.03591902
    0.03590935
    0.03408431
    0.05020149
    0.24659833
   -0.05164224
   -0.05047851
    0.07773290
    0.01681165
    0.07774614
   -0.05045245
   -0.05164374
    0.07527642
   -0.17696322
   -0.04738202
    0.07527197
   -0.05163692
   -0.05047854
    0.07774224
   -0.17695525
    0.01677728
    0.07775170
   -0.05046637
   -0.05164022
    0.07527190
   -0.17696606
   -0.04737889
    0.07527266
   -0.17694324
    0.03411977
    0.03596209
    0.03595009
    0.03411071
    0.05022915
    0.03411705
    0.03594639
    0.03594205
    0.03411225
    0.05023163
    0.24659870
   -0.05163673
   -0.05047978
    0.07773958
    0.01677705
    0.07775416
   -0.05046419
   -0.05164050
    0.07527325
   -0.17696928
   -0.04738017
    0.07527415
   -0.05164219
   -0.05047711
    0.07773437
   -0.17694601
    0.01681189
    0.07774303
   -0.05045187
   -0.05164380
    0.07527567
   -0.17696109
   -0.04738349
    0.07527076
   -0.17695211
    0.03411755
    0.03594673
    0.03594214
    0.03411132
    0.05023095
    0.03411974
    0.03596102
    0.03595178
    0.03411019
    0.05022859
    0.24658764
   -0.05164502
   -0.05049845
    0.07774350
    0.01672762
    0.07775269
   -0.05046994
   -0.05164521
    0.07526046
   -0.17699219
   -0.04740530
    0.07526865
   -0.05166017
   -0.05044951
    0.07771810
   -0.17696402
    0.01685281
    0.07771062
   -0.05047261
   -0.05166013
    0.07526489
   -0.17695673
   -0.04739567
    0.07525591
   -0.17697563
    0.03409260
    0.03592121
    0.03590705
    0.03408186
    0.05019877
    0.03408444
    0.03595515
    0.03596301
    0.03409231
    0.05020794
    0.24654350
   -0.05166647
   -0.05052291
    0.07773089
    0.01658115
    0.07774686
   -0.05050739
   -0.05166916
    0.07523334
   -0.17706584
   -0.04750613
    0.07528308
   -0.05171140
   -0.05043944
    0.07762392
   -0.17701085
    0.01697961
    0.07764018
   -0.05041841
   -0.05171383
    0.07528538
   -0.17702222
   -0.04750959
    0.07523347
   -0.17706245
    0.03400874
    0.03584455
    0.03584119
    0.03400531
    0.05010224
    0.03400844
    0.03596027
    0.03596270
    0.03400300
    0.05010100
