           2           3   1.6503267106431210     
           3           4   1.1794282353861807     
           4           5   1.2504391838145066     
           5           6   1.2505508482903740     
           6           7   1.1794180704073092     
           7           8   1.6503318188094274     
           8           9   1.1711091077207516     
           1          10  0.48895398800341910     
           6          10   1.2862077828588578     
           9          10   1.2465540413629805     
           9          11   1.3577677424139627     
          11          12   1.3538072117973035     
          12          13   1.1627536321257816     
          13          14   1.6656857688512665     
          14          15   1.1620097931586346     
           1          16  0.49132584039863986     
          12          16   1.2610238383310366     
          15          16   1.2632107879870331     
          15          17   1.3541265291967322     
          17          18   1.3541159819883792     
          18          19   1.1620123647693861     
          19          20   1.6656809544165028     
          20          21   1.1627571998160700     
           1          22  0.49131687508861510     
          18          22   1.2632177426226119     
          21          22   1.2610225879895074     
          21          23   1.3538065216678568     
           2          24   1.1711175873820321     
          23          24   1.3577752429846917     
           1          25  0.48894354453295996     
           4          25   1.2862349948888903     
          24          25   1.2465331061646885     
           2          26  0.97242137662486205     
           3          27  0.97088868046224797     
           7          28  0.97088728455778273     
           8          29  0.97242205274909665     
          11          30  0.96389205321990523     
          13          31  0.97232972534378159     
          14          32  0.97235042838700259     
          17          33  0.96422356261101028     
          19          34  0.97235057857398566     
          20          35  0.97232965747449185     
          23          36  0.96389092386822040     
          38          39   1.6504004401865298     
          39          40   1.1793674668862451     
          40          41   1.2506125928127161     
          41          42   1.2508918943966743     
          42          43   1.1793623325274090     
          43          44   1.6503972742391686     
          44          45   1.1710757988905964     
          37          46  0.48896832959351211     
          42          46   1.2860278167516388     
          45          46   1.2466773802697921     
          45          47   1.3576972607703754     
          47          48   1.3538734294072234     
          48          49   1.1627261505013207     
          49          50   1.6657234983496090     
          50          51   1.1619923624440585     
          37          52  0.49135559733505507     
          48          52   1.2610134107326656     
          51          52   1.2632040494139276     
          51          53   1.3541495484819699     
          53          54   1.3541256969287474     
          54          55   1.1619944327035705     
          55          56   1.6657110257986294     
          56          57   1.1627380093087558     
          37          58  0.49132173410239249     
          54          58   1.2632249708995569     
          57          58   1.2610144297001702     
          57          59   1.3538618349137013     
          38          60   1.1710903758034676     
          59          60   1.3577301363554475     
          37          61  0.48894489075619818     
          40          61   1.2861111866061246     
          60          61   1.2466131571865655     
          38          62  0.97242001416204915     
          39          63  0.97088359730998508     
          43          64  0.97088431889458249     
          44          65  0.97242215350610728     
          47          66  0.96389378013206850     
          49          67  0.97233002519505451     
          50          68  0.97235007936148854     
          53          69  0.96422394106580411     
          55          70  0.97235058580338418     
          56          71  0.97232970569236221     
          59          72  0.96389100380734105     
           5          73   1.1875312163413776     
          73          74   2.4422037304511957     
          74          75   1.3325933443837110     
          73          76  0.19273299675865882     
          75          76   2.3561643772814724     
          76          77   1.3333731624894656     
          75          78  0.19249442222333540     
          77          78   2.4396663126981735     
          79          80   2.4378519709291835     
          80          81   1.3349083731926306     
          79          82  0.19223817463548326     
          81          82   2.3532215043910023     
          82          83   1.3349284279734825     
          81          84  0.19221730056257683     
          83          84   2.4377728707471165     
          85          86   2.4376685574700314     
          86          87   1.3350217521303285     
          85          88  0.19222509893909789     
          87          88   2.3530832944552658     
          88          89   1.3350145450523803     
          87          90  0.19221411041765696     
          89          90   2.4376696998657539     
          91          92   2.4376548152352639     
          92          93   1.3350285984812569     
          91          94  0.19221936427759384     
          93          94   2.3530708788437371     
          94          95   1.3350306103197100     
          93          96  0.19222108710230007     
          95          96   2.4376540277054497     
          97          98   2.4377014748533856     
          98          99   1.3349870804897395     
          97         100  0.19221518983958855     
          99         100   2.3531296003928670     
         100         101   1.3349831924217672     
          99         102  0.19221688364717449     
         101         102   2.4377126064871044     
         103         104   2.4378541695711569     
         104         105   1.3348540408313234     
         103         106  0.19221520170461381     
         105         106   2.3533309547980878     
         106         107   1.3348221446448920     
         105         108  0.19223782598406888     
         107         108   2.4379686464393098     
         109         110   2.4402428325915095     
         110         111   1.3328005237947045     
         109         112  0.19243182562307604     
         111         112   2.3567721354158881     
         112         113   1.3320136729814787     
          41         114   1.1870069072378153     
         111         114  0.19266738174153797     
         113         114   2.4427717826277044     
         116         117   1.6477009034635230     
         117         118   1.1811449283147635     
          78         119   1.1902617277022849     
         118         119   1.2478510775105400     
         119         120   1.2481536612776500     
         120         121   1.1811310174671774     
         121         122   1.6477037089989996     
         122         123   1.1733649082625499     
         115         124  0.48873519476016608     
         120         124   1.2873253028471583     
         123         124   1.2448284543881931     
         123         125   1.3557514896712335     
         125         126   1.3567969498712944     
         126         127   1.1731350027483671     
         127         128   1.6479646863183568     
         128         129   1.1809352608569879     
         115         130  0.48878296520525766     
         126         130   1.2441617209874782     
         129         130   1.2878979999368938     
          79         131   1.1910710886315583     
         129         131   1.2475134768341145     
         131         132   1.2475273891699596     
         132         133   1.1809289732311932     
         133         134   1.6479572730979792     
         134         135   1.1731422718440407     
         115         136  0.48872881578541799     
         132         136   1.2879210094630418     
         135         136   1.2441716884352492     
         135         137   1.3567829912041733     
         116         138   1.1733819657836952     
         137         138   1.3557908745422158     
         115         139  0.48873557113157956     
         118         139   1.2874080726595758     
         138         139   1.2447523849514437     
         116         140  0.97240546366198455     
         117         141  0.97088911957188584     
         121         142  0.97089190944009873     
         122         143  0.97240771483096800     
         125         144  0.96354631112252775     
         127         145  0.97240515836376751     
         128         146  0.97089604425900944     
         133         147  0.97089466445115558     
         134         148  0.97240548372454794     
         137         149  0.96354347133066742     
         151         152   1.6477055629269519     
         152         153   1.1811207852688212     
          84         154   1.1912037136139686     
         153         154   1.2475070472222307     
         154         155   1.2474615136396872     
         155         156   1.1811157285979323     
         156         157   1.6477068355359847     
         157         158   1.1733451113408275     
         150         159  0.48868612878680856     
         155         159   1.2877652050603423     
         158         159   1.2444618116872190     
         158         160   1.3561332303276470     
         160         161   1.3564852080161864     
         161         162   1.1732373781519523     
         162         163   1.6478488399500153     
         163         164   1.1809982425057657     
         150         165  0.48870447995320920     
         161         165   1.2442659246636887     
         164         165   1.2879204653054561     
          85         166   1.1912212652170124     
         164         166   1.2473814766835702     
         166         167   1.2475116460584519     
         167         168   1.1810068001723406     
         168         169   1.6478392596498010     
         169         170   1.1732355895517197     
         150         171  0.48872156298470915     
         167         171   1.2878697423217471     
         170         171   1.2443022556273409     
         170         172   1.3564619425893367     
         151         173   1.1733428586719141     
         172         173   1.3561383216380478     
         150         174  0.48873012707118002     
         153         174   1.2877382856996333     
         173         174   1.2444605641856428     
         151         175  0.97240105972724233     
         152         176  0.97088927595661467     
         156         177  0.97088878241637000     
         157         178  0.97240070369263376     
         160         179  0.96353131488738331     
         162         180  0.97240014665334840     
         163         181  0.97088847630845010     
         168         182  0.97089313645417952     
         169         183  0.97240117806113802     
         172         184  0.96353298832611545     
         186         187   1.6477765255878745     
         187         188   1.1810548610253067     
          90         189   1.1912420662649525     
         188         189   1.2473751362289260     
         189         190   1.2475337639398392     
         190         191   1.1810567309149935     
         191         192   1.6477698580461297     
         192         193   1.1732947989477811     
         185         194  0.48870883644581264     
         190         194   1.2878058124495442     
         193         194   1.2444073006075762     
         193         195   1.3562557196916800     
         195         196   1.3563680044437079     
         196         197   1.1732670006001911     
         197         198   1.6478111478836581     
         198         199   1.1810286417687699     
         185         200  0.48871462806506916     
         196         200   1.2443295242146482     
         199         200   1.2878670337498006     
          91         201   1.1912440054331086     
         199         201   1.2474241515391122     
         201         202   1.2474700931236116     
         202         203   1.1810250120642205     
         203         204   1.6478039622512344     
         204         205   1.1732727769504536     
         185         206  0.48869940881239621     
         202         206   1.2878691851469541     
         205         206   1.2443431647432135     
         205         207   1.3563500191060038     
         186         208   1.1732992886612865     
         207         208   1.3562868693438295     
         185         209  0.48870972445731509     
         188         209   1.2878561199849727     
         208         209   1.2443582996831932     
         186         210  0.97239842111440322     
         187         211  0.97088649830954044     
         191         212  0.97089024604699037     
         192         213  0.97239954916305960     
         195         214  0.96353006818516385     
         197         215  0.97239888898762505     
         198         216  0.97088955384469033     
         203         217  0.97088753917252602     
         204         218  0.97239924452861537     
         207         219  0.96352906914451408     
         221         222   1.6478142803139240     
         222         223   1.1810281357703079     
          96         224   1.1912438616278824     
         223         224   1.2473990152717489     
         224         225   1.2474958957935411     
         225         226   1.1810176088680167     
         226         227   1.6478096723816744     
         227         228   1.1732693751927878     
         220         229  0.48869092982910611     
         225         229   1.2878620044414086     
         228         229   1.2443534235789100     
         228         230   1.3563455759715382     
         230         231   1.3562932102884133     
         231         232   1.1732910837971149     
         232         233   1.6477889680728131     
         233         234   1.1810449279118267     
         220         235  0.48869331343450317     
         231         235   1.2443617200992165     
         234         235   1.2878651641726617     
          97         236   1.1912296785620737     
         234         236   1.2473738969990729     
         236         237   1.2475469116335658     
         237         238   1.1810641577372483     
         238         239   1.6477645978533093     
         239         240   1.1733001694427510     
         220         241  0.48872563666868390     
         237         241   1.2877871171807518     
         240         241   1.2444119414077193     
         240         242   1.3562487782364823     
         221         243   1.1732671503301730     
         242         243   1.3563740947518161     
         220         244  0.48872101195936812     
         223         244   1.2878738858382313     
         243         244   1.2443242755844148     
         221         245  0.97239888563523502     
         222         246  0.97088983498705761     
         226         247  0.97088727662958396     
         227         248  0.97239933219848340     
         230         249  0.96352902582849276     
         232         250  0.97239837895800718     
         233         251  0.97088428169334362     
         238         252  0.97089226898042968     
         239         253  0.97239941529369900     
         242         254  0.96352975816038411     
         256         257   1.6478493370682470     
         257         258   1.1809981991667715     
         102         259   1.1912067925161596     
         258         259   1.2473637340725068     
         259         260   1.2475418817823485     
         260         261   1.1810027654613999     
         261         262   1.6478479667766366     
         262         263   1.1732307273082994     
         255         264  0.48872894115380716     
         260         264   1.2878572066007847     
         263         264   1.2443123516872334     
         263         265   1.3564625973023807     
         265         266   1.3561267685094722     
         266         267   1.1733380408338649     
         267         268   1.6477120492437449     
         268         269   1.1811191360093214     
         255         270  0.48873461019822673     
         266         270   1.2444852214634790     
         269         270   1.2877117160223213     
         103         271   1.1911836013102155     
         269         271   1.2475707185898808     
         271         272   1.2474131284885457     
         272         273   1.1811144147552228     
         273         274   1.6477112542063503     
         274         275   1.1733497487286002     
         255         276  0.48868774397912729     
         272         276   1.2877793383813949     
         275         276   1.2444464211406270     
         275         277   1.3561420797861039     
         256         278   1.1732407219113572     
         277         278   1.3564865414691665     
         255         279  0.48870118491976816     
         258         279   1.2879253516268974     
         278         279   1.2442632000114484     
         256         280  0.97239993338381303     
         257         281  0.97088747911844986     
         261         282  0.97089409721251618     
         262         283  0.97240142331468626     
         265         284  0.96353377046525090     
         267         285  0.97240152231307808     
         268         286  0.97089131670769291     
         273         287  0.97088752663065570     
         274         288  0.97240021222252515     
         277         289  0.96352974819452541     
         291         292   1.6479928273460038     
         292         293   1.1809192778342297     
         108         294   1.1910143546871994     
         293         294   1.2475363840476295     
         294         295   1.2475892783975824     
         295         296   1.1809038057932151     
         296         297   1.6479976848728484     
         297         298   1.1731100652420736     
         290         299  0.48877338293926786     
         295         299   1.2879009800106285     
         298         299   1.2441725020073213     
         298         300   1.3568299197482343     
         300         301   1.3557333803628877     
         301         302   1.1733342062354555     
         302         303   1.6477813578165690     
         303         304   1.1810755471569228     
         290         305  0.48873497560025869     
         301         305   1.2448725170177730     
         304         305   1.2872355286536639     
         109         306   1.1897409151818028     
         304         306   1.2481883366814754     
         306         307   1.2483283830942322     
         307         308   1.1810654106673049     
         308         309   1.6477823976833195     
         309         310   1.1733279023420096     
         290         311  0.48875441437462791     
         307         311   1.2872047988150654     
         310         311   1.2448949531914508     
         310         312   1.3557257932705074     
         291         313   1.1731118369444764     
         312         313   1.3568274662689521     
         290         314  0.48876889520127581     
         293         314   1.2878826114946571     
         313         314   1.2441747642238714     
         291         315  0.97240463111306985     
         292         316  0.97089899858066520     
         296         317  0.97089127987639423     
         297         318  0.97240520667833830     
         300         319  0.96354459281942140     
         302         320  0.97240507100744600     
         303         321  0.97088744533826987     
         308         322  0.97088554742081745     
         309         323  0.97240611356607332     
         312         324  0.96354502678649145     
