    0.56212732
   -0.05423515
   -0.05425906
    0.07024345
    0.01042911
    0.07028179
   -0.05419853
   -0.05423457
    0.06426952
   -0.21428893
   -0.06034946
    0.06548954
   -0.05337846
   -0.05509100
    0.07045464
   -0.21272007
   -0.05905904
    0.07045703
   -0.05509387
   -0.05338078
    0.06548541
   -0.21273028
   -0.06033613
    0.06425471
   -0.21423101
    0.03043136
    0.03286483
    0.03287549
    0.03040525
    0.04945709
    0.03082606
    0.03114314
    0.04746372
    0.03114184
    0.03082621
    0.04946979
    0.56209743
   -0.05423605
   -0.05424870
    0.07024009
    0.01043298
    0.07025666
   -0.05421088
   -0.05422797
    0.06429363
   -0.21430273
   -0.06036072
    0.06549343
   -0.05337613
   -0.05508662
    0.07045554
   -0.21271307
   -0.05906922
    0.07045957
   -0.05508748
   -0.05337622
    0.06549133
   -0.21273171
   -0.06035000
    0.06428302
   -0.21425098
    0.03043496
    0.03289563
    0.03291338
    0.03041887
    0.04945291
    0.03083049
    0.03114872
    0.04746490
    0.03114519
    0.03082999
    0.04946290
   -0.02250921
   -0.01115248
   -0.01094888
   -0.02272380
   -0.02254716
   -0.01100427
   -0.01099730
   -0.02254213
   -0.02254781
   -0.01101031
   -0.01102689
   -0.02251547
   -0.02251232
   -0.01102735
   -0.01102200
   -0.02251875
   -0.02251987
   -0.01102042
   -0.01101020
   -0.02253436
   -0.02255088
   -0.01100468
   -0.01101850
   -0.02254918
   -0.02266199
   -0.01092439
   -0.01111675
   -0.02245296
    0.56552006
   -0.05417935
   -0.05431383
    0.07059222
    0.01038221
    0.07061753
   -0.05428030
   -0.05417733
    0.06401641
   -0.21551449
   -0.05866072
    0.06398117
   -0.05416797
   -0.05434504
    0.07063096
   -0.21544548
    0.01031150
    0.07064859
   -0.05432366
   -0.05417223
    0.06398278
   -0.21548156
   -0.05865295
    0.06400181
   -0.21544482
    0.03036401
    0.03267263
    0.03269063
    0.03034354
    0.05000374
    0.03038351
    0.03271361
    0.03269862
    0.03036986
    0.05000717
    0.56588907
   -0.05418249
   -0.05433630
    0.07063020
    0.01032601
    0.07061426
   -0.05434830
   -0.05418059
    0.06397719
   -0.21549305
   -0.05859323
    0.06398879
   -0.05416844
   -0.05435431
    0.07064781
   -0.21553495
    0.01032292
    0.07065900
   -0.05432895
   -0.05417150
    0.06399084
   -0.21554765
   -0.05859692
    0.06397474
   -0.21548059
    0.03038813
    0.03269840
    0.03269233
    0.03039074
    0.05003510
    0.03040288
    0.03272847
    0.03270949
    0.03039417
    0.05003031
    0.56603637
   -0.05418580
   -0.05435564
    0.07062380
    0.01031033
    0.07062721
   -0.05434947
   -0.05418373
    0.06399493
   -0.21554561
   -0.05856863
    0.06400091
   -0.05417893
   -0.05436207
    0.07063714
   -0.21556087
    0.01030644
    0.07065094
   -0.05434860
   -0.05418167
    0.06400064
   -0.21557695
   -0.05856814
    0.06398784
   -0.21551370
    0.03039952
    0.03271148
    0.03270519
    0.03039426
    0.05001814
    0.03040148
    0.03271748
    0.03270810
    0.03039433
    0.05001736
    0.56605429
   -0.05417788
   -0.05435817
    0.07063929
    0.01031228
    0.07065270
   -0.05434617
   -0.05418088
    0.06400459
   -0.21557533
   -0.05856340
    0.06399468
   -0.05418202
   -0.05435928
    0.07062446
   -0.21552640
    0.01031308
    0.07063266
   -0.05434101
   -0.05418449
    0.06399451
   -0.21554040
   -0.05856597
    0.06400270
   -0.21556709
    0.03040610
    0.03272326
    0.03271791
    0.03040203
    0.05002239
    0.03040636
    0.03271907
    0.03271075
    0.03040018
    0.05002059
    0.56590088
   -0.05417381
   -0.05435587
    0.07065038
    0.01031786
    0.07065436
   -0.05434029
   -0.05417663
    0.06399736
   -0.21555922
   -0.05858880
    0.06398460
   -0.05418220
   -0.05433435
    0.07063243
   -0.21550563
    0.01032652
    0.07061785
   -0.05435357
   -0.05418075
    0.06397647
   -0.21548712
   -0.05858287
    0.06398762
   -0.21553206
    0.03039974
    0.03272044
    0.03270906
    0.03039282
    0.05002417
    0.03038541
    0.03270138
    0.03269476
    0.03039497
    0.05003118
    0.56551505
   -0.05417070
   -0.05433498
    0.07064062
    0.01030171
    0.07064653
   -0.05433106
   -0.05417065
    0.06399730
   -0.21549790
   -0.05866839
    0.06402845
   -0.05418201
   -0.05431908
    0.07057273
   -0.21545989
    0.01038060
    0.07059968
   -0.05428669
   -0.05417798
    0.06404219
   -0.21552933
   -0.05867976
    0.06399310
   -0.21546514
    0.03038173
    0.03270653
    0.03271128
    0.03037285
    0.04999498
    0.03036881
    0.03270426
    0.03271939
    0.03035073
    0.04998837
