           2           3   1.6441664313478501     
           3           4   1.1822288017037041     
           4           5   1.2564860847234662     
           5           6   1.2569531216933878     
           6           7   1.1821831439357249     
           7           8   1.6441925589217212     
           8           9   1.1709829977152506     
           1          10  0.65671773120017574     
           6          10   1.2572550677086285     
           9          10   1.2166672705896335     
           9          11   1.3611561857452792     
          11          12   1.3608929074302392     
          12          13   1.1627267947286748     
          13          14   1.6599198920574139     
          14          15   1.1638614553396016     
           1          16  0.65958095368473246     
          12          16   1.2266385764298380     
          15          16   1.2388132381936987     
          15          17   1.3579294330957050     
          17          18   1.3578868704448830     
          18          19   1.1638784876566981     
          19          20   1.6598850899720017     
          20          21   1.1627577157645486     
           1          22  0.65951385313012423     
          18          22   1.2388400912107027     
          21          22   1.2266450582195274     
          21          23   1.3608631894484815     
           2          24   1.1710123511559742     
          23          24   1.3612264292776484     
           1          25  0.65677760067758517     
           4          25   1.2573563719254657     
          24          25   1.2165268745761497     
           2          26  0.97224356843148618     
           3          27  0.97122143291810414     
           7          28  0.97122905689855799     
           8          29  0.97224583667476194     
          11          30  0.96293038626366745     
          13          31  0.97214356344597164     
          14          32  0.97240953239421946     
          17          33  0.96491260011662539     
          19          34  0.97241030111673921     
          20          35  0.97214295835472975     
          23          36  0.96292439456061818     
          38          39   1.6442596958762405     
          39          40   1.1821349771411633     
          40          41   1.2569857273721903     
          41          42   1.2572798704038122     
          42          43   1.1820414158276120     
          43          44   1.6443353585840943     
          44          45   1.1709347637327396     
          37          46  0.65667405590712191     
          42          46   1.2570965252950428     
          45          46   1.2167654944364135     
          45          47   1.3611138485023409     
          47          48   1.3609812453134205     
          48          49   1.1627025655411649     
          49          50   1.6599607467593247     
          50          51   1.1638343228895116     
          37          52  0.65963484222480173     
          48          52   1.2266045631771672     
          51          52   1.2388056625371573     
          51          53   1.3579529969130477     
          53          54   1.3579084943746162     
          54          55   1.1638368600344497     
          55          56   1.6599418982913727     
          56          57   1.1627239348483780     
          37          58  0.65953053013569396     
          54          58   1.2388538077353408     
          57          58   1.2266077089247009     
          57          59   1.3609683348531889     
          38          60   1.1709742126907456     
          59          60   1.3611595988316563     
          37          61  0.65687768114352563     
          40          61   1.2570786396915135     
          60          61   1.2166454879295212     
          38          62  0.97224374064446561     
          39          63  0.97120930550674489     
          43          64  0.97122272990109959     
          44          65  0.97224518834948925     
          47          66  0.96293155074997960     
          49          67  0.97214267091525386     
          50          68  0.97240974010056269     
          53          69  0.96491212203290555     
          55          70  0.97241037041900957     
          56          71  0.97214172535176513     
          59          72  0.96292612111095277     
           5          73   1.1822070243746885     
          73          74   2.4762335899562120     
          74          75   1.3010265502953056     
          73          76  0.20343268290931149     
          75          76   2.4746297400618378     
          77          78   2.4720841853500732     
          78          79   1.3031724374786569     
          77          80  0.20310896238074888     
          79          80   2.4720260129752121     
          81          82   2.4715961555894763     
          82          83   1.3035322128774378     
          81          84  0.20316968947599884     
          83          84   2.4716132488663667     
          85          86   2.4714224692301663     
          86          87   1.3037074967735738     
          85          88  0.20322299380446363     
          87          88   2.4714134205303813     
          89          90   2.4716115790467930     
          90          91   1.3035391277416846     
          89          92  0.20317607184378134     
          91          92   2.4716095829100979     
          93          94   2.4719871874418526     
          94          95   1.3032074926555843     
          93          96  0.20313751124242344     
          95          96   2.4720737319644672     
          97          98   2.4752966569566301     
          98          99   1.3002546166826523     
          41         100   1.1813685471835527     
          97         100  0.20324192501849653     
          99         100   2.4769092949184444     
         102         103   1.6432717716220511     
         103         104   1.1825172949593949     
          76         105   1.1843955300684734     
         104         105   1.2540268939372430     
         105         106   1.2543840702047504     
         106         107   1.1825179875588958     
         107         108   1.6432546449312002     
         108         109   1.1719628957836798     
         101         110  0.65166363208678335     
         106         110   1.2601547932101549     
         109         110   1.2153511152751797     
         109         111   1.3606395365283750     
         111         112   1.3608480352706809     
         112         113   1.1719909298586166     
         113         114   1.6431247496535764     
         114         115   1.1826613823664942     
         101         116  0.65179906866407855     
         112         116   1.2151016982621279     
         115         116   1.2604291270961743     
          77         117   1.1856515449185143     
         115         117   1.2535407133579384     
         117         118   1.2536607631926744     
         118         119   1.1826786204926747     
         119         120   1.6430803255226301     
         120         121   1.1720229538675713     
         101         122  0.65168575995685818     
         118         122   1.2604414813998710     
         121         122   1.2151618065814715     
         121         123   1.3607813038925791     
         102         124   1.1719666070495836     
         123         124   1.3607257846022329     
         101         125  0.65182708492170094     
         104         125   1.2602459733351550     
         124         125   1.2152071995136910     
         102         126  0.97224011253074560     
         103         127  0.97125259359927396     
         107         128  0.97126566604913622     
         108         129  0.97224179062343485     
         111         130  0.96267685638120448     
         113         131  0.97224151317925778     
         114         132  0.97125582522449272     
         119         133  0.97125913763513505     
         120         134  0.97224298592521696     
         123         135  0.96267598987283010     
         137         138   1.6430365049626872     
         138         139   1.1826861202964771     
          80         140   1.1857203600755462     
         139         140   1.2535657483671456     
         140         141   1.2534627133792005     
         141         142   1.1827013943275417     
         142         143   1.6430196932038021     
         143         144   1.1721059555196192     
         136         145  0.65162603287453036     
         141         145   1.2604894420116501     
         144         145   1.2151176624317028     
         144         146   1.3607424184476105     
         146         147   1.3608679738258798     
         147         148   1.1720471079173431     
         148         149   1.6430921259364200     
         149         150   1.1826197734399906     
         136         151  0.65135574752423120     
         147         151   1.2151099105144447     
         150         151   1.2606427517145113     
          81         152   1.1859617468283719     
         150         152   1.2533899539464997     
         152         153   1.2534743201633098     
         153         154   1.1826199080483351     
         154         155   1.6430773509577856     
         155         156   1.1720594255850549     
         136         157  0.65135044327764746     
         153         157   1.2606369435018565     
         156         157   1.2151446642170305     
         156         158   1.3608244691982836     
         137         159   1.1720878103504482     
         158         159   1.3607775925377605     
         136         160  0.65177531167894187     
         139         160   1.2604451577289582     
         159         160   1.2150804052936421     
         137         161  0.97224046156859023     
         138         162  0.97125442657011440     
         142         163  0.97126278506698849     
         143         164  0.97224012692773998     
         146         165  0.96267510215062901     
         148         166  0.97224408342189239     
         149         167  0.97125427124834185     
         154         168  0.97125404231113766     
         155         169  0.97224478965092209     
         158         170  0.96267751925942313     
         172         173   1.6430786267706154     
         173         174   1.1825997155149670     
          84         175   1.1859367811563211     
         174         175   1.2534267660746590     
         175         176   1.2534329348446223     
         176         177   1.1826313716976411     
         177         178   1.6430515009148174     
         178         179   1.1721010937577907     
         171         180  0.65146677691766430     
         176         180   1.2605696478208370     
         179         180   1.2151142641185135     
         179         181   1.3608365545307670     
         181         182   1.3609217255768680     
         182         183   1.1720629852405822     
         183         184   1.6431143181799857     
         184         185   1.1825621258279759     
         171         186  0.65135244978147100     
         182         186   1.2150893557297295     
         185         186   1.2606648779048069     
          85         187   1.1860449058441866     
         185         187   1.2533744033675078     
         187         188   1.2534184884066206     
         188         189   1.1825692493931930     
         189         190   1.6430917178513669     
         190         191   1.1720789703928223     
         171         192  0.65131068132829795     
         188         192   1.2606772582598755     
         191         192   1.2151086450338420     
         191         193   1.3608894490506838     
         172         194   1.1720926135915801     
         193         194   1.3608834789764781     
         171         195  0.65163971343031490     
         174         195   1.2605663822874580     
         194         195   1.2150355020180097     
         172         196  0.97224152656154705     
         173         197  0.97124841069874013     
         177         198  0.97125762243156477     
         178         199  0.97224235676655679     
         181         200  0.96268310659540546     
         183         201  0.97224459980477962     
         184         202  0.97125167541954593     
         189         203  0.97125096753803608     
         190         204  0.97224511902789379     
         193         205  0.96268325142885114     
         207         208   1.6430890436109973     
         208         209   1.1825833794961209     
          88         210   1.1860463395102521     
         209         210   1.2533725065755952     
         210         211   1.2534252198173483     
         211         212   1.1825714047906721     
         212         213   1.6430889943361500     
         213         214   1.1720860447774559     
         206         215  0.65133241252387397     
         211         215   1.2606649199420155     
         214         215   1.2150874387814801     
         214         216   1.3609117986645796     
         216         217   1.3608659176583235     
         217         218   1.1721106283673193     
         218         219   1.6430439712989151     
         219         220   1.1826367374528013     
         206         221  0.65152498821902949     
         217         221   1.2150613878789502     
         220         221   1.2605666256705015     
          89         222   1.1859392444234138     
         220         222   1.2533728025569393     
         222         223   1.2534984687176742     
         223         224   1.1826191282851810     
         224         225   1.6430487017981292     
         225         226   1.1721095272526691     
         206         227  0.65157278572481192     
         223         227   1.2605452075688137     
         226         227   1.2150655972691091     
         226         228   1.3608613125070197     
         207         229   1.1720825668277701     
         228         229   1.3609117405090947     
         206         230  0.65134125851040336     
         209         230   1.2606519599045098     
         229         230   1.2150842667907344     
         207         231  0.97224424698384648     
         208         232  0.97125295872424211     
         212         233  0.97124892869336465     
         213         234  0.97224464354208651     
         216         235  0.96268264287676542     
         218         236  0.97224152993198865     
         219         237  0.97125430823980485     
         224         238  0.97125071445871358     
         225         239  0.97224221873055172     
         228         240  0.96268340354928650     
         242         243   1.6430823369777889     
         243         244   1.1826140911977923     
          92         245   1.1859551387099263     
         244         245   1.2533973752248349     
         245         246   1.2534765405687114     
         246         247   1.1826012963897505     
         247         248   1.6430971609798215     
         248         249   1.1720452340907015     
         241         250  0.65132412180725019     
         246         250   1.2606404954139581     
         249         250   1.2151417657633903     
         249         251   1.3608603756979323     
         251         252   1.3607809372684780     
         252         253   1.1720861102078985     
         253         254   1.6430433052476436     
         254         255   1.1826682574520535     
         241         256  0.65164991396239569     
         252         256   1.2151162121143706     
         255         256   1.2604550594035739     
          93         257   1.1857469503801263     
         255         257   1.2536101158834838     
         257         258   1.2534191665261161     
         258         259   1.1826806903368674     
         259         260   1.6430260856824068     
         260         261   1.1721115701408973     
         241         262  0.65165320462674026     
         258         262   1.2605149551690724     
         261         262   1.2150677012260700     
         261         263   1.3607860354998049     
         242         264   1.1720638634847114     
         263         264   1.3608715365401842     
         241         265  0.65141347634881741     
         244         265   1.2606333032488681     
         264         265   1.2150868920373310     
         242         266  0.97224387616287922     
         243         267  0.97125503661203372     
         247         268  0.97125331644756940     
         248         269  0.97224514549309560     
         251         270  0.96267910026210979     
         253         271  0.97224128421512324     
         254         272  0.97125734227235949     
         259         273  0.97125702640583889     
         260         274  0.97224049544917335     
         263         275  0.96267619202813592     
         277         278   1.6431800350225321     
         278         279   1.1826013565051596     
          96         280   1.1856459976880633     
         279         280   1.2536247214510086     
         280         281   1.2536426341895295     
         281         282   1.1826121746152456     
         282         283   1.6431484640992970     
         283         284   1.1719844624235640     
         276         285  0.65162334843816561     
         281         285   1.2604798426369295     
         284         285   1.2151473374033470     
         284         286   1.3608856414207249     
         286         287   1.3606823067112734     
         287         288   1.1719360702220472     
         288         289   1.6433686100982521     
         289         290   1.1824084865479998     
         276         291  0.65194359080455921     
         287         291   1.2152905642718885     
         290         291   1.2600008286792856     
          97         292   1.1835550284064249     
         290         292   1.2544544654379748     
         292         293   1.2547770184408655     
         293         294   1.1823887135906725     
         294         295   1.6433802223030372     
         295         296   1.1719139511491643     
         276         297  0.65174792385090730     
         293         297   1.2599260825522005     
         296         297   1.2154433117126728     
         296         298   1.3605954955238768     
         277         299   1.1719568025879381     
         298         299   1.3609528151128163     
         276         300  0.65181945813802222     
         279         300   1.2604381176459241     
         299         300   1.2150756122472264     
         277         301  0.97224236897605176     
         278         302  0.97125279345210802     
         282         303  0.97126061127110508     
         283         304  0.97224281072747543     
         286         305  0.96267868783852784     
         288         306  0.97223934286250591     
         289         307  0.97124467567642203     
         294         308  0.97125579966034525     
         295         309  0.97224109202356657     
         298         310  0.96268083856019859     
