   -0.05495122
   -0.05347922
    0.08628265
    0.01288574
    0.06388121
   -0.04950818
   -0.05184502
    0.06435562
   -0.08092549
   -0.05521927
    0.08674146
   -0.05379544
   -0.05384528
    0.08645618
   -0.32106757
   -0.05692789
    0.06501935
   -0.05114388
   -0.05094398
    0.06551185
   -0.08104426
   -0.05518977
    0.08530360
   -0.32422671
    0.01851363
    0.01940322
    0.04319932
    0.04157072
    0.21411521
    0.04690423
    0.01936628
    0.01937363
    0.04601538
    0.04179473
    0.04172872
    0.21433870
    0.04685321
   -0.05494382
   -0.05344221
    0.08627967
    0.01288324
    0.06383107
   -0.04953444
   -0.05185947
    0.06438230
   -0.08094319
   -0.05522375
    0.08674360
   -0.05379726
   -0.05384685
    0.08644155
   -0.32107035
   -0.05694191
    0.06499107
   -0.05114053
   -0.05094513
    0.06554720
   -0.08107669
   -0.05520334
    0.08533336
   -0.32422136
    0.01850642
    0.01941822
    0.04319972
    0.04155491
    0.21412517
    0.04689747
    0.01935859
    0.01936793
    0.04600230
    0.04178974
    0.04171943
    0.21434620
    0.04684658
   -0.02969995
   -0.03070112
   -0.02994075
   -0.03009236
   -0.03011715
   -0.02990307
   -0.03070865
   -0.02974070
   -0.05474660
   -0.05331855
    0.08601170
    0.01326649
    0.06333164
   -0.04978127
   -0.05191805
    0.06408544
   -0.08124786
   -0.05312899
    0.08493646
   -0.05481231
   -0.05342981
    0.08611923
   -0.32344426
    0.01290070
    0.06351196
   -0.04975110
   -0.05194468
    0.06395435
   -0.08125945
   -0.05304715
    0.08507449
   -0.32333786
    0.01869488
    0.01936424
    0.04304812
    0.04135409
    0.21454836
    0.04767479
    0.01865399
    0.01905265
    0.04257238
    0.04133007
    0.21443125
    0.04769055
   -0.05479673
   -0.05331425
    0.08609020
    0.01308352
    0.06341493
   -0.04983347
   -0.05198011
    0.06397228
   -0.08122490
   -0.05290294
    0.08496913
   -0.05475748
   -0.05335755
    0.08607091
   -0.32320789
    0.01306504
    0.06339658
   -0.04983301
   -0.05193486
    0.06399996
   -0.08127366
   -0.05294060
    0.08491475
   -0.32324888
    0.01868197
    0.01898162
    0.04271010
    0.04133871
    0.21453229
    0.04777460
    0.01871686
    0.01916736
    0.04281239
    0.04135060
    0.21458694
    0.04776417
   -0.05475685
   -0.05344292
    0.08617487
    0.01286625
    0.06352114
   -0.04977407
   -0.05190156
    0.06397987
   -0.08118932
   -0.05312992
    0.08508492
   -0.05475011
   -0.05338969
    0.08606588
   -0.32342562
    0.01326069
    0.06337874
   -0.04972609
   -0.05191129
    0.06407415
   -0.08114972
   -0.05318132
    0.08497981
   -0.32353096
    0.01868253
    0.01924437
    0.04271788
    0.04137407
    0.21437677
    0.04765903
    0.01870601
    0.01950036
    0.04298530
    0.04136550
    0.21443249
    0.04762722
