           1           2   1.7165840237806256     
           2           3   1.1211606992510676     
           3           4   1.2495967133627701     
           4           5   1.2539929091328326     
           5           6   1.2357516336231231     
           6           7   1.5935177229322646     
           7           8   1.2234110054094769     
           5           9   1.2246768602183105     
           8           9   1.2028167547904416     
           8          10   1.3441454922636753     
          10          11   1.3574192317408498     
          11          12   1.1067911687741725     
          12          13   1.7310158642861304     
          13          14   1.1087097824197480     
          11          15   1.3238779278769006     
          14          15   1.3254943901654805     
          14          16   1.3536872944492804     
          16          17   1.3466655602169384     
          17          18   1.2155006192387861     
          18          19   1.6082884216391033     
          19          20   1.2150740268035072     
          17          21   1.2099076413145180     
          20          21   1.2108046362549776     
          20          22   1.3428001059376731     
           1          23   1.1150738050743392     
          22          23   1.3652363867329296     
           3          24   1.3598797012084489     
          23          24   1.3008181867355799     
           1          25  0.97278112721776455     
           2          26  0.96962109840371624     
           6          27  0.96985464643802488     
           7          28  0.97291024693553085     
           9          29  0.90014840161271581     
          10          30  0.96373791727235747     
          12          31  0.97274488318923047     
          13          32  0.97279555525927996     
          16          33  0.96472420295846695     
          18          34  0.97290456362465128     
          19          35  0.97283835440514277     
          21          36  0.90047484814284140     
          22          37  0.96360515260266399     
          38          39   1.7166735860857911     
          39          40   1.1211368931820977     
          40          41   1.2499192094234584     
          41          42   1.2539705505229239     
          42          43   1.2358159282025469     
          43          44   1.5934705121630746     
          44          45   1.2234044060242555     
          42          46   1.2246308632628873     
          45          46   1.2028905345709513     
          45          47   1.3440875783362674     
          47          48   1.3574832138010833     
          48          49   1.1068042864691190     
          49          50   1.7309934422863118     
          50          51   1.1087393506687999     
          48          52   1.3238085945404332     
          51          52   1.3255437113616320     
          51          53   1.3536155637064295     
          53          54   1.3467416094846234     
          54          55   1.2154835700230551     
          55          56   1.6083659530743546     
          56          57   1.2149675727759912     
          54          58   1.2098572728706534     
          57          58   1.2108477032207310     
          57          59   1.3428866231207137     
          38          60   1.1149999330089786     
          59          60   1.3651123995448504     
          40          61   1.3596172023625464     
          60          61   1.3010252165822394     
          38          62  0.97278198166344898     
          39          63  0.96974334048745991     
          43          64  0.96983027632181384     
          44          65  0.97291065789016096     
          46          66  0.90008034085923250     
          47          67  0.96372969083025917     
          49          68  0.97274472887561314     
          50          69  0.97279769536940408     
          53          70  0.96473474695096106     
          55          71  0.97290476964648609     
          56          72  0.97283676066218294     
          58          73  0.90040402921162865     
          59          74  0.96359708658607579     
           4          75   1.1761488045351143     
          75          76   2.5665343923900754     
          77          78   2.5576572738883749     
          79          80   2.5591907602066102     
          41          82   1.1758764445197132     
          81          82   2.5668877466420899     
          83          84   1.7158054554003019     
          84          85   1.1230095105941824     
          76          86   1.1790184004264015     
          85          86   1.2483007361638518     
          86          87   1.2499419421750870     
          87          88   1.2396792691632652     
          88          89   1.5886083127848962     
          89          90   1.2271453767704579     
          87          91   1.2251797181036652     
          90          91   1.2041713780482042     
          90          92   1.3355359656023988     
          92          93   1.3714837284669585     
          93          94   1.1152269378691408     
          94          95   1.7152079412189820     
          95          96   1.1234077209574029     
          93          97   1.2951373349091204     
          96          97   1.3630742153624555     
          77          98   1.1863637137517742     
          96          98   1.2439581724946105     
          98          99   1.2474821269104792     
          99         100   1.2404688530029953     
         100         101   1.5880444821848267     
         101         102   1.2272236422299045     
          99         103   1.2262850497552107     
         102         103   1.2033915439159004     
         102         104   1.3366906683943167     
          83         105   1.1149431695056562     
         104         105   1.3696609442174534     
          85         106   1.3599153740541803     
         105         106   1.2975548546368205     
          83         107  0.97276126731104218     
          84         108  0.96970163179760627     
          88         109  0.97007658738268265     
          89         110  0.97291061481193042     
          91         111  0.89762569270692705     
          92         112  0.96301830616976059     
          94         113  0.97275508798932853     
          95         114  0.96824274701454405     
         100         115  0.96887666180401888     
         101         116  0.97291494384937260     
         103         117  0.89758235281128806     
         104         118  0.96302651083953683     
         119         120   1.7150706246267031     
         120         121   1.1236100143256698     
          78         122   1.1865843806830849     
         121         122   1.2441886129530906     
         122         123   1.2468930683263035     
         123         124   1.2409176162480036     
         124         125   1.5874649525359128     
         125         126   1.2276758633242046     
         123         127   1.2262985343638699     
         126         127   1.2037045609022952     
         126         128   1.3356080309769429     
         128         129   1.3711150827019691     
         129         130   1.1151560627597226     
         130         131   1.7153823798999381     
         131         132   1.1233081491097314     
         129         133   1.2956957055077041     
         132         133   1.3621486604364925     
          79         134   1.1843160927809242     
         132         134   1.2452555502551597     
         134         135   1.2478503344637000     
         135         136   1.2405558581590876     
         136         137   1.5877327677230291     
         137         138   1.2275649291983859     
         135         139   1.2259886317624904     
         138         139   1.2038113533409796     
         138         140   1.3355231892894386     
         119         141   1.1152661006688533     
         140         141   1.3713600808968074     
         121         142   1.3628013597851796     
         141         142   1.2952551250540012     
         119         143  0.97275520763924916     
         120         144  0.96853994388721110     
         124         145  0.96858896137197714     
         125         146  0.97291193250190755     
         127         147  0.89731826871987752     
         128         148  0.96298658129942893     
         130         149  0.97275690305082518     
         131         150  0.96921768597786462     
         136         151  0.96955516453469703     
         137         152  0.97291420648999882     
         139         153  0.89736106668327187     
         140         154  0.96298690190965452     
         155         156   1.7156652563216546     
         156         157   1.1228944052968117     
          80         158   1.1838877485551451     
         157         158   1.2451686852672239     
         158         159   1.2485472871682646     
         159         160   1.2399440233387649     
         160         161   1.5884496498850698     
         161         162   1.2270849201389178     
         159         163   1.2259293414906047     
         162         163   1.2033541875067586     
         162         164   1.3368749011676495     
         164         165   1.3695455740881490     
         165         166   1.1149075940164652     
         166         167   1.7160007520398535     
         167         168   1.1227669872298418     
         165         169   1.2976597653298425     
         168         169   1.3599171474607870     
          81         170   1.1785606453427244     
         168         170   1.2484130605887998     
         170         171   1.2503265534572674     
         171         172   1.2395357492076611     
         172         173   1.5886935093234245     
         173         174   1.2271796089109412     
         171         175   1.2250808985727164     
         174         175   1.2040737480376027     
         174         176   1.3357008897695528     
         155         177   1.1151084840718757     
         176         177   1.3712373144837513     
         157         178   1.3625678386563878     
         177         178   1.2955700055362782     
         155         179  0.97275512479737059     
         156         180  0.96918490732831797     
         160         181  0.96954648131207488     
         161         182  0.97291447362582850     
         163         183  0.89800539646306066     
         164         184  0.96307075604155212     
         166         185  0.97275923820046051     
         167         186  0.96964458282589061     
         172         187  0.97019807817854486     
         173         188  0.97291260916109790     
         175         189  0.89804455774656833     
         176         190  0.96307185654436611     
