    0.10315895
   -0.05307415
   -0.05136518
    0.07257833
    0.01740648
    0.07257457
   -0.05137117
   -0.05307844
    0.07179841
   -0.13117457
   -0.05000216
    0.07290805
   -0.05215099
   -0.05225082
    0.07321907
   -0.12969670
   -0.05174602
    0.07322664
   -0.05224996
   -0.05215102
    0.07290626
   -0.12969532
   -0.04999883
    0.07180578
   -0.13119450
    0.03419091
    0.03622062
    0.03627788
    0.03419648
    0.04979444
    0.03468148
    0.03457903
    0.04915809
    0.03457531
    0.03467203
    0.04979472
    0.10316651
   -0.05307211
   -0.05136487
    0.07257050
    0.01740203
    0.07256558
   -0.05137799
   -0.05306580
    0.07181141
   -0.13120439
   -0.05002741
    0.07291201
   -0.05215685
   -0.05225055
    0.07321340
   -0.12969491
   -0.05175583
    0.07321745
   -0.05225668
   -0.05215699
    0.07290913
   -0.12969046
   -0.05002352
    0.07180900
   -0.13120203
    0.03419785
    0.03626852
    0.03629551
    0.03419651
    0.04978420
    0.03467854
    0.03457544
    0.04915113
    0.03457594
    0.03467977
    0.04978588
   -0.02124829
   -0.00977342
   -0.00955898
   -0.02143068
   -0.02126351
   -0.00959168
   -0.00959788
   -0.02125440
   -0.02139717
   -0.00954073
   -0.00976114
   -0.02120395
    0.10290172
   -0.05300505
   -0.05149030
    0.07284791
    0.01742741
    0.07288955
   -0.05141623
   -0.05300661
    0.07165122
   -0.13200502
   -0.04802086
    0.07162869
   -0.05299499
   -0.05144441
    0.07291712
   -0.13199649
    0.01736683
    0.07288566
   -0.05150487
   -0.05299385
    0.07161699
   -0.13195504
   -0.04800412
    0.07163411
   -0.13194226
    0.03403612
    0.03595169
    0.03595440
    0.03401356
    0.05017733
    0.03402763
    0.03594653
    0.03597031
    0.03404969
    0.05019998
    0.10287273
   -0.05299430
   -0.05144982
    0.07289727
    0.01735638
    0.07289380
   -0.05149536
   -0.05299682
    0.07162192
   -0.13197022
   -0.04802472
    0.07164507
   -0.05299542
   -0.05148539
    0.07284134
   -0.13195706
    0.01742553
    0.07287048
   -0.05142090
   -0.05300106
    0.07165605
   -0.13200548
   -0.04803782
    0.07162875
   -0.13196595
    0.03403412
    0.03593925
    0.03597285
    0.03404918
    0.05019037
    0.03404408
    0.03599503
    0.03598319
    0.03402706
    0.05017372
