           2           3   1.6416857600888048     
           3           4   1.1832624007819708     
           4           5   1.2577510449649569     
           5           6   1.2577925278623110     
           6           7   1.1831924437838766     
           7           8   1.6417317132038827     
           8           9   1.1741830806880666     
           1          10  0.72209838428538486     
           6          10   1.2610965861476715     
           9          10   1.2277500026606369     
           9          11   1.3592112938735239     
          11          12   1.3586776091815114     
          12          13   1.1656657158251260     
          13          14   1.6573884705203645     
          14          15   1.1651339868566160     
           1          16  0.72364332868226300     
          12          16   1.2387505456315693     
          15          16   1.2418893523628571     
          15          17   1.3576441564970900     
          17          18   1.3576837090440477     
          18          19   1.1650984515967788     
          19          20   1.6573842486720181     
          20          21   1.1657046580374466     
           1          22  0.72363728733758859     
          18          22   1.2418728687785214     
          21          22   1.2387682511298337     
          21          23   1.3586393465005966     
           2          24   1.1741833736934795     
          23          24   1.3592627221528328     
           1          25  0.72206286038243217     
           4          25   1.2611173719140951     
          24          25   1.2277061796125066     
           2          26  0.97198929166477310     
           3          27  0.97020607804701720     
           7          28  0.97020345021451215     
           8          29  0.97199140079086965     
          11          30  0.96326025412136829     
          13          31  0.97189313654526421     
          14          32  0.97192152806029364     
          17          33  0.96356198284646299     
          19          34  0.97192040623713971     
          20          35  0.97189097351269549     
          23          36  0.96325753658022095     
          38          39   1.6418980172329838     
          39          40   1.1830574023192248     
          40          41   1.2582086322179986     
          41          42   1.2581552922758084     
          42          43   1.1830234689449994     
          43          44   1.6419391078665488     
          44          45   1.1740437182402450     
          37          46  0.72207945765624904     
          42          46   1.2610066016144248     
          45          46   1.2277472281238704     
          45          47   1.3593675233201779     
          47          48   1.3586077931087341     
          48          49   1.1656568436585504     
          49          50   1.6574362282148729     
          50          51   1.1650762994246486     
          37          52  0.72364223290452345     
          48          52   1.2388483133780603     
          51          52   1.2418248305032817     
          51          53   1.3577594084784810     
          53          54   1.3576313056258273     
          54          55   1.1651101968123339     
          55          56   1.6573988783286975     
          56          57   1.1656772427705369     
          37          58  0.72366051330376024     
          54          58   1.2419218875302858     
          57          58   1.2387469693810851     
          57          59   1.3586907892095714     
          38          60   1.1740660382890793     
          59          60   1.3592797749737839     
          37          61  0.72213925601862261     
          40          61   1.2609007795030571     
          60          61   1.2278066087890973     
          38          62  0.97198557753997805     
          39          63  0.97018789700963770     
          43          64  0.97019529234342639     
          44          65  0.97198407602679260     
          47          66  0.96325758157084584     
          49          67  0.97189412255024588     
          50          68  0.97192077026200796     
          53          69  0.96356168613748083     
          55          70  0.97192299906480739     
          56          71  0.97189438536092587     
          59          72  0.96325648689158228     
           5          73   1.1775987613815500     
          73          74   2.4784475338239247     
          74          75   1.2999848769091924     
          73          76  0.20385012470046060     
          75          76   2.4769469699742035     
          77          78   2.4747898752211670     
          78          79   1.3017542449452946     
          77          80  0.20348038722425058     
          79          80   2.4748303662109268     
          81          82   2.4775274282651787     
          82          83   1.2993195245067475     
          41          84   1.1768366192182975     
          81          84  0.20370079739885361     
          83          84   2.4790606024506063     
          86          87   1.6409603873111829     
          87          88   1.1834232300368197     
          76          89   1.1795988686518295     
          88          89   1.2553350339856553     
          89          90   1.2558278136470875     
          90          91   1.1834001042028999     
          91          92   1.6409652674255581     
          92          93   1.1749260027814095     
          85          94  0.71824915466707029     
          90          94   1.2639003818464536     
          93          94   1.2264254726550914     
          93          95   1.3590012628312151     
          95          96   1.3590907902547089     
          96          97   1.1750008226624797     
          97          98   1.6407672444335657     
          98          99   1.1835855379537137     
          85         100  0.71817833238162143     
          96         100   1.2262790123549365     
          99         100   1.2641490404662235     
          77         101   1.1806576553972314     
          99         101   1.2552003926868047     
         101         102   1.2548817784658530     
         102         103   1.1835370353694548     
         103         104   1.6407920418453075     
         104         105   1.1750287947646627     
          85         106  0.71812035613084702     
         102         106   1.2642834213670855     
         105         106   1.2262005904424853     
         105         107   1.3591159301984672     
          86         108   1.1749409008456853     
         107         108   1.3590537749030283     
          85         109  0.71823141079913966     
          88         109   1.2640291801495200     
         108         109   1.2263177716582376     
          86         110  0.97198705427909693     
          87         111  0.97023400071313093     
          91         112  0.97024012828773365     
          92         113  0.97199169835560928     
          95         114  0.96301316236777879     
          97         115  0.97198877071270262     
          98         116  0.97024225167036193     
         103         117  0.97024004740103409     
         104         118  0.97198632311226962     
         107         119  0.96300358301407141     
         121         122   1.6408516916518445     
         122         123   1.1834952425824838     
          80         124   1.1806225558871750     
         123         124   1.2551926740831734     
         124         125   1.2549471120541777     
         125         126   1.1836173159261110     
         126         127   1.6407361420067232     
         127         128   1.1750382814482341     
         120         129  0.71820462644478156     
         125         129   1.2641710484627300     
         128         129   1.2262138493438586     
         128         130   1.3590941599219368     
         130         131   1.3590648517747013     
         131         132   1.1748582913429515     
         132         133   1.6411098584017831     
         133         134   1.1832903519555955     
         120         135  0.71831690789827995     
         131         135   1.2263720546523398     
         134         135   1.2638125294522307     
          81         136   1.1788967957070975     
         134         136   1.2557455298627960     
         136         137   1.2560978136129377     
         137         138   1.1832717982393894     
         138         139   1.6411085627739666     
         139         140   1.1748523308347487     
         120         141  0.71833385203076228     
         137         141   1.2637438443095523     
         140         141   1.2264418839073881     
         140         142   1.3590263057502812     
         121         143   1.1749670950604743     
         142         143   1.3590954690097758     
         120         144  0.71824078074090836     
         123         144   1.2641401477025773     
         143         144   1.2262758309139696     
         121         145  0.97198946309589995     
         122         146  0.97024636240984341     
         126         147  0.97024181678585875     
         127         148  0.97199022164364413     
         130         149  0.96300537488545890     
         132         150  0.97198536778736500     
         133         151  0.97022620540081528     
         138         152  0.97023543026506398     
         139         153  0.97199116845726141     
         142         154  0.96301140703047872     
