   -0.05461513
   -0.05303621
    0.08722696
    0.01133997
    0.06412552
   -0.04995898
   -0.05172178
    0.06441574
   -0.08120086
   -0.05487043
    0.08690367
   -0.05369022
   -0.05370848
    0.08650348
   -0.32073902
   -0.05656003
    0.06503610
   -0.05095234
   -0.05079845
    0.06584775
   -0.08089797
   -0.05487906
    0.08571446
   -0.32489020
    0.01878985
    0.02126532
    0.04332698
    0.04151887
    0.21416960
    0.04713564
    0.01961959
    0.01966835
    0.04634408
    0.04210478
    0.04206006
    0.21445455
    0.04722169
   -0.05441952
   -0.05296179
    0.08746577
    0.01148266
    0.06446617
   -0.04973350
   -0.05145937
    0.06458115
   -0.08108694
   -0.05474577
    0.08700861
   -0.05364051
   -0.05366379
    0.08653233
   -0.32053145
   -0.05634206
    0.06509431
   -0.05087139
   -0.05074537
    0.06593091
   -0.08072600
   -0.05481745
    0.08589834
   -0.32463464
    0.01927841
    0.02190212
    0.04400901
    0.04198457
    0.21427187
    0.04741694
    0.01980479
    0.01981854
    0.04654674
    0.04226466
    0.04224913
    0.21452923
    0.04748887
   -0.02007424
   -0.01190991
   -0.00285410
   -0.00370407
   -0.01079428
   -0.02105232
   -0.02028534
   -0.01127457
   -0.00303308
   -0.00332510
   -0.01148624
   -0.02110046
   -0.01132156
   -0.00223131
    0.00090917
    0.00070549
   -0.01027657
   -0.01831070
   -0.05438186
   -0.05310322
    0.08695417
    0.01192240
    0.06372226
   -0.04997405
   -0.05172019
    0.06430411
   -0.08158864
   -0.05264993
    0.08544752
   -0.05434397
   -0.05277140
    0.08723802
   -0.32411647
    0.01154212
    0.06356372
   -0.05047576
   -0.05169129
    0.06409019
   -0.08124749
   -0.05245079
    0.08534900
   -0.32371467
    0.01908542
    0.02143389
    0.04318953
    0.04141775
    0.21446818
    0.04797818
    0.01901365
    0.02124562
    0.04301917
    0.04147607
    0.21469750
    0.04809396
   -0.05405151
   -0.05246111
    0.08656630
    0.00836227
    0.06316097
   -0.05027486
   -0.05011824
    0.05993529
   -0.09277506
   -0.04427106
    0.08188874
   -0.06360927
   -0.06502309
    0.08808371
   -0.28705866
    0.01787467
    0.06098631
   -0.04712685
   -0.05062311
    0.06379145
   -0.09353171
   -0.05951756
    0.08581664
   -0.33882503
    0.01856694
    0.02163845
    0.04327610
    0.04357498
    0.19925169
    0.06336439
    0.02221501
    0.01901636
    0.04457687
    0.04280455
    0.19231286
    0.04667966
