           1           2   1.7166015382399562     
           2           3   1.1216092838095035     
           3           4   1.2427064935933421     
           4           5   1.2471672073563942     
           5           6   1.2373575062739341     
           6           7   1.5924562567148481     
           7           8   1.2239232965437956     
           5           9   1.2258786456392587     
           8           9   1.2019462155147889     
           8          10   1.3445794553132051     
          10          11   1.3570118617825049     
          11          12   1.1067181297684576     
          12          13   1.7309693354172035     
          13          14   1.1089403752265008     
          11          15   1.3242485096970469     
          14          15   1.3250183057752436     
          14          16   1.3538371910183205     
          16          17   1.3466534007224882     
          17          18   1.2156684917337117     
          18          19   1.6082886049669045     
          19          20   1.2149779933170357     
          17          21   1.2096986280763078     
          20          21   1.2115235807983038     
          20          22   1.3418032858846254     
           1          23   1.1147871196404511     
          22          23   1.3667713320823995     
           3          24   1.3617180940723594     
          23          24   1.2988077923136683     
           1          25  0.97278153008266011     
           2          26  0.97142555455869306     
           6          27  0.97183478571923820     
           7          28  0.97290969678281192     
           9          29  0.89977602644960952     
          10          30  0.96365398211011044     
          12          31  0.97273896899947554     
          13          32  0.97278906280497623     
          16          33  0.96472959943873182     
          18          34  0.97287880118430414     
          19          35  0.97280930197862703     
          21          36  0.90010679897537293     
          22          37  0.96349040092231231     
          38          39   1.7173428061334413     
          39          40   1.1210500707996456     
          40          41   1.2426675243311178     
          41          42   1.2482935221178058     
          42          43   1.2363127640974367     
          43          44   1.5936516642186525     
          44          45   1.2231012311775227     
          42          46   1.2258777442501738     
          45          46   1.2017670169619108     
          45          47   1.3456290549772474     
          47          48   1.3561377207002976     
          48          49   1.1067425712426837     
          49          50   1.7309625605726982     
          50          51   1.1089212316494970     
          48          52   1.3249592209470598     
          51          52   1.3245790337921639     
          51          53   1.3542343135378618     
          53          54   1.3465570118792713     
          54          55   1.2156905077071156     
          55          56   1.6082500657413448     
          56          57   1.2150682753976116     
          54          58   1.2097163177221848     
          57          58   1.2117907389642761     
          57          59   1.3414342712061429     
          38          60   1.1143638856750799     
          59          60   1.3672800629644013     
          40          61   1.3616839495129547     
          60          61   1.2986290039878339     
          38          62  0.97275715365026472     
          39          63  0.97132214510894399     
          43          64  0.97175854514376792     
          44          65  0.97286648502115147     
          46          66  0.89976404306746760     
          47          67  0.96363683050010840     
          49          68  0.97273599430349622     
          50          69  0.97278279985015126     
          53          70  0.96469183244854217     
          55          71  0.97286521184102437     
          56          72  0.97279792390331576     
          58          73  0.90015640576224554     
          59          74  0.96347246116666330     
           4          75   1.1934382209631029     
          75          76   2.4351430905756173     
          76          77   1.3364041099654174     
          75          78  0.19158947886272593     
          77          78   2.3494691597631903     
          78          79   1.3377095109606114     
          77          80  0.19129749120193412     
          79          80   2.4308640244296420     
          81          82   2.4260222203090556     
          82          83   1.3421654830455605     
          81          84  0.19072062360293537     
          83          84   2.3413294652575454     
          84          85   1.3431577142953646     
          83          86  0.19046202664461684     
          85          86   2.4223710969007000     
          87          88   2.3838145618189293     
          88          89   1.3543773843291111     
          87          90  0.18580114750484794     
          89          90   2.3311388497327679     
          90          91   1.3413086935272711     
          41          92   1.1922847354519663     
          89          92  0.18845144653234169     
          91          92   2.4287755472376222     
          93          94   1.7153481334289817     
          94          95   1.1237396069973973     
          80          96   1.1984594412364540     
          95          96   1.2385855447635659     
          96          97   1.2438646802788178     
          97          98   1.2415571080650893     
          98          99   1.5871863178543120     
          99         100   1.2279078244568462     
          97         101   1.2260251666274535     
         100         101   1.2038297820692723     
         100         102   1.3350158049286709     
         102         103   1.3720312109355368     
         103         104   1.1147172762343438     
         104         105   1.7154751079869068     
         105         106   1.1236645637079705     
         103         107   1.2945095354285043     
         106         107   1.3632114126517081     
          81         108   1.2009659647890314     
         106         108   1.2401117089041001     
         108         109   1.2397715617281462     
         109         110   1.2421250174234633     
         110         111   1.5866692487216829     
         111         112   1.2283147402310002     
         109         113   1.2275582317040439     
         112         113   1.2027117723194394     
         112         114   1.3356972297145415     
          93         115   1.1151359320691836     
         114         115   1.3716139424368887     
          95         116   1.3631038805801310     
         115         116   1.2943236194425447     
          93         117  0.97274945098905374     
          94         118  0.97152898863534065     
          98         119  0.97204505405076902     
          99         120  0.97290978985003962     
         101         121  0.89720319070999821     
         102         122  0.96295867288446146     
         104         123  0.97276966360430428     
         105         124  0.97157500708781142     
         110         125  0.97201212770044942     
         111         126  0.97289874551231326     
         113         127  0.89707026223157071     
         114         128  0.96291150628925171     
         129         130   1.7131762220592326     
         130         131   1.1261025496203398     
          86         132   1.2050361594621195     
         131         132   1.2509976961331279     
         132         133   1.2191448536719329     
         133         134   1.2578465091301601     
         134         135   1.5618665496722024     
         135         136   1.2550079564523966     
         133         137   1.2321573180454528     
         136         137   1.1801725747029717     
         136         138   1.3245035181168312     
         138         139   1.3574220575015867     
         139         140   1.1276578762932383     
         140         141   1.6721334244759094     
         141         142   1.1265196991011648     
         139         143   1.2766054973382452     
         142         143   1.4301992150908851     
          87         144   1.2454199290658887     
         142         144   1.1379179391508336     
         144         145   1.2667148666778898     
         145         146   1.2436222827737764     
         146         147   1.5863307109089047     
         147         148   1.2280627874559240     
         145         149   1.1924628934826982     
         148         149   1.2027705471214554     
         148         150   1.3349713229197397     
         129         151   1.1178524298570454     
         150         151   1.3631753438318053     
         131         152   1.3453465428935185     
         151         152   1.2975832873695117     
         129         153  0.97245225227357701     
         130         154  0.97076990515217887     
         134         155  0.97275908028296310     
         135         156  0.97279266504050832     
         137         157  0.89755293416069404     
         138         158  0.95621584266628423     
         140         159  0.97112424298578914     
         141         160  0.97231592592120308     
         146         161  0.97236981080956530     
         147         162  0.97294834783869755     
         149         163  0.91042746708411182     
         150         164  0.96342036023958288     
