   -0.05495080
   -0.05343415
    0.08623992
    0.01287051
    0.06383101
   -0.04952772
   -0.05183986
    0.06439588
   -0.08096769
   -0.05521641
    0.08676799
   -0.05379119
   -0.05383917
    0.08642887
   -0.32103486
   -0.05692223
    0.06498909
   -0.05113640
   -0.05094101
    0.06554586
   -0.08108017
   -0.05519568
    0.08532613
   -0.32421439
    0.01850930
    0.01933367
    0.04325063
    0.04155889
    0.21414559
    0.04691717
    0.01937437
    0.01939297
    0.04600640
    0.04179706
    0.04172041
    0.21437775
    0.04685665
   -0.05490802
   -0.05337493
    0.08626921
    0.01286140
    0.06378221
   -0.04954774
   -0.05183198
    0.06444017
   -0.08095891
   -0.05522873
    0.08676501
   -0.05378738
   -0.05383927
    0.08643985
   -0.32105813
   -0.05693156
    0.06498047
   -0.05112899
   -0.05093434
    0.06557892
   -0.08107020
   -0.05521117
    0.08537282
   -0.32423123
    0.01854991
    0.01941927
    0.04325303
    0.04157259
    0.21414965
    0.04690793
    0.01937807
    0.01939487
    0.04601424
    0.04180776
    0.04173324
    0.21434414
    0.04685625
   -0.02972291
   -0.03069069
   -0.02979756
   -0.03008737
   -0.02989279
   -0.02995530
   -0.03010225
   -0.02983805
   -0.03067918
   -0.02959358
   -0.05474557
   -0.05334903
    0.08603262
    0.01326556
    0.06336918
   -0.04971045
   -0.05188918
    0.06413497
   -0.08121928
   -0.05322821
    0.08506780
   -0.05471845
   -0.05334804
    0.08616612
   -0.32352775
    0.01284272
    0.06344572
   -0.04982224
   -0.05184587
    0.06403740
   -0.08122286
   -0.05316193
    0.08508612
   -0.32343211
    0.01871189
    0.01946750
    0.04304206
    0.04138226
    0.21443844
    0.04763416
    0.01872033
    0.01928989
    0.04283512
    0.04139474
    0.21443567
    0.04766120
   -0.05470357
   -0.05335482
    0.08605872
    0.01311861
    0.06332750
   -0.04978040
   -0.05188920
    0.06409965
   -0.08130810
   -0.05296556
    0.08493772
   -0.05478651
   -0.05339573
    0.08608810
   -0.32321301
    0.01299514
    0.06342957
   -0.04976858
   -0.05193108
    0.06401889
   -0.08129843
   -0.05289906
    0.08502810
   -0.32315929
    0.01877695
    0.01943211
    0.04283925
    0.04140008
    0.21468759
    0.04780250
    0.01873314
    0.01910835
    0.04265388
    0.04136227
    0.21458327
    0.04780781
   -0.05477540
   -0.05333674
    0.08603061
    0.01305366
    0.06340632
   -0.04980809
   -0.05196052
    0.06397597
   -0.08135630
   -0.05278397
    0.08485663
   -0.05482702
   -0.05336686
    0.08598868
   -0.32305165
    0.01316416
    0.06339872
   -0.04970119
   -0.05199593
    0.06400635
   -0.08136747
   -0.05278627
    0.08491943
   -0.32303681
    0.01873896
    0.01905708
    0.04260646
    0.04133978
    0.21468913
    0.04787094
    0.01871858
    0.01899945
    0.04244681
    0.04132191
    0.21467635
    0.04785793
   -0.05482296
   -0.05322087
    0.08610571
    0.01291407
    0.06347491
   -0.04986825
   -0.05195433
    0.06396434
   -0.08127784
   -0.05297170
    0.08510834
   -0.05471392
   -0.05339608
    0.08594453
   -0.32319592
    0.01328407
    0.06332077
   -0.04966357
   -0.05188417
    0.06415849
   -0.08138739
   -0.05315158
    0.08493794
   -0.32341364
    0.01865006
    0.01873071
    0.04269185
    0.04134040
    0.21449234
    0.04776384
    0.01876944
    0.01960515
    0.04292891
    0.04135327
    0.21463464
    0.04768926
