           1           2   1.7165735411398357     
           2           3   1.1212488626062262     
           3           4   1.2498023858350318     
           4           5   1.2540582466553678     
           5           6   1.2357652150927532     
           6           7   1.5936003626153132     
           7           8   1.2232769119873170     
           5           9   1.2245903818165045     
           8           9   1.2029188564131503     
           8          10   1.3441875942991781     
          10          11   1.3573740092155056     
          11          12   1.1067418129433382     
          12          13   1.7310008884470012     
          13          14   1.1087943828705751     
          11          15   1.3239744149409844     
          14          15   1.3253835943129901     
          14          16   1.3537085020648372     
          16          17   1.3466697685598625     
          17          18   1.2155214333599953     
          18          19   1.6083653126449819     
          19          20   1.2149389270681690     
          17          21   1.2098840083309836     
          20          21   1.2108943377297010     
          20          22   1.3428620128861926     
           1          23   1.1150274691511022     
          22          23   1.3651399772800603     
           3          24   1.3596464434382387     
          23          24   1.3009812752121597     
           1          25  0.97278100106030618     
           2          26  0.96967485401559061     
           6          27  0.96992362078530214     
           7          28  0.97290804474827197     
           9          29  0.89999098170907632     
          10          30  0.96371126117139372     
          12          31  0.97274445283855249     
          13          32  0.97279707652271841     
          16          33  0.96474735287353697     
          18          34  0.97290417760993597     
          19          35  0.97283663895929140     
          21          36  0.90031404374210022     
          22          37  0.96358114325816779     
          38          39   1.7168045094514006     
          39          40   1.1210613628514121     
          40          41   1.2505897074167689     
          41          42   1.2543971911635072     
          42          43   1.2356163266283695     
          43          44   1.5937256003775766     
          44          45   1.2232244421557119     
          42          46   1.2244473637291804     
          45          46   1.2029701216049640     
          45          47   1.3441803771521315     
          47          48   1.3574216444754574     
          48          49   1.1067819195757624     
          49          50   1.7309998298485176     
          50          51   1.1087562009740781     
          48          52   1.3238846169860858     
          51          52   1.3255081589388726     
          51          53   1.3536319848315872     
          53          54   1.3467942172468677     
          54          55   1.2154531505048167     
          55          56   1.6084700781768411     
          56          57   1.2148584830616820     
          54          58   1.2098322824555945     
          57          58   1.2108853234891173     
          57          59   1.3429996781081222     
          38          60   1.1149283658420577     
          59          60   1.3649515165993011     
          40          61   1.3591620010635892     
          60          61   1.3013062028126838     
          38          62  0.97278189501922541     
          39          63  0.97006948527641468     
          43          64  0.97011812883655890     
          44          65  0.97290541961733368     
          46          66  0.90000796879837885     
          47          67  0.96372445775187110     
          49          68  0.97274500603865799     
          50          69  0.97279759651023889     
          53          70  0.96473675955011007     
          55          71  0.97290205610840919     
          56          72  0.97283384964105168     
          58          73  0.90035721627863541     
          59          74  0.96359319494304196     
           4          75   1.1758870620197390     
          75          76   2.5670146784392105     
          77          78   2.5608851178134122     
          79          80   2.5567937966215961     
          81          82   2.5563612792491592     
          41          84   1.1746575770209677     
          83          84   2.5673787591511532     
          85          86   1.7159089167567196     
          86          87   1.1228617266238148     
          76          88   1.1785085859832303     
          87          88   1.2484010899945954     
          88          89   1.2504711848776315     
          89          90   1.2394047630462097     
          90          91   1.5889988416849827     
          91          92   1.2268740126581703     
          89          93   1.2249970490310873     
          92          93   1.2041001506246054     
          92          94   1.3360693889717723     
          94          95   1.3706714319947793     
          95          96   1.1148695823536241     
          96          97   1.7159567350228793     
          97          98   1.1227655129593923     
          95          99   1.2964682276472006     
          98          99   1.3614182011318263     
          77         100   1.1815314067882197     
          98         100   1.2466677906929047     
         100         101   1.2492078382583349     
         101         102   1.2395749730032577     
         102         103   1.5888694553448661     
         103         104   1.2268206578674805     
         101         105   1.2257256155039300     
         104         105   1.2034315278315502     
         104         106   1.3370260062769113     
          85         107   1.1149401141233202     
         106         107   1.3694241384355741     
          87         108   1.3598948801562560     
         107         108   1.2977262466150010     
          85         109  0.97275838632541745     
          86         110  0.96974724895136866     
          90         111  0.97011537624282151     
          91         112  0.97290950343567750     
          93         113  0.89787998387377832     
          94         114  0.96306286473554348     
          96         115  0.97275902831289007     
          97         116  0.96978850282968887     
         102         117  0.97018782045445062     
         103         118  0.97290838535272040     
         105         119  0.89787356000626561     
         106         120  0.96306635337561264     
         121         122   1.7156107956241877     
         122         123   1.1231983412394784     
          78         124   1.1820178003987221     
         123         124   1.2464330606193585     
         124         125   1.2487596888895744     
         125         126   1.2401565144740703     
         126         127   1.5881608447004991     
         127         128   1.2272836967581906     
         125         129   1.2256613695410135     
         128         129   1.2040946699727488     
         128         130   1.3354452112947717     
         130         131   1.3715120885773249     
         131         132   1.1152432666727408     
         132         133   1.7150952425955288     
         133         134   1.1236112249328938     
         131         135   1.2950507441596062     
         134         135   1.3630056617700710     
          79         136   1.1869337486496825     
         134         136   1.2437749580134472     
         136         137   1.2469834035392009     
         137         138   1.2408937769178507     
         138         139   1.5875916823040894     
         139         140   1.2274961681156837     
         137         141   1.2263330163660098     
         140         141   1.2037111070725639     
         140         142   1.3358877861995100     
         121         143   1.1150215467070788     
         142         143   1.3706782047369137     
         123         144   1.3612254925470189     
         143         144   1.2963181995008075     
         121         145  0.97275638536163234     
         122         146  0.96984951633462335     
         126         147  0.97016918758412363     
         127         148  0.97290682645800330     
         129         149  0.89715267279875210     
         130         150  0.96297335539212503     
         132         151  0.97275254405845224     
         133         152  0.96844203512683535     
         138         153  0.96905872840521101     
         139         154  0.97291099417098004     
         141         155  0.89712459031485059     
         142         156  0.96297666182065000     
         157         158   1.7149864238781465     
         158         159   1.1238259813337539     
          80         160   1.1872377065516120     
         159         160   1.2437657644845332     
         160         161   1.2464577902451137     
         161         162   1.2411816492169423     
         162         163   1.5871624897596897     
         163         164   1.2278483594882679     
         161         165   1.2265155723952659     
         164         165   1.2038377470997084     
         164         166   1.3351711838789511     
         166         167   1.3716524926288813     
         167         168   1.1154832264205552     
         168         169   1.7145792277946676     
         169         170   1.1241689206034957     
         167         171   1.2946894069786694     
         170         171   1.3632266475084662     
          81         172   1.1884956604479640     
         170         172   1.2429246404042698     
         172         173   1.2462176912536840     
         173         174   1.2413894585243854     
         174         175   1.5870506244417837     
         175         176   1.2278581927673831     
         173         177   1.2265016257099814     
         176         177   1.2039825111812013     
         176         178   1.3350473639119569     
         157         179   1.1152430556427884     
         178         179   1.3716954002707236     
         159         180   1.3628766221651449     
         179         180   1.2949748504596545     
         157         181  0.97275909454349963     
         158         182  0.96872991309737677     
         162         183  0.96882749892031439     
         163         184  0.97291573724509595     
         165         185  0.89671266477429667     
         166         186  0.96288869918922726     
         168         187  0.97275583808280786     
         169         188  0.96782286223223324     
         174         189  0.96825999732147572     
         175         190  0.97291524742960911     
         177         191  0.89660584853775827     
         178         192  0.96289343186190368     
         193         194   1.7149747486854521     
         194         195   1.1237620096237149     
          82         196   1.1879646817124581     
         195         196   1.2435906730378603     
         196         197   1.2464097296872265     
         197         198   1.2408284441199688     
         198         199   1.5877990085604283     
         199         200   1.2272921377827086     
         197         201   1.2266296969082973     
         200         201   1.2033299471891856     
         200         202   1.3366864240196734     
         202         203   1.3696171666654871     
         203         204   1.1148797364936864     
         204         205   1.7159293845541428     
         205         206   1.1229621106691572     
         203         207   1.2976690635450390     
         206         207   1.3595378663050783     
          83         208   1.1776784465949501     
         206         208   1.2485656500210456     
         208         209   1.2508320013054357     
         209         210   1.2394372008877497     
         210         211   1.5889058295284899     
         211         212   1.2268816239313345     
         209         213   1.2248984009909911     
         212         213   1.2044237098541668     
         212         214   1.3355122831369453     
         193         215   1.1152240064599082     
         214         215   1.3714804482847240     
         195         216   1.3631403856072095     
         215         216   1.2951218863720122     
         193         217  0.97275755010107501     
         194         218  0.96790161283603648     
         198         219  0.96811214783780997     
         199         220  0.97290848649644845     
         201         221  0.89722892177854485     
         202         222  0.96298318631592594     
         204         223  0.97275606181814744     
         205         224  0.96995166188096604     
         210         225  0.97055384440974424     
         211         226  0.97291104416117447     
         213         227  0.89732945914490447     
         214         228  0.96299606090322132     
