   -0.05488637
   -0.05306902
    0.08699018
    0.01190877
    0.06405125
   -0.04980751
   -0.05190352
    0.06418257
   -0.08109759
   -0.05516221
    0.08666779
   -0.05381272
   -0.05386047
    0.08645009
   -0.32117360
   -0.05692237
    0.06501493
   -0.05116948
   -0.05096467
    0.06545931
   -0.08098480
   -0.05510562
    0.08540213
   -0.32495063
    0.01830505
    0.02055527
    0.04318060
    0.04122640
    0.21399209
    0.04671546
    0.01924969
    0.01926062
    0.04591709
    0.04168982
    0.04165117
    0.21424816
    0.04675456
   -0.02250474
   -0.01149405
   -0.01148845
   -0.02251195
   -0.05381428
   -0.05386312
    0.08644518
   -0.05692742
    0.06500441
   -0.05116981
   -0.05096199
    0.06547483
   -0.08100282
   -0.05510527
    0.08541748
   -0.05488833
   -0.05304798
    0.08699710
   -0.32497087
    0.01191406
    0.06402460
   -0.04982174
   -0.05189948
    0.06418242
   -0.08108687
   -0.05515707
    0.08667162
   -0.32116564
    0.01924890
    0.01926210
    0.04591350
    0.04168815
    0.04164790
    0.21425071
    0.04674873
    0.01829415
    0.02056360
    0.04317080
    0.04123218
    0.21400261
    0.04672440
