           1           2   1.7163813948811950     
           2           3   1.1215518265747895     
           3           4   1.2440939718626318     
           4           5   1.2487801120441679     
           5           6   1.2371512754358094     
           6           7   1.5924169595247566     
           7           8   1.2241584547651891     
           5           9   1.2255634546677725     
           8           9   1.2021543868045885     
           8          10   1.3440905460955732     
          10          11   1.3574170199064204     
          11          12   1.1069118700915404     
          12          13   1.7308886122349991     
          13          14   1.1087768322783460     
          11          15   1.3237891878660557     
          14          15   1.3255094372726646     
          14          16   1.3536341325013126     
          16          17   1.3466289369807296     
          17          18   1.2156086638687884     
          18          19   1.6080149615538608     
          19          20   1.2153904059827376     
          17          21   1.2098131833467181     
          20          21   1.2108698423876818     
          20          22   1.3421848173207880     
           1          23   1.1151327624345697     
          22          23   1.3662528551245161     
           3          24   1.3616525488937068     
          23          24   1.2991826086491449     
           1          25  0.97279681730060608     
           2          26  0.97151080112538779     
           6          27  0.97185995758609822     
           7          28  0.97294203274324442     
           9          29  0.90026283275013974     
          10          30  0.96377400811083158     
          12          31  0.97275073916161692     
          13          32  0.97279629045514204     
          16          33  0.96471415008905259     
          18          34  0.97291140002020338     
          19          35  0.97284778988320664     
          21          36  0.90062689754762537     
          22          37  0.96361377029700490     
           4          38   1.1901285944908864     
          38          39   2.4646197661522105     
          39          40   1.3079519450131385     
          38          41  0.20233814379042911     
          40          41   2.4646421673035186     
          42          43   1.7308901959514109     
          43          44   1.1087925826750131     
          44          45   1.3536067972292394     
          45          46   1.3466450533863359     
          46          47   1.2156120301804483     
          47          48   1.6080337622423793     
          48          49   1.2153611393442507     
          46          50   1.2098065982129809     
          49          50   1.2108701851901897     
          49          51   1.3422176963257075     
          51          52   1.3661922309165391     
          52          53   1.1151245364433797     
          53          54   1.7163443679935666     
          54          55   1.1216067720698708     
          52          56   1.2992813362105056     
          55          56   1.3615164132018782     
          41          57   1.1901169218734831     
          55          57   1.2442978321082967     
          57          58   1.2486018183314458     
          58          59   1.2371998253848349     
          59          60   1.5923892676726967     
          60          61   1.2241729287006513     
          58          62   1.2255861825219867     
          61          62   1.2021601940220341     
          61          63   1.3440541866465092     
          42          64   1.1068992700633291     
          63          64   1.3574615845810898     
          44          65   1.3255230408190326     
          64          65   1.3237649815688686     
          42          66  0.97275102023363480     
          43          67  0.97279767106905812     
          45          68  0.96472159664091517     
          47          69  0.97291180254996867     
          48          70  0.97284697479027848     
          50          71  0.90059094357612868     
          51          72  0.96360879358976714     
          53          73  0.97279985321245999     
          54          74  0.97151620209526968     
          59          75  0.97185857241266527     
          60          76  0.97294028548543243     
          62          77  0.90022981194226315     
          63          78  0.96376608249694584     
