   -0.05474191
   -0.05315942
    0.08702343
    0.01141644
    0.06402402
   -0.04988761
   -0.05186359
    0.06437611
   -0.08144427
   -0.05508505
    0.08682000
   -0.05376891
   -0.05379659
    0.08639410
   -0.32093890
   -0.05681365
    0.06493332
   -0.05108190
   -0.05089910
    0.06572092
   -0.08111042
   -0.05501050
    0.08558905
   -0.32492745
    0.01853341
    0.02119314
    0.04322927
    0.04122098
    0.21411806
    0.04684491
    0.01935847
    0.01940385
    0.04602137
    0.04182139
    0.04178091
    0.21447555
    0.04697903
   -0.02095726
   -0.01195732
   -0.00383318
   -0.00383326
   -0.01195853
   -0.02095325
   -0.05376940
   -0.05379732
    0.08639546
   -0.05681519
    0.06493684
   -0.05108206
   -0.05089737
    0.06571817
   -0.08111056
   -0.05501122
    0.08559017
   -0.05474107
   -0.05314609
    0.08702863
   -0.32494051
    0.01141980
    0.06401678
   -0.04989775
   -0.05186292
    0.06437524
   -0.08143405
   -0.05508175
    0.08681880
   -0.32093833
    0.01935906
    0.01940370
    0.04602171
    0.04182103
    0.04178076
    0.21446929
    0.04697237
    0.01852891
    0.02118916
    0.04323200
    0.04122524
    0.21411983
    0.04684698
