           1           2   1.7162825255385581     
           2           3   1.1218997166507521     
           3           4   1.2423131991636438     
           4           5   1.2479332773977947     
           5           6   1.2375940409783406     
           6           7   1.5922241340179291     
           7           8   1.2240202499430870     
           5           9   1.2254059276456015     
           8           9   1.2023280821867433     
           8          10   1.3441444829255300     
          10          11   1.3573014326941895     
          11          12   1.1066603759022975     
          12          13   1.7309499479457655     
          13          14   1.1089961248445042     
          11          15   1.3241227614509719     
          14          15   1.3250962011081029     
          14          16   1.3537766544998131     
          16          17   1.3465969200132284     
          17          18   1.2157254225042942     
          18          19   1.6082247284206512     
          19          20   1.2149596025878160     
          17          21   1.2097388703860714     
          20          21   1.2113293921968886     
          20          22   1.3421268706033702     
           1          23   1.1150191171601598     
          22          23   1.3663825516741908     
           3          24   1.3615194667724735     
          23          24   1.2989337716457525     
           1          25  0.97278271541331673     
           2          26  0.97142428305573547     
           6          27  0.97188108878056478     
           7          28  0.97293472853793517     
           9          29  0.89968628003916151     
          10          30  0.96367497007238323     
          12          31  0.97274457409883164     
          13          32  0.97279544369910476     
          16          33  0.96478240780919755     
          18          34  0.97290372518198698     
          19          35  0.97283105729422514     
          21          36  0.89998451874824881     
          22          37  0.96349875586172951     
           4          38   1.1932332659647495     
          38          39   2.4368518996118587     
          39          40   1.3350698065358080     
          38          41  0.19209189746099947     
          40          41   2.3529350151918509     
          41          42   1.3350673708949043     
          40          43  0.19209123294088998     
          42          43   2.4368704598560038     
          44          45   1.7309506914592472     
          45          46   1.1089919434562943     
          46          47   1.3537649645699388     
          47          48   1.3466043294499928     
          48          49   1.2157152719741124     
          49          50   1.6082341771116688     
          50          51   1.2149563210496814     
          48          52   1.2097446751159493     
          51          52   1.2113119079878829     
          51          53   1.3421478636654904     
          53          54   1.3663525469822941     
          54          55   1.1150184167984460     
          55          56   1.7162748215580383     
          56          57   1.1219070321735050     
          54          58   1.2989734888928763     
          57          58   1.3614742521159799     
          43          59   1.1932220614798519     
          57          59   1.2424117319672625     
          59          60   1.2478422197676331     
          60          61   1.2376140403190585     
          61          62   1.5922052033457477     
          62          63   1.2240398384812643     
          60          64   1.2254268322274282     
          63          64   1.2023116681713892     
          63          65   1.3441349284327615     
          44          66   1.1066623974949006     
          65          66   1.3573139037717228     
          46          67   1.3251121411746583     
          66          67   1.3241108442854108     
          44          68  0.97274472228716657     
          45          69  0.97279559803462745     
          47          70  0.96478228530478960     
          49          71  0.97290355989584543     
          50          72  0.97283113038472624     
          52          73  0.89999297930181987     
          53          74  0.96349923830940953     
          55          75  0.97278344456882737     
          56          76  0.97142704621067610     
          61          77  0.97187777117532714     
          62          78  0.97293420766515937     
          64          79  0.89968944368512649     
          65          80  0.96367510935734624     
