   -0.05462522
   -0.05307896
    0.08726912
    0.01133958
    0.06419444
   -0.04994605
   -0.05171481
    0.06437104
   -0.08115852
   -0.05485802
    0.08688800
   -0.05368694
   -0.05371244
    0.08653858
   -0.32075829
   -0.05654812
    0.06506986
   -0.05095819
   -0.05080125
    0.06579893
   -0.08082873
   -0.05485948
    0.08567118
   -0.32487324
    0.01877969
    0.02124531
    0.04338733
    0.04154009
    0.21413741
    0.04714053
    0.01963698
    0.01966788
    0.04636954
    0.04210852
    0.04206574
    0.21442391
    0.04720742
   -0.05462827
   -0.05306550
    0.08729065
    0.01134011
    0.06419038
   -0.04996646
   -0.05171275
    0.06435953
   -0.08112198
   -0.05484016
    0.08687937
   -0.05368579
   -0.05371532
    0.08654335
   -0.32075428
   -0.05654506
    0.06507250
   -0.05095876
   -0.05080066
    0.06579917
   -0.08081900
   -0.05485026
    0.08567218
   -0.32488953
    0.01877475
    0.02124535
    0.04340036
    0.04154928
    0.21413211
    0.04714899
    0.01963978
    0.01967098
    0.04637608
    0.04211195
    0.04206800
    0.21441266
    0.04720741
   -0.02013590
   -0.01197375
   -0.00291289
   -0.00374049
   -0.01094782
   -0.02100299
   -0.02028598
   -0.01125315
   -0.00291630
   -0.00317699
   -0.01098621
   -0.02053377
   -0.02031852
   -0.01109290
   -0.00295992
   -0.00302393
   -0.01101775
   -0.02039494
   -0.02039092
   -0.01100445
   -0.00303067
   -0.00296348
   -0.01109728
   -0.02031096
   -0.02051466
   -0.01099668
   -0.00318247
   -0.00292819
   -0.01125118
   -0.02028135
   -0.02101718
   -0.01095329
   -0.00376012
   -0.00293936
   -0.01197908
   -0.02014344
   -0.05439568
   -0.05293196
    0.08712939
    0.01196881
    0.06369864
   -0.05016239
   -0.05171709
    0.06416987
   -0.08118142
   -0.05261378
    0.08538997
   -0.05435817
   -0.05300267
    0.08724194
   -0.32408732
    0.01150162
    0.06379166
   -0.05024613
   -0.05165981
    0.06411533
   -0.08126535
   -0.05253970
    0.08539648
   -0.32395560
    0.01901477
    0.02138412
    0.04328943
    0.04149864
    0.21441909
    0.04800029
    0.01903583
    0.02129556
    0.04316830
    0.04149558
    0.21441072
    0.04801980
   -0.05434125
   -0.05297679
    0.08722573
    0.01183177
    0.06381582
   -0.05017490
   -0.05166027
    0.06412692
   -0.08110389
   -0.05248277
    0.08540279
   -0.05433100
   -0.05296203
    0.08726953
   -0.32397719
    0.01169353
    0.06382326
   -0.05022846
   -0.05164118
    0.06410316
   -0.08110035
   -0.05244544
    0.08539081
   -0.32391795
    0.01913093
    0.02141297
    0.04330119
    0.04158948
    0.21439508
    0.04811192
    0.01912093
    0.02135877
    0.04326670
    0.04159892
    0.21440627
    0.04813248
   -0.05433055
   -0.05294450
    0.08722934
    0.01176228
    0.06378008
   -0.05020840
   -0.05164364
    0.06415898
   -0.08116313
   -0.05244843
    0.08541138
   -0.05432921
   -0.05295376
    0.08722332
   -0.32389610
    0.01175909
    0.06378107
   -0.05019967
   -0.05164578
    0.06416471
   -0.08116932
   -0.05244875
    0.08541474
   -0.32389481
    0.01913777
    0.02138532
    0.04328339
    0.04160683
    0.21447311
    0.04815386
    0.01914209
    0.02138905
    0.04327838
    0.04160059
    0.21446936
    0.04815069
   -0.05433233
   -0.05295877
    0.08728401
    0.01169089
    0.06382297
   -0.05023274
   -0.05163993
    0.06409826
   -0.08108731
   -0.05245083
    0.08539089
   -0.05434350
   -0.05295398
    0.08725703
   -0.32394779
    0.01182810
    0.06379630
   -0.05019945
   -0.05165737
    0.06411638
   -0.08106688
   -0.05247900
    0.08539633
   -0.32399102
    0.01912146
    0.02135801
    0.04326910
    0.04160131
    0.21439847
    0.04812507
    0.01912170
    0.02140691
    0.04331141
    0.04160076
    0.21439603
    0.04811547
   -0.05435712
   -0.05299482
    0.08723852
    0.01150308
    0.06378908
   -0.05025616
   -0.05166079
    0.06410772
   -0.08125088
   -0.05252598
    0.08538564
   -0.05439302
   -0.05293329
    0.08713096
   -0.32394467
    0.01197022
    0.06369767
   -0.05016198
   -0.05171973
    0.06416117
   -0.08118123
   -0.05260449
    0.08538482
   -0.32408509
    0.01903227
    0.02128827
    0.04317070
    0.04149645
    0.21441303
    0.04802120
    0.01901007
    0.02138030
    0.04329063
    0.04149541
    0.21441673
    0.04800064
