           1           2   1.7166204963871521     
           2           3   1.1214881172372859     
           3           4   1.2422394122211673     
           4           5   1.2471521822755287     
           5           6   1.2373144525603752     
           6           7   1.5924072856919054     
           7           8   1.2240147002856112     
           5           9   1.2259790160564128     
           8           9   1.2018332573416435     
           8          10   1.3446123519913913     
          10          11   1.3569869003838559     
          11          12   1.1067732973603035     
          12          13   1.7309924171505107     
          13          14   1.1088448151470582     
          11          15   1.3242027985355358     
          14          15   1.3250719672389688     
          14          16   1.3538811513572169     
          16          17   1.3465822162766348     
          17          18   1.2156785342586525     
          18          19   1.6081539753803402     
          19          20   1.2151718086657597     
          17          21   1.2097372686910124     
          20          21   1.2114544538882595     
          20          22   1.3416437909224967     
           1          23   1.1148570388288632     
          22          23   1.3670050680014993     
           3          24   1.3622086919397793     
          23          24   1.2984646444273347     
           1          25  0.97278160913733036     
           2          26  0.97142026237803503     
           6          27  0.97182043873518664     
           7          28  0.97291209559307490     
           9          29  0.89995816113873439     
          10          30  0.96368048163578379     
          12          31  0.97273763931201929     
          13          32  0.97278661330916205     
          16          33  0.96470245970931856     
          18          34  0.97287898242180626     
          19          35  0.97281158584134331     
          21          36  0.90028846682744212     
          22          37  0.96351606805404011     
          38          39   1.7165917764371634     
          39          40   1.1214958782731241     
          40          41   1.2421971228401671     
          41          42   1.2469380891949011     
          42          43   1.2373604412602721     
          43          44   1.5923388546055921     
          44          45   1.2240813045897325     
          42          46   1.2260676984324641     
          45          46   1.2017767209504007     
          45          47   1.3445887873986360     
          47          48   1.3570105131082801     
          48          49   1.1067973176921675     
          49          50   1.7309707634469349     
          50          51   1.1088513263475326     
          48          52   1.3241517341008868     
          51          52   1.3251142518827081     
          51          53   1.3538354508064341     
          53          54   1.3466032130886230     
          54          55   1.2156722994624500     
          55          56   1.6081406074547144     
          56          57   1.2151924988058278     
          54          58   1.2097269992696038     
          57          58   1.2114488100222449     
          57          59   1.3416094128738771     
          38          60   1.1148692836237395     
          59          60   1.3670539360912115     
          40          61   1.3622991604443269     
          60          61   1.2984055218724557     
          38          62  0.97278298247189687     
          39          63  0.97141912521369611     
          43          64  0.97182053633502075     
          44          65  0.97291099721923147     
          46          66  0.89997925236897880     
          47          67  0.96368144929445632     
          49          68  0.97273876856850106     
          50          69  0.97278668837429483     
          53          70  0.96469888098075518     
          55          71  0.97287793429961433     
          56          72  0.97281129139130251     
          58          73  0.90030767682303237     
          59          74  0.96351795283629094     
           4          75   1.1939477980665394     
          75          76   2.4346654537396333     
          76          77   1.3368863640011346     
          75          78  0.19168890490075624     
          77          78   2.3492589823685557     
          78          79   1.3380204040258414     
          77          80  0.19136811100614051     
          79          80   2.4310183513910522     
          81          82   2.4281635411994649     
          82          83   1.3404719496115884     
          81          84  0.19105371495861470     
          83          84   2.3449036101024237     
          84          85   1.3404293688575848     
          83          86  0.19097683619755423     
          85          86   2.4281103071176942     
          87          88   2.4280470135299805     
          88          89   1.3405366557063623     
          87          90  0.19098776790523592     
          89          90   2.3447104870472364     
          90          91   1.3405916604770767     
          89          92  0.19100584299311044     
          91          92   2.4279359904229683     
          93          94   2.4279489395203413     
          94          95   1.3406068511964093     
          93          96  0.19100646904279467     
          95          96   2.3446315850344996     
          96          97   1.3405979657896185     
          95          98  0.19102106155952830     
          97          98   2.4279937821528836     
          99         100   2.4281195338110924     
         100         101   1.3404727506183507     
          99         102  0.19101012489244679     
         101         102   2.3448582674130081     
         102         103   1.3404572472031724     
         101         104  0.19103605265602838     
         103         104   2.4281891887001166     
         105         106   2.4307139000028015     
         106         107   1.3383290694439285     
         105         108  0.19140344206047258     
         107         108   2.3488951924501218     
         108         109   1.3371962652738860     
          41         110   1.1942094803478849     
         107         110  0.19173740610370460     
         109         110   2.4344171946285349     
         111         112   1.7155670399219283     
         112         113   1.1234565845209254     
          80         114   1.1984437440650100     
         113         114   1.2402368697451929     
         114         115   1.2424333938277907     
         115         116   1.2416741929619535     
         116         117   1.5869284052819266     
         117         118   1.2283810777954867     
         115         119   1.2265143149198212     
         118         119   1.2033400337855287     
         118         120   1.3349553850672962     
         120         121   1.3724742368100800     
         121         122   1.1148550307261289     
         122         123   1.7157814135046980     
         123         124   1.1232286929176618     
         121         125   1.2938723449464222     
         124         125   1.3639412822832198     
          81         126   1.1999118306267365     
         124         126   1.2389986247081681     
         126         127   1.2420439915451340     
         127         128   1.2414838073607741     
         128         129   1.5872120561626433     
         129         130   1.2280343016730775     
         127         131   1.2269619396381104     
         130         131   1.2027566333425468     
         130         132   1.3361216777995957     
         111         133   1.1149986090503550     
         132         133   1.3711043628239505     
         113         134   1.3626839076556425     
         133         134   1.2950646310897511     
         111         135  0.97276430457760532     
         112         136  0.97152837544974957     
         116         137  0.97198773228912072     
         117         138  0.97290573076737075     
         119         139  0.89784283821100397     
         120         140  0.96297859048336543     
         122         141  0.97275993748881195     
         123         142  0.97151952474430225     
         128         143  0.97200480824812574     
         129         144  0.97290417746738822     
         131         145  0.89780337203655758     
         132         146  0.96297823842358210     
         147         148   1.7156122487976964     
         148         149   1.1233526539415850     
          86         150   1.2000422990653301     
         149         150   1.2389958417740812     
         150         151   1.2419673587875639     
         151         152   1.2417472748826970     
         152         153   1.5868046135664642     
         153         154   1.2284437534731865     
         151         155   1.2268356110099679     
         154         155   1.2030707892192458     
         154         156   1.3351748374109216     
         156         157   1.3722568411448555     
         157         158   1.1148973888903526     
         158         159   1.7157401495805626     
         159         160   1.1232550171214799     
         157         161   1.2940053160803362     
         160         161   1.3638595415335806     
          87         162   1.2000261320480521     
         160         162   1.2390953805807277     
         162         163   1.2417853493034621     
         163         164   1.2416494282366946     
         164         165   1.5869084353020484     
         165         166   1.2283747656238275     
         163         167   1.2269923376003979     
         166         167   1.2028743477634056     
         166         168   1.3354773211032616     
         147         169   1.1150117045327794     
         168         169   1.3719597253537341     
         149         170   1.3637275331953942     
         169         170   1.2941400038818598     
         147         171  0.97275828993873692     
         148         172  0.97152407849908928     
         152         173  0.97198228033388201     
         153         174  0.97290221458050885     
         155         175  0.89797340822105287     
         156         176  0.96297477023503908     
         158         177  0.97275807668037884     
         159         178  0.97152302240871102     
         164         179  0.97198496076832308     
         165         180  0.97289894195183324     
         167         181  0.89795889264078865     
         168         182  0.96297115782530418     
         183         184   1.7156301319034422     
         184         185   1.1233984150969625     
          92         186   1.2001590738605914     
         185         186   1.2391099671935004     
         186         187   1.2417189988280104     
         187         188   1.2417473837234476     
         188         189   1.5868774910434933     
         189         190   1.2283182140223334     
         187         191   1.2269527396962645     
         190         191   1.2030454605706482     
         190         192   1.3353418165629867     
         192         193   1.3720839475729318     
         193         194   1.1149413260411718     
         194         195   1.7156136673484883     
         195         196   1.1234122675419360     
         193         197   1.2941035923468760     
         196         197   1.3636827361619044     
          93         198   1.2001529355561436     
         196         198   1.2390556802288639     
         198         199   1.2417730387757961     
         199         200   1.2417488738164557     
         200         201   1.5868797718622907     
         201         202   1.2283115315800559     
         199         203   1.2269370803675255     
         202         203   1.2030674611422982     
         202         204   1.3353282372744590     
         183         205   1.1149260805151553     
         204         205   1.3720795008375961     
         185         206   1.3636825821177705     
         205         206   1.2941297287869535     
         183         207  0.97275789096736254     
         184         208  0.97152835202770382     
         188         209  0.97199397070457616     
         189         210  0.97289676656373270     
         191         211  0.89769381503143963     
         192         212  0.96294675687862819     
         194         213  0.97275727445200744     
         195         214  0.97152753592452001     
         200         215  0.97199595048590881     
         201         216  0.97289736970100471     
         203         217  0.89768517745763254     
         204         218  0.96294981078962472     
         219         220   1.7157520115519502     
         220         221   1.1232199308745758     
          98         222   1.2000297188762643     
         221         222   1.2390958322866974     
         222         223   1.2417824037664795     
         223         224   1.2416544137951000     
         224         225   1.5868926608499083     
         225         226   1.2283968891052739     
         223         227   1.2269779034356556     
         226         227   1.2028648003963820     
         226         228   1.3354744356761989     
         228         229   1.3719530575924661     
         229         230   1.1149962945942895     
         230         231   1.7156319293771731     
         231         232   1.1233117030822779     
         229         233   1.2941630555340358     
         232         233   1.3637243629303724     
          99         234   1.2000199850127597     
         232         234   1.2391815714046521     
         234         235   1.2417939702092358     
         235         236   1.2417764885946547     
         236         237   1.5867645274407347     
         237         238   1.2284925638854878     
         235         239   1.2268703159954493     
         238         239   1.2030391513164009     
         238         240   1.3351592005954309     
         219         241   1.1149069279355937     
         240         241   1.3722819947352105     
         221         242   1.3639226322190532     
         241         242   1.2939582508943142     
         219         243  0.97275810337237889     
         220         244  0.97150963872838925     
         224         245  0.97198921002674077     
         225         246  0.97289934179706383     
         227         247  0.89799461627738553     
         228         248  0.96297604009031623     
         230         249  0.97275911152144923     
         231         250  0.97151163251114336     
         236         251  0.97198588372127070     
         237         252  0.97290119034182665     
         239         253  0.89800812006025899     
         240         254  0.96297748643875558     
         255         256   1.7157705026519268     
         256         257   1.1232358982956574     
         104         258   1.1999205737398837     
         257         258   1.2390294002791757     
         258         259   1.2419806170066598     
         259         260   1.2415075917708807     
         260         261   1.5871712319569773     
         261         262   1.2280730897658387     
         259         263   1.2269788465847467     
         262         263   1.2027620461168111     
         262         264   1.3360527803123858     
         264         265   1.3711937644762962     
         265         266   1.1150306566784463     
         266         267   1.7155275733033055     
         267         268   1.1234854006467476     
         265         269   1.2949395740467851     
         268         269   1.3628222807924923     
         105         270   1.1987631944107304     
         268         270   1.2400434787320211     
         270         271   1.2423251609566273     
         271         272   1.2417131565851560     
         272         273   1.5868973457702515     
         273         274   1.2283854993076249     
         271         275   1.2265495010715914     
         274         275   1.2033270613100928     
         274         276   1.3349645227973823     
         255         277   1.1148654387197210     
         276         277   1.3724704281386988     
         257         278   1.3639423091193508     
         277         278   1.2938637589435804     
         255         279  0.97275953992398390     
         256         280  0.97152383287471744     
         260         281  0.97200004728769529     
         261         282  0.97290446166914590     
         263         283  0.89780262092453078     
         264         284  0.96297814034855855     
         266         285  0.97276379627344989     
         267         286  0.97153567467756308     
         272         287  0.97198217654535957     
         273         288  0.97290636850882384     
         275         289  0.89784983017705677     
         276         290  0.96297823167352703     
