    0.19720688
   -0.05071465
   -0.04897630
    0.07861807
    0.01713915
    0.07864721
   -0.04893640
   -0.05071416
    0.07708013
   -0.17166313
   -0.04956154
    0.07838197
   -0.04969892
   -0.04987658
    0.07906454
   -0.16998479
   -0.05134923
    0.07906397
   -0.04987702
   -0.04969795
    0.07837645
   -0.16997666
   -0.04955128
    0.07707257
   -0.17163310
    0.03426849
    0.03603755
    0.03608181
    0.03424629
    0.04975934
    0.03490373
    0.03483330
    0.04903598
    0.03483332
    0.03490483
    0.04976720
    0.19718290
   -0.05070892
   -0.04897634
    0.07861276
    0.01715637
    0.07865228
   -0.04894677
   -0.05070036
    0.07712444
   -0.17167914
   -0.04956900
    0.07838742
   -0.04970114
   -0.04987589
    0.07907116
   -0.16997282
   -0.05135368
    0.07907543
   -0.04987839
   -0.04969829
    0.07839477
   -0.16998142
   -0.04956564
    0.07710847
   -0.17166887
    0.03429471
    0.03608704
    0.03609848
    0.03426689
    0.04977325
    0.03492094
    0.03485358
    0.04904977
    0.03485189
    0.03492066
    0.04977457
   -0.02053437
   -0.00915945
   -0.00926138
   -0.02028153
   -0.02021605
   -0.00924426
   -0.00911465
   -0.02050431
    0.19894908
   -0.05073234
   -0.04931294
    0.07895455
    0.01710301
    0.07899469
   -0.04926329
   -0.05073749
    0.07656468
   -0.17317027
   -0.04740729
    0.07656441
   -0.05072867
   -0.04931824
    0.07895751
   -0.17315647
    0.01709664
    0.07897309
   -0.04926418
   -0.05072885
    0.07656894
   -0.17317566
   -0.04740703
    0.07655641
   -0.17314305
    0.03372940
    0.03530195
    0.03534625
    0.03371201
    0.04992313
    0.03373934
    0.03534307
    0.03535072
    0.03371815
    0.04992253
