           2           3   1.6503955489786470     
           3           4   1.1748155741851138     
           4           5   1.2493333542957323     
           5           6   1.2496792468472284     
           6           7   1.1748441766568338     
           7           8   1.6503609720236276     
           8           9   1.1668387865958316     
           1          10  0.53244561017836423     
           6          10   1.2885668909905266     
           9          10   1.2490530442895413     
           9          11   1.3549339280806629     
          11          12   1.3517434094473131     
          12          13   1.1580295423197704     
          13          14   1.6659250193651576     
          14          15   1.1575917993635130     
           1          16  0.53384521090236348     
          12          16   1.2633474071801887     
          15          16   1.2653782436933425     
          15          17   1.3514563635405012     
          17          18   1.3514019992230921     
          18          19   1.1575873744537326     
          19          20   1.6659131008739236     
          20          21   1.1580452333667972     
           1          22  0.53375288021626754     
          18          22   1.2654342982490960     
          21          22   1.2633312445230782     
          21          23   1.3517464782153474     
           2          24   1.1668426051325644     
          23          24   1.3549604052333684     
           1          25  0.53246412921480335     
           4          25   1.2886852391443777     
          24          25   1.2489798218112522     
           2          26  0.97231864763582632     
           3          27  0.97078173439906368     
           7          28  0.97079321229302573     
           8          29  0.97231875982207250     
          11          30  0.96383318745794411     
          13          31  0.97221680141694866     
          14          32  0.97223797938334433     
          17          33  0.96423051585133157     
          19          34  0.97223951608639492     
          20          35  0.97221598091383565     
          23          36  0.96383105548501025     
          38          39   1.6503412491462086     
          39          40   1.1748326933667312     
          40          41   1.2498206209722833     
          41          42   1.2498986956656080     
          42          43   1.1747625854362713     
          43          44   1.6503285544136230     
          44          45   1.1669914543848092     
          37          46  0.53257258783900474     
          42          46   1.2884738604593549     
          45          46   1.2489523189710632     
          45          47   1.3549287737591267     
          47          48   1.3517255009222078     
          48          49   1.1580564878887303     
          49          50   1.6658547388093359     
          50          51   1.1576810661717618     
          37          52  0.53388081206677240     
          48          52   1.2633569176200379     
          51          52   1.2653021354940750     
          51          53   1.3514674418005834     
          53          54   1.3514111095222510     
          54          55   1.1576445191824518     
          55          56   1.6658633862401375     
          56          57   1.1580813536038517     
          37          58  0.53392857863667320     
          54          58   1.2653898154225764     
          57          58   1.2632351831457789     
          57          59   1.3518556530695023     
          38          60   1.1669263985030385     
          59          60   1.3548115239712064     
          37          61  0.53249507677674335     
          40          61   1.2883535667961599     
          60          61   1.2491027478649994     
          38          62  0.97232402829999831     
          39          63  0.97078740259768292     
          43          64  0.97077217749797418     
          44          65  0.97231135985072759     
          47          66  0.96382974317190562     
          49          67  0.97222146238727092     
          50          68  0.97223908035698647     
          53          69  0.96422225604284550     
          55          70  0.97224223000042620     
          56          71  0.97221699027633601     
          59          72  0.96382780090123299     
           5          73   1.1854255386039996     
          73          74   2.4691890639709824     
          74          75   1.3056823958315575     
          73          76  0.20274898199209332     
          75          76   2.4674105518734293     
          77          78   2.4679783335102119     
          78          79   1.3050043183244266     
          41          80   1.1846725362626147     
          77          80  0.20258635641071865     
          79          80   2.4697922672047894     
          82          83   1.6494272287117488     
          83          84   1.1753298543830801     
          76          85   1.1878345590532497     
          84          85   1.2466978920522178     
          85          86   1.2471261048716227     
          86          87   1.1753180578174880     
          87          88   1.6494034993115541     
          88          89   1.1677425619178774     
          81          90  0.52718713377840898     
          86          90   1.2913104719432655     
          89          90   1.2484586076028628     
          89          91   1.3539092495207394     
          91          92   1.3539838578305667     
          92          93   1.1676502738112595     
          93          94   1.6495767703924398     
          94          95   1.1751970157584199     
          81          96  0.52725516721828181     
          92          96   1.2484286374284315     
          95          96   1.2912905204772631     
          77          97   1.1871366891189079     
          95          97   1.2470170089408978     
          97          98   1.2474227564792519     
          98          99   1.1752151199963734     
          99         100   1.6495480243976071     
         100         101   1.1676449641885747     
          81         102  0.52716042779373473     
          98         102   1.2911428363104411     
         101         102   1.2485956667190834     
         101         103   1.3538596113567034     
          82         104   1.1677447799861083     
         103         104   1.3540082678008973     
          81         105  0.52730199151203316     
          84         105   1.2914241115392335     
         104         105   1.2483325186627543     
          82         106  0.97236058327910835     
          83         107  0.97088114582594920     
          87         108  0.97088355330569376     
          88         109  0.97236321299330319     
          91         110  0.96356449731106164     
          93         111  0.97235957070779011     
          94         112  0.97086514286640802     
          99         113  0.97088532779972125     
         100         114  0.97236219599693507     
         103         115  0.96356617757534380     
