    0.56136464
   -0.05428112
   -0.05428078
    0.07021166
    0.01039917
    0.07023456
   -0.05425226
   -0.05428293
    0.06422727
   -0.21427105
   -0.06037112
    0.06543719
   -0.05342761
   -0.05514484
    0.07040549
   -0.21270740
   -0.05909414
    0.07040850
   -0.05514599
   -0.05342942
    0.06544309
   -0.21272748
   -0.06036422
    0.06421943
   -0.21422269
    0.03030492
    0.03276890
    0.03278322
    0.03028517
    0.04933932
    0.03069522
    0.03100752
    0.04732715
    0.03100513
    0.03069274
    0.04934635
    0.56132971
   -0.05427922
   -0.05428314
    0.07020200
    0.01038992
    0.07022436
   -0.05425905
   -0.05427965
    0.06424881
   -0.21429475
   -0.06039222
    0.06544357
   -0.05343050
   -0.05514417
    0.07040011
   -0.21270597
   -0.05909771
    0.07040305
   -0.05514887
   -0.05343465
    0.06544694
   -0.21272389
   -0.06038716
    0.06423633
   -0.21423734
    0.03030682
    0.03279487
    0.03280095
    0.03028605
    0.04932886
    0.03068997
    0.03100309
    0.04732183
    0.03100138
    0.03068810
    0.04933531
   -0.02254908
   -0.01120594
   -0.01099540
   -0.02276638
   -0.02261132
   -0.01105179
   -0.01104634
   -0.02260213
   -0.02271692
   -0.01096518
   -0.01117967
   -0.02249034
    0.56470340
   -0.05421583
   -0.05434865
    0.07056625
    0.01034970
    0.07058802
   -0.05431293
   -0.05421936
    0.06397748
   -0.21547877
   -0.05869850
    0.06394501
   -0.05420941
   -0.05434713
    0.07059977
   -0.21543779
    0.01028561
    0.07059594
   -0.05437794
   -0.05421544
    0.06394349
   -0.21542053
   -0.05868293
    0.06397093
   -0.21544508
    0.03024067
    0.03258385
    0.03259898
    0.03022324
    0.04989177
    0.03024458
    0.03259721
    0.03260566
    0.03025327
    0.04990524
    0.56469393
   -0.05421353
   -0.05434731
    0.07059038
    0.01027960
    0.07059078
   -0.05437524
   -0.05421526
    0.06394450
   -0.21542996
   -0.05870382
    0.06397619
   -0.05420668
   -0.05435104
    0.07054281
   -0.21543045
    0.01035181
    0.07058213
   -0.05431405
   -0.05422219
    0.06400749
   -0.21552235
   -0.05871805
    0.06395055
   -0.21542934
    0.03024573
    0.03259010
    0.03260894
    0.03025041
    0.04989625
    0.03025085
    0.03262425
    0.03262076
    0.03022787
    0.04988728
