           2           3   1.6440852796467780     
           3           4   1.1822908742254405     
           4           5   1.2566161004678442     
           5           6   1.2568709087116718     
           6           7   1.1823213230604772     
           7           8   1.6440290914776212     
           8           9   1.1710989075891247     
           1          10  0.65671438592437525     
           6          10   1.2571702147806969     
           9          10   1.2166470265258886     
           9          11   1.3610617369498066     
          11          12   1.3609236678674326     
          12          13   1.1627689109640582     
          13          14   1.6598374501301256     
          14          15   1.1639231832696058     
           1          16  0.65960407857366821     
          12          16   1.2265680273872093     
          15          16   1.2387851261341656     
          15          17   1.3578970923187135     
          17          18   1.3578966573999536     
          18          19   1.1639450920278189     
          19          20   1.6598013605032491     
          20          21   1.1627956501122712     
           1          22  0.65948364653495006     
          18          22   1.2387837239212312     
          21          22   1.2266291070160040     
          21          23   1.3608596933038299     
           2          24   1.1710641242355491     
          23          24   1.3611495875713833     
           1          25  0.65675678669996085     
           4          25   1.2572502432558275     
          24          25   1.2165595013938360     
           2          26  0.97225037608298759     
           3          27  0.97122756959349055     
           7          28  0.97123620739851457     
           8          29  0.97225225404637838     
          11          30  0.96294572671862499     
          13          31  0.97215090050950093     
          14          32  0.97241715642492965     
          17          33  0.96493015551444128     
          19          34  0.97241721909206591     
          20          35  0.97215141515275294     
          23          36  0.96294351638562015     
          38          39   1.6442486844006448     
          39          40   1.1821283167201395     
          40          41   1.2570517597480455     
          41          42   1.2572127605745689     
          42          43   1.1822057871094598     
          43          44   1.6441523410958758     
          44          45   1.1710497320760063     
          37          46  0.65668799793837074     
          42          46   1.2570356165218652     
          45          46   1.2167188324396785     
          45          47   1.3610684304550078     
          47          48   1.3609342085360945     
          48          49   1.1627410423020481     
          49          50   1.6598678274131671     
          50          51   1.1639141341758679     
          37          52  0.65960870613111833     
          48          52   1.2266152695641936     
          51          52   1.2387545088024463     
          51          53   1.3579407929473344     
          53          54   1.3579127428847926     
          54          55   1.1639799404277003     
          55          56   1.6597692384584031     
          56          57   1.1628163148285089     
          37          58  0.65957418642715060     
          54          58   1.2387312138952620     
          57          58   1.2266365303840483     
          57          59   1.3608490738500891     
          38          60   1.1709936471813829     
          59          60   1.3611798087289433     
          37          61  0.65684160754171661     
          40          61   1.2570781582284862     
          60          61   1.2166140034042048     
          38          62  0.97224839359827553     
          39          63  0.97121797748982919     
          43          64  0.97122900776717980     
          44          65  0.97225030300664961     
          47          66  0.96294783413310547     
          49          67  0.97215144755929894     
          50          68  0.97241621631513075     
          53          69  0.96492824552378798     
          55          70  0.97241707845239445     
          56          71  0.97215259875125748     
          59          72  0.96294452817984344     
           5          73   1.1821048403542243     
          73          74   2.4764015292359902     
          74          75   1.3008670633888995     
          73          76  0.20338909588408460     
          75          76   2.4748240387698162     
          77          78   2.4726460271147577     
          78          79   1.3026691521615761     
          77          80  0.20302486717681567     
          79          80   2.4727118142955549     
          81          82   2.4755001445556255     
          82          83   1.3000821421856030     
          41          84   1.1812920927016870     
          81          84  0.20319421969728668     
          83          84   2.4770754609166494     
          86          87   1.6431966300775362     
          87          88   1.1825890669665364     
          76          89   1.1842676479035035     
          88          89   1.2541064480003548     
          89          90   1.2543933189392411     
          90          91   1.1826264925592618     
          91          92   1.6431738519295560     
          92          93   1.1719765537235816     
          85          94  0.65170676963624585     
          90          94   1.2600607383158569     
          93          94   1.2153726470029182     
          93          95   1.3605815637247489     
          95          96   1.3607234977845293     
          96          97   1.1720589372440797     
          97          98   1.6430077288743095     
          98          99   1.1827736410153369     
          85         100  0.65185905740079886     
          96         100   1.2151534653365570     
          99         100   1.2602592986788181     
          77         101   1.1853524830403581     
          99         101   1.2538112974910935     
         101         102   1.2535903705913360     
         102         103   1.1828221663383474     
         103         104   1.6429711181456259     
         104         105   1.1720741553947134     
          85         106  0.65178187153492184     
         102         106   1.2603167724353546     
         105         106   1.2151434368671390     
         105         107   1.3607116354809048     
          86         108   1.1719947699808999     
         107         108   1.3606518436174606     
          85         109  0.65168105192479320     
          88         109   1.2601809981260781     
         108         109   1.2152689201567985     
          86         110  0.97224711544966835     
          87         111  0.97126153350942712     
          91         112  0.97126712554815464     
          92         113  0.97225115854782840     
          95         114  0.96269310037750822     
          97         115  0.97224757936605077     
          98         116  0.97127134916272029     
         103         117  0.97126177699255667     
         104         118  0.97224853269325529     
         107         119  0.96268648182277206     
         121         122   1.6430619895308642     
         122         123   1.1827809799600704     
          80         124   1.1852951225355302     
         123         124   1.2538176283839002     
         124         125   1.2536736186786994     
         125         126   1.1828311266597007     
         126         127   1.6429215060420601     
         127         128   1.1721395098949086     
         120         129  0.65196042439355173     
         125         129   1.2602410023864128     
         128         129   1.2150923592523366     
         128         130   1.3606769048220952     
         130         131   1.3607245706643598     
         131         132   1.1718454393271818     
         132         133   1.6434634757049951     
         133         134   1.1823487254799918     
         120         135  0.65185223885842536     
         131         135   1.2152908329264744     
         134         135   1.2599999532107184     
          81         136   1.1834536447486177     
         134         136   1.2545249878028562     
         136         137   1.2547539744576366     
         137         138   1.1825990244740776     
         138         139   1.6431796767086442     
         139         140   1.1720112453657574     
         120         141  0.65175476637675034     
         137         141   1.2598412351792299     
         140         141   1.2154399849815356     
         140         142   1.3605232860763774     
         121         143   1.1719797423788241     
         142         143   1.3607666053900136     
         120         144  0.65188605644086084     
         123         144   1.2601928987514990     
         143         144   1.2152055610659152     
         121         145  0.97224999935611400     
         122         146  0.97126943322591763     
         126         147  0.97126436704942465     
         127         148  0.97224832157966579     
         130         149  0.96268514650631010     
         132         150  0.97224323803909229     
         133         151  0.97125399454333716     
         138         152  0.97126184710781616     
         139         153  0.97225261157300646     
         142         154  0.96269479858369567     
