    0.24425590
   -0.05217041
   -0.05047392
    0.07655911
    0.01835393
    0.07655818
   -0.05046037
   -0.05216352
    0.07565462
   -0.17648903
   -0.05023372
    0.07675902
   -0.05114174
   -0.05129461
    0.07729189
   -0.17485398
   -0.05190273
    0.07730156
   -0.05130486
   -0.05114313
    0.07673835
   -0.17489440
   -0.05020392
    0.07564300
   -0.17646079
    0.03361959
    0.03498326
    0.03500863
    0.03360634
    0.04890364
    0.03399342
    0.03391905
    0.04823826
    0.03391443
    0.03398764
    0.04890903
   -0.02902741
   -0.02902758
    0.24424924
   -0.05215831
   -0.05046517
    0.07657048
    0.01834392
    0.07657390
   -0.05047427
   -0.05217544
    0.07564824
   -0.17647531
   -0.05023109
    0.07675032
   -0.05114655
   -0.05129320
    0.07729248
   -0.17486297
   -0.05189900
    0.07729632
   -0.05130252
   -0.05112796
    0.07674116
   -0.17487863
   -0.05020896
    0.07563982
   -0.17645922
    0.03361021
    0.03503760
    0.03496392
    0.03361746
    0.04891509
    0.03398921
    0.03391990
    0.04824156
    0.03391183
    0.03398424
    0.04890894
