           2           3   1.6516617572320493     
           3           4   1.1779642774600143     
           4           5   1.2599228834623426     
           5           6   1.2601236371927376     
           6           7   1.1779491139222324     
           7           8   1.6516932184454531     
           8           9   1.1704699458761347     
           1          10  0.48892563720387588     
           6          10   1.2832759394284572     
           9          10   1.2490948190185263     
           9          11   1.3562727804176087     
          11          12   1.3550013925273325     
          12          13   1.1624526014113075     
          13          14   1.6659774845326973     
          14          15   1.1618821182796015     
           1          16  0.49191001354119163     
          12          16   1.2606501795004657     
          15          16   1.2631389826478439     
          15          17   1.3543963941401513     
          17          18   1.3540347566189048     
          18          19   1.1620597890081836     
          19          20   1.6657131468845408     
          20          21   1.1626615189449849     
           1          22  0.49188320905824018     
          18          22   1.2633056828051563     
          21          22   1.2604642268203088     
          21          23   1.3549778136458117     
           2          24   1.1705063376270055     
          23          24   1.3563280646881353     
           1          25  0.48899004874299035     
           4          25   1.2833524614322778     
          24          25   1.2489945355150904     
           2          26  0.97241831836592907     
           3          27  0.96886082301511200     
           7          28  0.96914676838524216     
           8          29  0.97242074077910068     
          11          30  0.96396483048330406     
          13          31  0.97235832098973907     
          14          32  0.97237224022859547     
          17          33  0.96427988857999991     
          19          34  0.97237790118247946     
          20          35  0.97235732931324725     
          23          36  0.96395533199037386     
           5          37   1.1649930811686473     
          37          38   2.5829065784096770     
          40          41   1.6516811684842543     
          41          42   1.1779438667318824     
          38          43   1.1649752634731474     
          42          43   1.2600193707751595     
          43          44   1.2600326336774050     
          44          45   1.1778737656891107     
          45          46   1.6517603571173463     
          46          47   1.1704231142289050     
          39          48  0.48890704705069088     
          44          48   1.2833905496862257     
          47          48   1.2490005589580930     
          47          49   1.3564206394114162     
          49          50   1.3548850257180998     
          50          51   1.1625594591950907     
          51          52   1.6658380770238197     
          52          53   1.1619863295182498     
          39          54  0.49193851856194704     
          50          54   1.2606460703155535     
          53          54   1.2631103670245762     
          53          55   1.3543106550116948     
          55          56   1.3541372745278035     
          56          57   1.1619293069111789     
          57          58   1.6658526070802147     
          58          59   1.1626117775115574     
          39          60  0.49186420735011416     
          56          60   1.2633343028381847     
          59          60   1.2604743819204745     
          59          61   1.3549821951246575     
          40          62   1.1705068291684744     
          61          62   1.3563471698657255     
          39          63  0.48900453773695435     
          42          63   1.2833742736868707     
          62          63   1.2489606955165917     
          40          64  0.97241765847429684     
          41          65  0.96914207870892566     
          45          66  0.96887001081669599     
          46          67  0.97241896211906742     
          49          68  0.96395968128636622     
          51          69  0.97235636799421654     
          52          70  0.97237440655201590     
          55          71  0.96428115668622505     
          57          72  0.97237509611304007     
          58          73  0.97235328481459049     
          61          74  0.96395907315516183     
