    0.56244029
   -0.05458331
   -0.05437027
    0.06956811
    0.01161972
    0.06956705
   -0.05424467
   -0.05456033
    0.06405691
   -0.21389938
   -0.06070703
    0.06527044
   -0.05357144
   -0.05529135
    0.07023498
   -0.21282899
   -0.05935099
    0.07027349
   -0.05528517
   -0.05354438
    0.06525363
   -0.21288538
   -0.06068471
    0.06410633
   -0.21401727
    0.03037978
    0.03198818
    0.03186619
    0.03040485
    0.04924702
    0.03054905
    0.03085456
    0.04717131
    0.03086008
    0.03054657
    0.04926784
    0.56232182
   -0.05454981
   -0.05428681
    0.06954379
    0.01159696
    0.06950920
   -0.05443011
   -0.05454546
    0.06413189
   -0.21398843
   -0.06072999
    0.06525160
   -0.05355840
   -0.05527936
    0.07026017
   -0.21279508
   -0.05938643
    0.07027682
   -0.05527854
   -0.05355494
    0.06525973
   -0.21284141
   -0.06072987
    0.06416525
   -0.21403873
    0.03037624
    0.03204093
    0.03222070
    0.03039310
    0.04923574
    0.03055283
    0.03086107
    0.04716658
    0.03085799
    0.03054491
    0.04922890
   -0.03065347
   -0.03079478
   -0.03069413
   -0.03071719
   -0.03074272
   -0.03071890
   -0.03077108
   -0.03062004
    0.56737730
   -0.05452475
   -0.05445837
    0.06979499
    0.01145857
    0.06987760
   -0.05426886
   -0.05452353
    0.06373063
   -0.21527846
   -0.05923948
    0.06371858
   -0.05452832
   -0.05447088
    0.06989425
   -0.21525111
    0.01138431
    0.06987387
   -0.05443083
   -0.05451774
    0.06371831
   -0.21524433
   -0.05925230
    0.06372462
   -0.21514864
    0.03041518
    0.03188527
    0.03162061
    0.03037945
    0.04988560
    0.03039938
    0.03193491
    0.03184691
    0.03041352
    0.04990529
    0.56799188
   -0.05453066
   -0.05436794
    0.06988338
    0.01139946
    0.06981446
   -0.05453722
   -0.05453542
    0.06365346
   -0.21525884
   -0.05917204
    0.06361378
   -0.05455781
   -0.05444851
    0.06984403
   -0.21522622
    0.01143405
    0.06989255
   -0.05434070
   -0.05455543
    0.06363491
   -0.21529362
   -0.05918723
    0.06366213
   -0.21531649
    0.03040011
    0.03176293
    0.03193080
    0.03043457
    0.04995378
    0.03043559
    0.03172211
    0.03162926
    0.03040158
    0.04992708
    0.56738828
   -0.05454830
   -0.05440021
    0.06985662
    0.01142815
    0.06989530
   -0.05438920
   -0.05456843
    0.06369797
   -0.21523204
   -0.05926084
    0.06375101
   -0.05448461
   -0.05432014
    0.06986154
   -0.21527738
    0.01141060
    0.06978615
   -0.05448806
   -0.05450012
    0.06373656
   -0.21515917
   -0.05924943
    0.06369158
   -0.21523360
    0.03040457
    0.03166890
    0.03170575
    0.03039055
    0.04987862
    0.03038566
    0.03184370
    0.03202950
    0.03041297
    0.04989994
