           2           3   1.6444746450577490     
           3           4   1.1816107593265210     
           4           5   1.2619750623695960     
           5           6   1.2623690640940981     
           6           7   1.1814065377780423     
           7           8   1.6447628381718908     
           8           9   1.1706806179949558     
           1          10  0.65701338625126471     
           6          10   1.2560933883452055     
           9          10   1.2174097264832757     
           9          11   1.3608239312275379     
          11          12   1.3610731503589337     
          12          13   1.1627861678110838     
          13          14   1.6596812848509954     
          14          15   1.1640678004782625     
           1          16  0.65994401018640181     
          12          16   1.2266332437899299     
          15          16   1.2385318197637669     
          15          17   1.3579803093880469     
          17          18   1.3579730290015719     
          18          19   1.1638964232635363     
          19          20   1.6598385547671886     
          20          21   1.1627588139984013     
           1          22  0.65972511685724866     
          18          22   1.2388194856202006     
          21          22   1.2263663699066036     
          21          23   1.3614567774619608     
           2          24   1.1709036499438883     
          23          24   1.3604595898760561     
           1          25  0.65615397810791021     
           4          25   1.2563076334884413     
          24          25   1.2176991352791873     
           2          26  0.97225052619619201     
           3          27  0.96848545041621947     
           7          28  0.96867056384934280     
           8          29  0.97224408470697354     
          11          30  0.96296738755534128     
          13          31  0.97216745237894764     
          14          32  0.97242759778157040     
          17          33  0.96493971004176982     
          19          34  0.97242525502752009     
          20          35  0.97215900983830938     
          23          36  0.96296843359253026     
          38          39   1.6449347849596931     
          39          40   1.1812241695194525     
          40          41   1.2632913255850724     
          41          42   1.2629305660546954     
          42          43   1.1812142753382529     
          43          44   1.6448940697038028     
          44          45   1.1707313338549301     
          37          46  0.65654323657763636     
          42          46   1.2558414171379246     
          45          46   1.2177934046620815     
          45          47   1.3604829702484098     
          47          48   1.3615268041887230     
          48          49   1.1626048452527065     
          49          50   1.6599586492978791     
          50          51   1.1638578373135995     
          37          52  0.65998501779871710     
          48          52   1.2264294558467501     
          51          52   1.2387301093565208     
          51          53   1.3580302093204801     
          53          54   1.3579411510031643     
          54          55   1.1639161030792660     
          55          56   1.6598781087789880     
          56          57   1.1626799684072580     
          37          58  0.65983320892247832     
          54          58   1.2388123142904077     
          57          58   1.2263858541262569     
          57          59   1.3615585486773969     
          38          60   1.1706356451985482     
          59          60   1.3604045799166986     
          37          61  0.65621897227151804     
          40          61   1.2557688163170702     
          60          61   1.2180738744141770     
          38          62  0.97225001339396189     
          39          63  0.96949978428098738     
          43          64  0.96923786761917929     
          44          65  0.97224360098432139     
          47          66  0.96297365780667699     
          49          67  0.97216032637880179     
          50          68  0.97242396744692916     
          53          69  0.96495064030700228     
          55          70  0.97242558641175847     
          56          71  0.97216128742259245     
          59          72  0.96297868913759865     
           5          73   1.1688959528012011     
          73          74   2.5820256423512982     
          75          76   2.5785726591168130     
          77          78   2.5778132021248492     
          41          80   1.1669463373161730     
          79          80   2.5831169548288919     
          82          83   1.6439850567883687     
          83          84   1.1815818414407409     
          74          85   1.1702804657332864     
          84          85   1.2599245933974650     
          85          86   1.2602104418668088     
          86          87   1.1817039356950227     
          87          88   1.6438242091122957     
          88          89   1.1716668015064053     
          81          90  0.65221916366734256     
          86          90   1.2588099810738227     
          89          90   1.2160128710295479     
          89          91   1.3605477622246909     
          91          92   1.3607098414057710     
          92          93   1.1716578568827751     
          93          94   1.6437643982486096     
          94          95   1.1817671508686307     
          81          96  0.65200402402464219     
          92          96   1.2159213003924401     
          95          96   1.2592031051030648     
          75          97   1.1717398024581727     
          95          97   1.2592996587307257     
          97          98   1.2594427364574046     
          98          99   1.1816769173255457     
          99         100   1.6438799769667976     
         100         101   1.1715661792498402     
          81         102  0.65196883457453636     
          98         102   1.2591529583519716     
         101         102   1.2159585549300915     
         101         103   1.3607352016807426     
          82         104   1.1715762359981126     
         103         104   1.3605882822349873     
          81         105  0.65257326525724635     
          84         105   1.2587412557419690     
         104         105   1.2159172181574616     
          82         106  0.97223610091113699     
          83         107  0.96851758190684933     
          87         108  0.96873074804331250     
          88         109  0.97224123798923223     
          91         110  0.96270389391365696     
          93         111  0.97224452306309639     
          94         112  0.96870313248019901     
          99         113  0.96886645932274074     
         100         114  0.97224189805059047     
         103         115  0.96269995059284286     
         117         118   1.6437365661446854     
         118         119   1.1817569276177262     
          76         120   1.1718542408406911     
         119         120   1.2594375310023627     
         120         121   1.2590211981517068     
         121         122   1.1818366817116241     
         122         123   1.6436644966728857     
         123         124   1.1717346454748483     
         116         125  0.65217903243880282     
         121         125   1.2591079498771238     
         124         125   1.2157465650905097     
         124         126   1.3605737028779843     
         126         127   1.3607438994573817     
         127         128   1.1718290578482427     
         128         129   1.6434879500822515     
         129         130   1.1820059429799490     
         116         131  0.65235137220296568     
         127         131   1.2154821278223613     
         130         131   1.2594222148123533     
          77         132   1.1733098988136146     
         130         132   1.2583884533873384     
         132         133   1.2587463136711308     
         133         134   1.1820878347168535     
         134         135   1.6434136292583843     
         135         136   1.1718533846883623     
         116         137  0.65221735236798806     
         133         137   1.2592807626458626     
         136         137   1.2157006185764969     
         136         138   1.3605727052689924     
         117         139   1.1716979107953216     
         138         139   1.3606440091086047     
         116         140  0.65221573225701979     
         119         140   1.2591149278888769     
         139         140   1.2157795053845133     
         117         141  0.97224516985254983     
         118         142  0.96888125122659718     
         122         143  0.96871687307247434     
         123         144  0.97224272114003241     
         126         145  0.96267877104722643     
         128         146  0.97224260774798033     
         129         147  0.96788170878275492     
         134         148  0.96805204119135657     
         135         149  0.97224668310947993     
         138         150  0.96269359716145830     
         152         153   1.6435293557458461     
         153         154   1.1820013127451441     
          78         155   1.1732009763306406     
         154         155   1.2586089600266810     
         155         156   1.2588038888274151     
         156         157   1.1820806640901842     
         157         158   1.6434175463245628     
         158         159   1.1718529380273992     
         151         160  0.65220003341857846     
         156         160   1.2592087466730475     
         159         160   1.2159170624031694     
         159         161   1.3604496544497733     
         161         162   1.3608175048707425     
         162         163   1.1712962795222879     
         163         164   1.6444411172537015     
         164         165   1.1811686172035070     
         151         166  0.65234239570727914     
         162         166   1.2160343391185686     
         165         166   1.2585469654661154     
          79         167   1.1684225628825722     
         165         167   1.2611173577755053     
         167         168   1.2606789192866954     
         168         169   1.1811908995282847     
         169         170   1.6444075700969671     
         170         171   1.1713440493529936     
         151         172  0.65266408290877298     
         168         172   1.2585107457627633     
         171         172   1.2159468773856608     
         171         173   1.3607456526300734     
         152         174   1.1717733173910649     
         173         174   1.3605746243516501     
         151         175  0.65190138142481957     
         154         175   1.2593808090411074     
         174         175   1.2158935802186075     
         152         176  0.97224655878176169     
         153         177  0.96804188058018481     
         157         178  0.96787891842229778     
         158         179  0.97224976491498882     
         161         180  0.96270322546150378     
         163         181  0.97223892260127176     
         164         182  0.96956684006679683     
         169         183  0.96930044657286640     
         170         184  0.97223529816780796     
         173         185  0.96269782043399355     
