    0.56080358
   -0.05414021
   -0.05433630
    0.07040882
    0.00993036
    0.07046127
   -0.05425278
   -0.05415055
    0.06432787
   -0.21435474
   -0.06020943
    0.06554485
   -0.05336774
   -0.05506674
    0.07045689
   -0.21257917
   -0.05896818
    0.07045386
   -0.05506797
   -0.05336973
    0.06554708
   -0.21258364
   -0.06019883
    0.06431320
   -0.21430120
    0.03038671
    0.03295243
    0.03291933
    0.03035721
    0.04940650
    0.03079705
    0.03110332
    0.04744053
    0.03110287
    0.03079843
    0.04942139
    0.56078555
   -0.05414559
   -0.05428586
    0.07042631
    0.00992696
    0.07042930
   -0.05429506
   -0.05414440
    0.06433076
   -0.21434335
   -0.06021683
    0.06554894
   -0.05336933
   -0.05506729
    0.07045377
   -0.21257948
   -0.05897169
    0.07045252
   -0.05506638
   -0.05336825
    0.06555024
   -0.21258343
   -0.06021827
    0.06433006
   -0.21432744
    0.03037708
    0.03292147
    0.03293821
    0.03037381
    0.04940973
    0.03079747
    0.03110304
    0.04743829
    0.03110380
    0.03079708
    0.04940998
   -0.02096190
   -0.01197738
   -0.00363799
   -0.00384864
   -0.01177706
   -0.02117285
   -0.02112868
   -0.01176269
   -0.00381751
   -0.00360587
   -0.01196343
   -0.02091578
    0.56329271
   -0.05406842
   -0.05434019
    0.07079547
    0.00991738
    0.07079228
   -0.05433784
   -0.05406916
    0.06412917
   -0.21544998
   -0.05843842
    0.06413097
   -0.05406641
   -0.05434038
    0.07079062
   -0.21543408
    0.00991980
    0.07078670
   -0.05433200
   -0.05407003
    0.06413339
   -0.21545810
   -0.05844130
    0.06412255
   -0.21542553
    0.03031815
    0.03275776
    0.03275911
    0.03030932
    0.04992121
    0.03032180
    0.03275381
    0.03274939
    0.03031222
    0.04991972
