           2           3   1.6439440066205713     
           3           4   1.1824166703674635     
           4           5   1.2547739951512462     
           5           6   1.2552928464032922     
           6           7   1.1823875300217555     
           7           8   1.6439399816839471     
           8           9   1.1711156672417786     
           1          10  0.65664531977799345     
           6          10   1.2574130033361830     
           9          10   1.2164059294385372     
           9          11   1.3612808055045649     
          11          12   1.3608729871857450     
          12          13   1.1627421405771983     
          13          14   1.6599258981279346     
          14          15   1.1638483289362371     
           1          16  0.65971840572523399     
          12          16   1.2265825469863032     
          15          16   1.2387512181492255     
          15          17   1.3579090861358174     
          17          18   1.3579159997718819     
          18          19   1.1638566666589079     
          19          20   1.6599057284507965     
          20          21   1.1627584880686261     
           1          22  0.65967762492654258     
          18          22   1.2387308660369800     
          21          22   1.2266272677787666     
          21          23   1.3608247215091647     
           2          24   1.1711290416344819     
          23          24   1.3613540672960591     
           1          25  0.65659896119039918     
           4          25   1.2575271049228172     
          24          25   1.2162851825124177     
           2          26  0.97225207856388773     
           3          27  0.97116516323078816     
           7          28  0.97115946766603778     
           8          29  0.97225496658802391     
          11          30  0.96293717014940461     
          13          31  0.97214398642056543     
          14          32  0.97241158750573686     
          17          33  0.96491017499537057     
          19          34  0.97241237523818613     
          20          35  0.97214293847482425     
          23          36  0.96293147419529268     
          38          39   1.6440248137200615     
          39          40   1.1823296800880660     
          40          41   1.2552667220353242     
          41          42   1.2552258680955788     
          42          43   1.1823462793879804     
          43          44   1.6440030886012429     
          44          45   1.1710983163454738     
          37          46  0.65662082194061022     
          42          46   1.2573725741489636     
          45          46   1.2163889221624020     
          45          47   1.3613105469995028     
          47          48   1.3608725020338417     
          48          49   1.1627469697918700     
          49          50   1.6599196260369520     
          50          51   1.1638550341954879     
          37          52  0.65972777512809444     
          48          52   1.2265980245241903     
          51          52   1.2387298376963130     
          51          53   1.3579203435470375     
          53          54   1.3579424955255193     
          54          55   1.1638472058475560     
          55          56   1.6599324006090805     
          56          57   1.1627371617111806     
          37          58  0.65971247898302809     
          54          58   1.2387178976473974     
          57          58   1.2266174816997173     
          57          59   1.3608657144727405     
          38          60   1.1710852391234747     
          59          60   1.3613106291690924     
          37          61  0.65668209599946470     
          40          61   1.2573664432516265     
          60          61   1.2163878381576914     
          38          62  0.97225340123407378     
          39          63  0.97115650377193230     
          43          64  0.97116101663259635     
          44          65  0.97225319374215791     
          47          66  0.96293353983590702     
          49          67  0.97214319999553223     
          50          68  0.97241198162042597     
          53          69  0.96490957614204498     
          55          70  0.97241202377098468     
          56          71  0.97214306465671596     
          59          72  0.96293589803506618     
           5          73   1.1859589811988644     
          73          74   2.4469806941722871     
          74          75   1.3294281664772911     
          73          76  0.19346541114059795     
          75          76   2.3613055640295437     
          76          77   1.3301772464544026     
          75          78  0.19327871568856195     
          77          78   2.4445416315571595     
          79          80   2.4448919793408921     
          80          81   1.3297691496725721     
          79          82  0.19321919624775347     
          81          82   2.3617064022759053     
          82          83   1.3289970778473172     
          41          84   1.1855277578429626     
          81          84  0.19339842883848518     
          83          84   2.4473932817075457     
          86          87   1.6430631709068795     
          87          88   1.1827135503678550     
          78          89   1.1884978594781690     
          88          89   1.2523621874061939     
          89          90   1.2524166342092737     
          90          91   1.1827592854005160     
          91          92   1.6429907811867843     
          92          93   1.1721086802507863     
          85          94  0.65181706002485085     
          90          94   1.2603083246108777     
          93          94   1.2149740963378577     
          93          95   1.3608206577444890     
          95          96   1.3608758470135187     
          96          97   1.1720495319329458     
          97          98   1.6431095951774140     
          98          99   1.1826567720500345     
          85         100  0.65186287094519590     
          96         100   1.2149567429926389     
          99         100   1.2602776645077625     
          79         101   1.1881097363366602     
          99         101   1.2525237968616385     
         101         102   1.2526105415331488     
         102         103   1.1827238577608754     
         103         104   1.6430248420752032     
         104         105   1.1720925027551461     
          85         106  0.65184685812462440     
         102         106   1.2601948298872998     
         105         106   1.2150257543524694     
         105         107   1.3607682618871644     
          86         108   1.1720518532224367     
         107         108   1.3609306093040838     
          85         109  0.65190911566141385     
          88         109   1.2603392470376098     
         108         109   1.2149025081439624     
          86         110  0.97224782776061458     
          87         111  0.97118984440654610     
          91         112  0.97119976937012342     
          92         113  0.97224791408879452     
          95         114  0.96268667767944260     
          97         115  0.97224811466830152     
          98         116  0.97118695938457689     
         103         117  0.97119365371873911     
         104         118  0.97224852948330609     
         107         119  0.96268628113467114     
