   -0.29206605
   -0.05213888
   -0.05049004
    0.07362256
    0.02551359
    0.07365858
   -0.05045206
   -0.05213133
    0.07312550
   -0.04779210
   -0.04139899
    0.07429022
   -0.05123599
   -0.05129295
    0.07458849
   -0.04674229
   -0.04309998
    0.07458681
   -0.05129209
   -0.05123354
    0.07428437
   -0.04676748
   -0.04139463
    0.07311009
   -0.04772506
    0.03535073
    0.03714133
    0.03716372
    0.03531905
    0.04917090
    0.03585753
    0.03577899
    0.04857445
    0.03577768
    0.03585795
    0.04917669
   -0.29210848
   -0.05213326
   -0.05050212
    0.07359414
    0.02551065
    0.07364353
   -0.05044464
   -0.05213360
    0.07314203
   -0.04780080
   -0.04142678
    0.07429010
   -0.05123633
   -0.05129146
    0.07458714
   -0.04674204
   -0.04311328
    0.07458749
   -0.05129391
   -0.05123503
    0.07428853
   -0.04677101
   -0.04142023
    0.07312812
   -0.04774002
    0.03535727
    0.03717927
    0.03718080
    0.03532701
    0.04916010
    0.03585406
    0.03577526
    0.04856570
    0.03577326
    0.03585337
    0.04916781
   -0.02088337
   -0.00912558
   -0.00841471
   -0.02169321
   -0.02107479
   -0.00877606
   -0.00858154
   -0.02127819
   -0.02115361
   -0.00865382
   -0.00865926
   -0.02115745
   -0.02128271
   -0.00857706
   -0.00878550
   -0.02108433
   -0.02165140
   -0.00838137
   -0.00909853
   -0.02082807
   -0.28616738
   -0.05198484
   -0.05039620
    0.07391521
    0.02585933
    0.07395697
   -0.05035706
   -0.05198611
    0.07298788
   -0.04945281
   -0.03941408
    0.07292489
   -0.05193552
   -0.05046868
    0.07406110
   -0.04956849
    0.02549134
    0.07405230
   -0.05048182
   -0.05193581
    0.07291746
   -0.04956393
   -0.03940483
    0.07297535
   -0.04940016
    0.03545584
    0.03726275
    0.03729743
    0.03543666
    0.04981686
    0.03543677
    0.03712407
    0.03713276
    0.03543886
    0.04982553
   -0.28595114
   -0.05193201
   -0.05042703
    0.07404950
    0.02571816
    0.07404135
   -0.05043699
   -0.05192974
    0.07293151
   -0.04940954
   -0.03932736
    0.07291800
   -0.05191062
   -0.05046635
    0.07407221
   -0.04952948
    0.02562029
    0.07408678
   -0.05045436
   -0.05191165
    0.07292174
   -0.04951957
   -0.03932693
    0.07293556
   -0.04943159
    0.03551219
    0.03723948
    0.03723771
    0.03551352
    0.04990625
    0.03551560
    0.03720472
    0.03720012
    0.03550203
    0.04990252
   -0.28594753
   -0.05192081
   -0.05047704
    0.07406449
    0.02562169
    0.07409705
   -0.05044165
   -0.05190000
    0.07292423
   -0.04956116
   -0.03933124
    0.07293015
   -0.05193053
   -0.05042645
    0.07404031
   -0.04939542
    0.02572107
    0.07404676
   -0.05043596
   -0.05193422
    0.07294064
   -0.04944479
   -0.03932558
    0.07291590
   -0.04949653
    0.03552872
    0.03721741
    0.03719020
    0.03548806
    0.04990286
    0.03551203
    0.03724659
    0.03723362
    0.03551597
    0.04990534
   -0.28620257
   -0.05193431
   -0.05047883
    0.07405467
    0.02548748
    0.07405834
   -0.05046261
   -0.05193545
    0.07292761
   -0.04956890
   -0.03943184
    0.07299990
   -0.05197797
   -0.05038415
    0.07391401
   -0.04941911
    0.02586387
    0.07392218
   -0.05036512
   -0.05198308
    0.07300582
   -0.04945228
   -0.03943666
    0.07292804
   -0.04956093
    0.03544034
    0.03713094
    0.03713124
    0.03543960
    0.04981703
    0.03545585
    0.03730481
    0.03732232
    0.03545617
    0.04981502
