           2           3   1.6457619950939912     
           3           4   1.1782005642661073     
           4           5   1.2525808674323762     
           5           6   1.2528673617422870     
           6           7   1.1782445132492427     
           7           8   1.6457258379543200     
           8           9   1.1695357533553412     
           1          10  0.75258351077777497     
           6          10   1.2619491985240536     
           9          10   1.2268015557774743     
           9          11   1.3556635235182448     
          11          12   1.3530940849598292     
          12          13   1.1612546795757281     
          13          14   1.6610130043341864     
          14          15   1.1605570881473350     
           1          16  0.75118715279384496     
          12          16   1.2395335033349246     
          15          16   1.2421951159484657     
          15          17   1.3529900499813765     
          17          18   1.3529624408844958     
          18          19   1.1605557076668966     
          19          20   1.6610023498449706     
          20          21   1.1612703161425701     
           1          22  0.75110105304666930     
          18          22   1.2422369426123585     
          21          22   1.2395551252003880     
          21          23   1.3530785999682260     
           2          24   1.1695515753388781     
          23          24   1.3556997601565794     
           1          25  0.75264581470883318     
           4          25   1.2620422077352977     
          24          25   1.2267032126362432     
           2          26  0.97179115524506154     
           3          27  0.97002266094276735     
           7          28  0.97002311479742942     
           8          29  0.97178850560551500     
          11          30  0.96376934132101599     
          13          31  0.97168381865951980     
          14          32  0.97171045249806820     
          17          33  0.96408108368827994     
          19          34  0.97171137252147854     
          20          35  0.97168399050661369     
          23          36  0.96376894583235484     
          38          39   1.6458710330528712     
          39          40   1.1781124684529103     
          40          41   1.2529568657541252     
          41          42   1.2532640813999345     
          42          43   1.1781474756977688     
          43          44   1.6458340551595088     
          44          45   1.1694950252074214     
          37          46  0.75264545255400517     
          42          46   1.2617386029616571     
          45          46   1.2268969285959694     
          45          47   1.3556120069551980     
          47          48   1.3531577209175842     
          48          49   1.1612242087967473     
          49          50   1.6610614083387105     
          50          51   1.1605308856829804     
          37          52  0.75123091475837922     
          48          52   1.2395258375896199     
          51          52   1.2421709943416910     
          51          53   1.3530324549424955     
          53          54   1.3529719253516488     
          54          55   1.1605508019931194     
          55          56   1.6610347121445677     
          56          57   1.1612407641791846     
          37          58  0.75113697038065874     
          54          58   1.2422329968743033     
          57          58   1.2395301135269921     
          57          59   1.3531570589348474     
          38          60   1.1695052617468975     
          59          60   1.3556153213480635     
          37          61  0.75265877103437018     
          40          61   1.2617920184896110     
          60          61   1.2268442975367511     
          38          62  0.97178926302586277     
          39          63  0.97001666039616663     
          43          64  0.97001268760347625     
          44          65  0.97178886752369398     
          47          66  0.96377008368673867     
          49          67  0.97168435622267046     
          50          68  0.97171026717669240     
          53          69  0.96408062143264672     
          55          70  0.97171184078694894     
          56          71  0.97168520662923619     
          59          72  0.96377004582355696     
           5          73   1.1796850500188629     
          73          74   2.4759109555950412     
          74          75   1.3016832174386668     
          73          76  0.20375420090566237     
          75          76   2.4743177609597238     
          77          78   2.4714794572600840     
          78          79   1.3040839982081924     
          77          80  0.20347525552471152     
          79          80   2.4714058037901032     
          81          82   2.4711198145767677     
          82          83   1.3043599448428340     
          81          84  0.20351525984661412     
          83          84   2.4710933389921945     
          85          86   2.4714432806621764     
          86          87   1.3040713058808295     
          85          88  0.20348870390792712     
          87          88   2.4715040811942530     
          89          90   2.4750138727890660     
          90          91   1.3009057223790206     
          41          92   1.1788801265805382     
          89          92  0.20355045515140724     
          91          92   2.4766164659223557     
          94          95   1.6439883681742384     
          95          96   1.1790615625057108     
          76          97   1.1819229790748609     
          96          97   1.2502197445897401     
          97          98   1.2505784155766348     
          98          99   1.1790788599012139     
          99         100   1.6439723317405510     
         100         101   1.1710761919361834     
          93         102  0.74893195702936743     
          98         102   1.2642536239895572     
         101         102   1.2256223272158446     
         101         103   1.3540715761625257     
         103         104   1.3550783522714462     
         104         105   1.1708625433929425     
         105         106   1.6441941074395381     
         106         107   1.1788955165910975     
          93         108  0.74869779456370178     
         104         108   1.2250244913445163     
         107         108   1.2649939291049339     
          77         109   1.1832871599470038     
         107         109   1.2497296066794106     
         109         110   1.2496602120233096     
         110         111   1.1789010877224111     
         111         112   1.6441794755591415     
         112         113   1.1708835168575944     
          93         114  0.74867383693711875     
         110         114   1.2650231065222424     
         113         114   1.2250178717585376     
         113         115   1.3550628589875178     
          94         116   1.1710961774682271     
         115         116   1.3541079755689269     
          93         117  0.74892942254419481     
          96         117   1.2643735773618516     
         116         117   1.2255409603431384     
          94         118  0.97176818130948117     
          95         119  0.97002656409014432     
          99         120  0.97002412441619235     
         100         121  0.97177032891117121     
         103         122  0.96347613657507414     
         105         123  0.97177417587992565     
         106         124  0.97003216940586245     
         111         125  0.97003456215033079     
         112         126  0.97177383611876733     
         115         127  0.96347391894359902     
         129         130   1.6439138704636249     
         130         131   1.1790541307095215     
          80         132   1.1834133881211064     
         131         132   1.2496405290856600     
         132         133   1.2495793734984859     
         133         134   1.1790503480272503     
         134         135   1.6439174294114056     
         135         136   1.1711258226060257     
         128         137  0.74887074030743672     
         133         137   1.2648794362249476     
         136         137   1.2251441901121627     
         136         138   1.3545028482492025     
         138         139   1.3547782333658940     
         139         140   1.1710356137476063     
         140         141   1.6440548617903645     
         141         142   1.1789171574033288     
         128         143  0.74856778973217031     
         139         143   1.2250605426794614     
         142         143   1.2651174981935285     
          81         144   1.1835363913372570     
         142         144   1.2494942821019848     
         144         145   1.2495956141059943     
         145         146   1.1789531172068619     
         146         147   1.6440218241262512     
         147         148   1.1710375496127343     
         128         149  0.74866055428501432     
         145         149   1.2650373548094143     
         148         149   1.2250517755294343     
         148         150   1.3547733369070589     
         129         151   1.1711195672036465     
         150         151   1.3545082775269639     
         128         152  0.74883899888638084     
         131         152   1.2648791875180834     
         151         152   1.2251680391428459     
         129         153  0.97176756606903070     
         130         154  0.97002727401957367     
         134         155  0.97002427006454384     
         135         156  0.97176475001665275     
         138         157  0.96347039381596400     
         140         158  0.97176895037104583     
         141         159  0.97003107111982290     
         146         160  0.97002206976561589     
         147         161  0.97176840599994430     
         150         162  0.96346921475644387     
         164         165   1.6440442274815901     
         165         166   1.1789489324022120     
          84         167   1.1835457013633539     
         166         167   1.2494734514201291     
         167         168   1.2496158923594209     
         168         169   1.1789162598263443     
         169         170   1.6440504818950048     
         170         171   1.1710213348618468     
         163         172  0.74855618915212518     
         168         172   1.2651027630034863     
         171         172   1.2250517284835531     
         171         173   1.3548203514369173     
         173         174   1.3544884183849599     
         174         175   1.1710933298396042     
         175         176   1.6439664982625859     
         176         177   1.1790078954843723     
         163         178  0.74890391929062339     
         174         178   1.2251597449235518     
         177         178   1.2648641409822761     
          85         179   1.1833878568447846     
         177         179   1.2496509993763079     
         179         180   1.2496001335059721     
         180         181   1.1790979085057742     
         181         182   1.6438686126974873     
         182         183   1.1711557327797406     
         163         184  0.74882458223813497     
         180         184   1.2648665646384827     
         183         184   1.2251658615115979     
         183         185   1.3545060046910948     
         164         186   1.1710377797410916     
         185         186   1.3547497186658055     
         163         187  0.74866261899687958     
         166         187   1.2650514984364167     
         186         187   1.2250627172186239     
         164         188  0.97177771288437709     
         165         189  0.97002934842161903     
         169         190  0.97002308545088500     
         170         191  0.97175951006370398     
         173         192  0.96346865406120596     
         175         193  0.97176287475021161     
         176         194  0.97002254638251650     
         181         195  0.97002994730335501     
         182         196  0.97177005157407470     
         185         197  0.96347037514585099     
         199         200   1.6442383928368527     
         200         201   1.1788852718831497     
          88         202   1.1832602913935308     
         201         202   1.2497021428360857     
         202         203   1.2497642083750267     
         203         204   1.1788580507888327     
         204         205   1.6442376705658241     
         205         206   1.1708410787828860     
         198         207  0.74871994861062696     
         203         207   1.2649899087898073     
         206         207   1.2250128168027099     
         206         208   1.3551309468522128     
         208         209   1.3540303382658894     
         209         210   1.1710338383385046     
         210         211   1.6440895294218651     
         211         212   1.1789818147555460     
         198         213  0.74898568153237943     
         209         213   1.2256743990602634     
         212         213   1.2640901267327505     
          89         214   1.1811252145132534     
         212         214   1.2507039186692588     
         214         215   1.2508547936657208     
         215         216   1.1789699449333630     
         216         217   1.6440919347342513     
         217         218   1.1710322786054150     
         198         219  0.74894863538275069     
         215         219   1.2640685870098924     
         218         219   1.2257193317408979     
         218         220   1.3540165787933538     
         199         221   1.1708253803774129     
         220         221   1.3551270773173578     
         198         222  0.74872730067236926     
         201         222   1.2649655361153900     
         221         222   1.2250181259192552     
         199         223  0.97177465895960291     
         200         224  0.97003114950057745     
         204         225  0.97003738319704869     
         205         226  0.97177415155782931     
         208         227  0.96347478443204915     
         210         228  0.97176525081841325     
         211         229  0.97001247500732646     
         216         230  0.97002111196279395     
         217         231  0.97176934903054812     
         220         232  0.96347647778723677     
