   -0.05477581
   -0.05310090
    0.08707017
    0.01178703
    0.06416544
   -0.04981117
   -0.05178087
    0.06426158
   -0.08104584
   -0.05492908
    0.08680490
   -0.05372844
   -0.05377786
    0.08649138
   -0.32084918
   -0.05667589
    0.06503673
   -0.05106036
   -0.05086716
    0.06565092
   -0.08088489
   -0.05493119
    0.08550216
   -0.32472779
    0.01857007
    0.02067928
    0.04325627
    0.04145143
    0.21409102
    0.04702242
    0.01951170
    0.01953591
    0.04621318
    0.04195695
    0.04190288
    0.21438455
    0.04704577
   -0.05476885
   -0.05308174
    0.08710627
    0.01179519
    0.06416055
   -0.04982959
   -0.05177477
    0.06424617
   -0.08099924
   -0.05490782
    0.08679434
   -0.05372936
   -0.05377998
    0.08650023
   -0.32085585
   -0.05666864
    0.06504396
   -0.05106397
   -0.05087042
    0.06563621
   -0.08085053
   -0.05490562
    0.08548801
   -0.32473569
    0.01856812
    0.02066428
    0.04325008
    0.04146458
    0.21408570
    0.04703162
    0.01951702
    0.01953675
    0.04622594
    0.04196045
    0.04190510
    0.21436467
    0.04703827
   -0.02168739
   -0.01136563
   -0.01047486
   -0.02252779
   -0.02188288
   -0.01071286
   -0.01053664
   -0.02201349
   -0.02201707
   -0.01055278
   -0.01072299
   -0.02186626
   -0.02254335
   -0.01050452
   -0.01138875
   -0.02171862
   -0.05455194
   -0.05296036
    0.08688409
    0.01229199
    0.06360324
   -0.05008030
   -0.05182639
    0.06400208
   -0.08114199
   -0.05270876
    0.08515795
   -0.05453248
   -0.05303148
    0.08700504
   -0.32395435
    0.01187556
    0.06370895
   -0.05017205
   -0.05177733
    0.06392535
   -0.08121253
   -0.05264311
    0.08519486
   -0.32388965
    0.01872417
    0.02075967
    0.04302200
    0.04130472
    0.21437001
    0.04778343
    0.01873985
    0.02066748
    0.04293239
    0.04130250
    0.21435075
    0.04779529
   -0.05453156
   -0.05301127
    0.08692871
    0.01205437
    0.06361123
   -0.05014071
   -0.05180451
    0.06400321
   -0.08127902
   -0.05255762
    0.08515733
   -0.05452715
   -0.05297798
    0.08692991
   -0.32376214
    0.01206072
    0.06358351
   -0.05016471
   -0.05180390
    0.06401828
   -0.08126178
   -0.05254824
    0.08515795
   -0.32373651
    0.01878208
    0.02069997
    0.04295879
    0.04130967
    0.21449864
    0.04787835
    0.01877053
    0.02068041
    0.04297233
    0.04132143
    0.21452316
    0.04789007
   -0.05452829
   -0.05301463
    0.08702369
    0.01187708
    0.06370603
   -0.05019796
   -0.05177812
    0.06390748
   -0.08116789
   -0.05262143
    0.08517565
   -0.05455260
   -0.05295511
    0.08689541
   -0.32389268
    0.01229081
    0.06360029
   -0.05009061
   -0.05182644
    0.06399647
   -0.08112105
   -0.05269521
    0.08515213
   -0.32396212
    0.01873195
    0.02065005
    0.04294790
    0.04131173
    0.21434721
    0.04780204
    0.01871959
    0.02071725
    0.04302360
    0.04130191
    0.21435438
    0.04777847
