           1           2   1.7165565218412575     
           2           3   1.1214560754283538     
           3           4   1.2430021314949531     
           4           5   1.2481232268376869     
           5           6   1.2373060487924181     
           6           7   1.5922761679073298     
           7           8   1.2241706166413580     
           5           9   1.2259953041350777     
           8           9   1.2019422826042034     
           8          10   1.3442958705334180     
          10          11   1.3572007360016307     
          11          12   1.1067772115369434     
          12          13   1.7309910295422446     
          13          14   1.1088208338616661     
          11          15   1.3240374705186793     
          14          15   1.3252047589454334     
          14          16   1.3538180425364825     
          16          17   1.3464483492435846     
          17          18   1.2157611268248316     
          18          19   1.6078987435123540     
          19          20   1.2154296245828091     
          17          21   1.2098110561115281     
          20          21   1.2112340834816790     
          20          22   1.3415944919777711     
           1          23   1.1149683027348352     
          22          23   1.3670313043741078     
           3          24   1.3624611174423351     
          23          24   1.2984436798648624     
           1          25  0.97278325997546544     
           2          26  0.97150072095337536     
           6          27  0.97187489158909945     
           7          28  0.97292272239354227     
           9          29  0.90006052939404735     
          10          30  0.96370901016419463     
          12          31  0.97274161907255130     
          13          32  0.97278992578788792     
          16          33  0.96471163089752487     
          18          34  0.97289413813339187     
          19          35  0.97282642763734661     
          21          36  0.90039053424207516     
          22          37  0.96354442125872464     
          38          39   1.7165012189601900     
          39          40   1.1214397248422283     
          40          41   1.2428139847345081     
          41          42   1.2477529379420598     
          42          43   1.2373817152255928     
          43          44   1.5921670752311909     
          44          45   1.2242496261799038     
          42          46   1.2261505136583457     
          45          46   1.2018427375279583     
          45          47   1.3442974953898312     
          47          48   1.3571768873945671     
          48          49   1.1068266030978018     
          49          50   1.7309591176446395     
          50          51   1.1088106874807087     
          48          52   1.3240093789471135     
          51          52   1.3252137032574327     
          51          53   1.3538246278651027     
          53          54   1.3464023544075518     
          54          55   1.2157888192683053     
          55          56   1.6078236171137372     
          56          57   1.2155123885218604     
          54          58   1.2098173425977048     
          57          58   1.2112266831993947     
          57          59   1.3414792530392514     
          38          60   1.1150260582327247     
          59          60   1.3671683065701181     
          40          61   1.3627458573061391     
          60          61   1.2982257195416118     
          38          62  0.97278408724705334     
          39          63  0.97151529676604365     
          43          64  0.97186589143539148     
          44          65  0.97292186718511464     
          46          66  0.90010472337761938     
          47          67  0.96371954578714103     
          49          68  0.97274224817044652     
          50          69  0.97278959852859781     
          53          70  0.96470255745165179     
          55          71  0.97289363965898379     
          56          72  0.97282643158526205     
          58          73  0.90044165854500080     
          59          74  0.96355464839566252     
           4          75   1.1917438447030189     
          75          76   2.4609698163330584     
          76          77   1.3107252957833735     
          75          78  0.20155656978219583     
          77          78   2.4585866756270214     
          79          80   2.4540357982775829     
          80          81   1.3146579570945542     
          79          82  0.20106898127572723     
          81          82   2.4538774258859672     
          83          84   2.4538707763038916     
          84          85   1.3146712503606415     
          83          86  0.20106588559497260     
          85          86   2.4540531670736709     
          87          88   2.4580744854877321     
          88          89   1.3112884798400801     
          41          90   1.1922823980368054     
          87          90  0.20167080050688119     
          89          90   2.4604288153946374     
          91          92   1.7155317223022153     
          92          93   1.1234562903492957     
          78          94   1.1956349860459958     
          93          94   1.2413472199672819     
          94          95   1.2434677482047787     
          95          96   1.2416368744659749     
          96          97   1.5868593940303786     
          97          98   1.2284648031188370     
          95          99   1.2264602658454240     
          98          99   1.2034228256897501     
          98         100   1.3347199023517020     
         100         101   1.3726819082982726     
         101         102   1.1149780475214952     
         102         103   1.7156489395863705     
         103         104   1.1232732951648410     
         101         105   1.2936891340657377     
         104         105   1.3644020119748479     
          79         106   1.1981786768220086     
         104         106   1.2396084027187064     
         106         107   1.2426193239149499     
         107         108   1.2416871729964130     
         108         109   1.5868714981140921     
         109         110   1.2283058564502516     
         107         111   1.2270690574187766     
         110         111   1.2027603937382672     
         110         112   1.3357946211890810     
          91         113   1.1150520537738937     
         112         113   1.3713088854101692     
          93         114   1.3627690706735669     
         113         114   1.2950565619772922     
          91         115  0.97276878022160240     
          92         116  0.97162494543558919     
          96         117  0.97203877329450883     
          97         118  0.97292336353970754     
          99         119  0.89789348532238578     
         100         120  0.96300833656070872     
         102         121  0.97276581950494045     
         103         122  0.97163071148576874     
         108         123  0.97205022246409190     
         109         124  0.97292264606208323     
         111         125  0.89787142081133087     
         112         126  0.96300836161786441     
         127         128   1.7153294484588981     
         128         129   1.1236402332359527     
          82         130   1.1985305380779738     
         129         130   1.2395182969875580     
         130         131   1.2423345582478738     
         131         132   1.2420758584025211     
         132         133   1.5864989906794247     
         133         134   1.2284893459589357     
         131         135   1.2269973613874221     
         134         135   1.2032245597125024     
         134         136   1.3349392053591842     
         136         137   1.3723327002559671     
         137         138   1.1151126306766481     
         138         139   1.7152948255772857     
         139         140   1.1237010488089225     
         137         141   1.2939035646478141     
         140         141   1.3639580503204392     
          83         142   1.1985224883480672     
         140         142   1.2396758347494787     
         142         143   1.2422063240314949     
         143         144   1.2420656258651759     
         144         145   1.5865149728459533     
         145         146   1.2284782586350935     
         143         147   1.2270364010820030     
         146         147   1.2032226386444651     
         146         148   1.3349290996469749     
         127         149   1.1151233221451691     
         148         149   1.3723975172195650     
         129         150   1.3640868286764591     
         149         150   1.2938001366284726     
         127         151  0.97276405451389225     
         128         152  0.97164436625910755     
         132         153  0.97206892469769446     
         133         154  0.97292087926119653     
         135         155  0.89736673128253142     
         136         156  0.96295891761281460     
         138         157  0.97276611726278683     
         139         158  0.97164980443403381     
         144         159  0.97206277323268009     
         145         160  0.97291834669920041     
         147         161  0.89732496437955833     
         148         162  0.96295487213264741     
         163         164   1.7156599684703189     
         164         165   1.1232457342724227     
          86         166   1.1981823607697326     
         165         166   1.2397565252677238     
         166         167   1.2424335402658180     
         167         168   1.2417058097231812     
         168         169   1.5868265608724830     
         169         170   1.2283708227503520     
         167         171   1.2271489189915619     
         170         171   1.2026948342025277     
         170         172   1.3357629347633704     
         172         173   1.3713969398381760     
         173         174   1.1151061276568042     
         174         175   1.7154661265669775     
         175         176   1.1234940681924783     
         173         177   1.2948955501152313     
         176         177   1.3629938747106953     
          87         178   1.1961662477370634     
         176         178   1.2410444229727295     
         178         179   1.2433158220252993     
         179         180   1.2416984111306253     
         180         181   1.5867761876218651     
         181         182   1.2285313534202409     
         179         183   1.2265397482771507     
         182         183   1.2033700789893631     
         182         184   1.3346988218485822     
         163         185   1.1149815335361013     
         184         185   1.3726834361719467     
         165         186   1.3643927859174823     
         185         186   1.2937070386514977     
         163         187  0.97276576264271586     
         164         188  0.97163514064507084     
         168         189  0.97204219047007723     
         169         190  0.97292228941667813     
         171         191  0.89792184136823516     
         172         192  0.96300952857882494     
         174         193  0.97276874567745009     
         175         194  0.97162789419865980     
         180         195  0.97203678062143994     
         181         196  0.97292493616073861     
         183         197  0.89794069326441783     
         184         198  0.96301304328100001     
