   -0.05478914
   -0.05304308
    0.08698994
    0.01178368
    0.06401975
   -0.04983376
   -0.05179226
    0.06435632
   -0.08116031
   -0.05493034
    0.08682815
   -0.05374254
   -0.05377726
    0.08640847
   -0.32080517
   -0.05670582
    0.06493185
   -0.05105819
   -0.05088393
    0.06573714
   -0.08103034
   -0.05494342
    0.08553221
   -0.32469152
    0.01851900
    0.02063751
    0.04323077
    0.04141870
    0.21418480
    0.04703008
    0.01947989
    0.01952175
    0.04615895
    0.04192390
    0.04185046
    0.21448402
    0.04703903
   -0.05478652
   -0.05303772
    0.08704806
    0.01180682
    0.06406319
   -0.04984701
   -0.05179492
    0.06429908
   -0.08104519
   -0.05491075
    0.08679788
   -0.05373963
   -0.05378374
    0.08645228
   -0.32084284
   -0.05669538
    0.06499530
   -0.05106262
   -0.05087834
    0.06567273
   -0.08095788
   -0.05493264
    0.08550591
   -0.32473738
    0.01851932
    0.02063374
    0.04323433
    0.04143945
    0.21413486
    0.04702936
    0.01948634
    0.01951601
    0.04617850
    0.04192996
    0.04186550
    0.21440705
    0.04702546
   -0.02174947
   -0.01133044
   -0.01049974
   -0.02253676
   -0.02202454
   -0.01065766
   -0.01065971
   -0.02201310
   -0.02254842
   -0.01052532
   -0.01135901
   -0.02176578
   -0.05457289
   -0.05290406
    0.08675742
    0.01221090
    0.06346455
   -0.05011965
   -0.05184205
    0.06409618
   -0.08143905
   -0.05272992
    0.08518649
   -0.05455359
   -0.05298250
    0.08684749
   -0.32384623
    0.01189892
    0.06355789
   -0.05017319
   -0.05179889
    0.06403407
   -0.08148098
   -0.05269429
    0.08521628
   -0.32380021
    0.01865430
    0.02067396
    0.04294898
    0.04122577
    0.21457378
    0.04777566
    0.01867686
    0.02062477
    0.04287723
    0.04122125
    0.21454317
    0.04777893
   -0.05455222
   -0.05300170
    0.08687318
    0.01190037
    0.06360980
   -0.05017918
   -0.05179914
    0.06398775
   -0.08139354
   -0.05267651
    0.08519253
   -0.05457414
   -0.05291959
    0.08678757
   -0.32383396
    0.01221305
    0.06350287
   -0.05011504
   -0.05184050
    0.06405200
   -0.08136019
   -0.05271750
    0.08517792
   -0.32387295
    0.01868408
    0.02062095
    0.04289639
    0.04122508
    0.21447890
    0.04777185
    0.01865552
    0.02063818
    0.04295427
    0.04122853
    0.21451457
    0.04776555
