           1           2   1.7163898824988388     
           2           3   1.1217396508889923     
           3           4   1.2432589533789060     
           4           5   1.2478642885202449     
           5           6   1.2374818754031480     
           6           7   1.5923055226757203     
           7           8   1.2239516582703924     
           5           9   1.2259250432935396     
           8           9   1.2021332916623302     
           8          10   1.3443078756240350     
          10          11   1.3571627532711370     
          11          12   1.1067380701985892     
          12          13   1.7308901005734529     
          13          14   1.1090169307114106     
          11          15   1.3241181381819402     
          14          15   1.3250037203474752     
          14          16   1.3538285569137334     
          16          17   1.3464277120678616     
          17          18   1.2158679903373419     
          18          19   1.6080124604717287     
          19          20   1.2151338967417729     
          17          21   1.2097343926702684     
          20          21   1.2114333697604360     
          20          22   1.3417072644154078     
           1          23   1.1149413785326066     
          22          23   1.3668107820778426     
           3          24   1.3620875626197131     
          23          24   1.2987124232835034     
           1          25  0.97278428251536164     
           2          26  0.97152861819172609     
           6          27  0.97189252954122252     
           7          28  0.97291846281268757     
           9          29  0.89967305034397216     
          10          30  0.96365642513409056     
          12          31  0.97273982362937972     
          13          32  0.97279284555838030     
          16          33  0.96476706903418608     
          18          34  0.97289796140446094     
          19          35  0.97282669839240188     
          21          36  0.89999633534665002     
          22          37  0.96349995173564507     
          38          39   1.7163723536722566     
          39          40   1.1216814639115977     
          40          41   1.2431990991378756     
          41          42   1.2475553958898151     
          42          43   1.2375149067139639     
          43          44   1.5921768233026476     
          44          45   1.2241356268637245     
          42          46   1.2260941911986958     
          45          46   1.2019902537050897     
          45          47   1.3442536615395313     
          47          48   1.3572116082656991     
          48          49   1.1068097275980406     
          49          50   1.7308877759203458     
          50          51   1.1089342297903115     
          48          52   1.3240063169231284     
          51          52   1.3251470902672764     
          51          53   1.3537719935537775     
          53          54   1.3464491081759735     
          54          55   1.2158213691264979     
          55          56   1.6079266968827062     
          56          57   1.2153161244675748     
          54          58   1.2097640711406559     
          57          58   1.2112767786406449     
          57          59   1.3416640798258563     
          38          60   1.1149980357770279     
          59          60   1.3668745530213879     
          40          61   1.3622560777911361     
          60          61   1.2986037127543850     
          38          62  0.97278669565969722     
          39          63  0.97153346322881229     
          43          64  0.97186993222694384     
          44          65  0.97292197606251063     
          46          66  0.89989538624946419     
          47          67  0.96369089912731354     
          49          68  0.97274192001868509     
          50          69  0.97279093295577612     
          53          70  0.96473424739868952     
          55          71  0.97289638548452340     
          56          72  0.97282864963107296     
          58          73  0.90025467570515760     
          59          74  0.96352986829416942     
           4          75   1.1918125707266605     
          75          76   2.4611160305775259     
          76          77   1.3106087088816532     
          75          78  0.20150808199117959     
          77          78   2.4587369303339233     
          79          80   2.4546268677060961     
          80          81   1.3141422142259078     
          79          82  0.20101763901131531     
          81          82   2.4546357781641301     
          83          84   2.4582809703618609     
          84          85   1.3111028331558217     
          41          86   1.1921738660260464     
          83          86  0.20162806362609098     
          85          86   2.4607153215857513     
          87          88   1.7153295915837163     
          88          89   1.1238723496135465     
          78          90   1.1957023648725238     
          89          90   1.2416298231632175     
          90          91   1.2432046195535964     
          91          92   1.2417331889910270     
          92          93   1.5870446362948942     
          93          94   1.2280519452481222     
          91          95   1.2265042998161897     
          94          95   1.2036280331811169     
          94          96   1.3349842717277740     
          96          97   1.3722315549739568     
          97          98   1.1149789011671425     
          98          99   1.7153447159575754     
          99         100   1.1237655874104004     
          97         101   1.2941840144656909     
         100         101   1.3636439084232006     
          79         102   1.1980248777758518     
         100         102   1.2399257428979154     
         102         103   1.2425666438081122     
         103         104   1.2417550243994979     
         104         105   1.5870718472557004     
         105         106   1.2279182285053052     
         103         107   1.2270125033328561     
         106         107   1.2030915627483771     
         106         108   1.3358546105731257     
          87         109   1.1149653478116703     
         108         109   1.3710577898224876     
          89         110   1.3621559151279312     
         109         110   1.2954461226125085     
          87         111  0.97277021655320139     
          88         112  0.97165528559740211     
          92         113  0.97206336283336281     
          93         114  0.97292461164475152     
          95         115  0.89704106783335169     
          96         116  0.96295115785314411     
          98         117  0.97276693928410962     
          99         118  0.97165435684164558     
         104         119  0.97207514361991243     
         105         120  0.97292335462410273     
         107         121  0.89704573613575700     
         108         122  0.96295937822163757     
         123         124   1.7154042590620757     
         124         125   1.1236556275247689     
          82         126   1.1979894112217211     
         125         126   1.2398457311054916     
         126         127   1.2426182757123478     
         127         128   1.2417028280134625     
         128         129   1.5870260344213172     
         129         130   1.2280457024636005     
         127         131   1.2270690529437565     
         130         131   1.2029680368691320     
         130         132   1.3358229437891693     
         132         133   1.3711718812963114     
         133         134   1.1150331906049673     
         134         135   1.7152930965868256     
         135         136   1.1238402954313476     
         133         137   1.2952353708292996     
         136         137   1.3624704231752167     
          83         138   1.1961615195595394     
         136         138   1.2412664154192619     
         138         139   1.2431207344864030     
         139         140   1.2417697674041628     
         140         141   1.5869164397796873     
         141         142   1.2282098515448521     
         139         143   1.2265901234129388     
         142         143   1.2035049320363449     
         142         144   1.3349319905254906     
         123         145   1.1149986328488803     
         144         145   1.3723150633133763     
         125         146   1.3637993268165747     
         145         146   1.2940806946369929     
         123         147  0.97276587332705000     
         124         148  0.97164823237098197     
         128         149  0.97207096890164801     
         129         150  0.97292437910166674     
         131         151  0.89729627892096009     
         132         152  0.96297192010319732     
         134         153  0.97277164000177663     
         135         154  0.97165307269760126     
         140         155  0.97205814515681499     
         141         156  0.97292551125750359     
         143         157  0.89728198425660144     
         144         158  0.96296708541909293     
