   -0.05494814
   -0.05342017
    0.08624487
    0.01287418
    0.06382336
   -0.04953995
   -0.05184660
    0.06441671
   -0.08096631
   -0.05517987
    0.08677241
   -0.05378831
   -0.05383460
    0.08643342
   -0.32099051
   -0.05690283
    0.06499567
   -0.05112747
   -0.05093730
    0.06555445
   -0.08108619
   -0.05518124
    0.08531581
   -0.32420276
    0.01851030
    0.01929853
    0.04323328
    0.04157935
    0.21416549
    0.04694939
    0.01939157
    0.01940897
    0.04603362
    0.04181857
    0.04174021
    0.21438797
    0.04688108
   -0.05491586
   -0.05342854
    0.08624793
    0.01285847
    0.06381545
   -0.04951142
   -0.05184060
    0.06444590
   -0.08098263
   -0.05521585
    0.08677485
   -0.05378645
   -0.05383324
    0.08643416
   -0.32102947
   -0.05691948
    0.06497845
   -0.05112490
   -0.05093577
    0.06558832
   -0.08108456
   -0.05519711
    0.08535989
   -0.32419507
    0.01853972
    0.01942332
    0.04319016
    0.04157361
    0.21414682
    0.04692688
    0.01938485
    0.01940548
    0.04602926
    0.04182170
    0.04174284
    0.21436869
    0.04687711
   -0.02967477
   -0.03071180
   -0.02978172
   -0.03010930
   -0.02988787
   -0.02995481
   -0.02986495
   -0.02985718
   -0.02995145
   -0.02989696
   -0.03012365
   -0.02980442
   -0.03069696
   -0.02961706
   -0.05474852
   -0.05333039
    0.08597963
    0.01328758
    0.06331424
   -0.04971989
   -0.05190120
    0.06417822
   -0.08132070
   -0.05316291
    0.08503376
   -0.05474215
   -0.05334536
    0.08612855
   -0.32340413
    0.01284384
    0.06345345
   -0.04981820
   -0.05188384
    0.06403266
   -0.08132094
   -0.05308223
    0.08507131
   -0.32330795
    0.01871483
    0.01938430
    0.04303497
    0.04137920
    0.21457418
    0.04768599
    0.01870661
    0.01916492
    0.04274705
    0.04137564
    0.21450505
    0.04771651
   -0.05473754
   -0.05337722
    0.08602610
    0.01314582
    0.06337513
   -0.04972929
   -0.05190996
    0.06409232
   -0.08135243
   -0.05295532
    0.08499583
   -0.05473876
   -0.05335252
    0.08607517
   -0.32317669
    0.01299059
    0.06340519
   -0.04980552
   -0.05190017
    0.06404825
   -0.08131988
   -0.05290412
    0.08500379
   -0.32311556
    0.01877448
    0.01931718
    0.04276389
    0.04139269
    0.21465449
    0.04781950
    0.01875140
    0.01915971
    0.04272816
    0.04140151
    0.21465169
    0.04784798
   -0.05472989
   -0.05330877
    0.08613554
    0.01311598
    0.06344210
   -0.04979711
   -0.05189873
    0.06404576
   -0.08113092
   -0.05292829
    0.08505575
   -0.05468258
   -0.05331420
    0.08613908
   -0.32327450
    0.01304401
    0.06339461
   -0.04982672
   -0.05184000
    0.06408269
   -0.08118343
   -0.05294558
    0.08499509
   -0.32325823
    0.01877906
    0.01919592
    0.04283202
    0.04145943
    0.21448458
    0.04783790
    0.01882404
    0.01931788
    0.04294492
    0.04147425
    0.21455238
    0.04782793
   -0.05467890
   -0.05334588
    0.08615237
    0.01304910
    0.06342518
   -0.04981283
   -0.05184479
    0.06405068
   -0.08116212
   -0.05293874
    0.08496912
   -0.05475574
   -0.05335337
    0.08614746
   -0.32327980
    0.01310107
    0.06345448
   -0.04979464
   -0.05189274
    0.06402616
   -0.08112220
   -0.05290319
    0.08504484
   -0.32324890
    0.01882407
    0.01940268
    0.04289775
    0.04148806
    0.21456514
    0.04783894
    0.01877626
    0.01916283
    0.04285960
    0.04145862
    0.21449215
    0.04783790
   -0.05475036
   -0.05332620
    0.08608857
    0.01300059
    0.06341959
   -0.04984499
   -0.05191006
    0.06402019
   -0.08129767
   -0.05285703
    0.08495492
   -0.05477563
   -0.05334798
    0.08604204
   -0.32310826
    0.01317733
    0.06338183
   -0.04974422
   -0.05194527
    0.06404746
   -0.08128975
   -0.05286690
    0.08495653
   -0.32315177
    0.01874697
    0.01907561
    0.04277678
    0.04140246
    0.21463202
    0.04786558
    0.01875504
    0.01917956
    0.04269346
    0.04137831
    0.21462642
    0.04783626
   -0.05477315
   -0.05333552
    0.08612399
    0.01285972
    0.06346500
   -0.04981424
   -0.05191120
    0.06401002
   -0.08132625
   -0.05305527
    0.08511351
   -0.05471838
   -0.05335553
    0.08595266
   -0.32324632
    0.01329453
    0.06330369
   -0.04968029
   -0.05189546
    0.06419584
   -0.08137561
   -0.05316569
    0.08500195
   -0.32339383
    0.01867945
    0.01905934
    0.04267871
    0.04136744
    0.21450729
    0.04774731
    0.01875174
    0.01953619
    0.04298540
    0.04136551
    0.21461844
    0.04768806
