           1           2   1.7164778158319420     
           2           3   1.1213370975376660     
           3           4   1.2495119134556762     
           4           5   1.2536903430013382     
           5           6   1.2359011086429501     
           6           7   1.5934725941686994     
           7           8   1.2233302203794945     
           5           9   1.2247185827060989     
           8           9   1.2028868923795697     
           8          10   1.3441478559870941     
          10          11   1.3574118011399836     
          11          12   1.1067320728510970     
          12          13   1.7310187995298674     
          13          14   1.1087727998789250     
          11          15   1.3239339544061393     
          14          15   1.3254274939565234     
          14          16   1.3536866557530398     
          16          17   1.3466522046429619     
          17          18   1.2155401596056343     
          18          19   1.6083344449566155     
          19          20   1.2149607123087669     
          17          21   1.2098832952911558     
          20          21   1.2109141911233938     
          20          22   1.3427867134357407     
           1          23   1.1150637988175947     
          22          23   1.3652271966456344     
           3          24   1.3598301183578727     
          23          24   1.3008361986596637     
           1          25  0.97278023299562510     
           2          26  0.96960583347463558     
           6          27  0.96969660454404361     
           7          28  0.97290638812068186     
           9          29  0.89993915945354741     
          10          30  0.96370451815921554     
          12          31  0.97274276334728171     
          13          32  0.97279680662417345     
          16          33  0.96474736140508233     
          18          34  0.97290302946764773     
          19          35  0.97283614879473146     
          21          36  0.90030592135094267     
          22          37  0.96357854240033136     
          38          39   1.7167015944182125     
          39          40   1.1211642705793308     
          40          41   1.2500808273796231     
          41          42   1.2542619763058842     
          42          43   1.2357094912928126     
          43          44   1.5936462962592186     
          44          45   1.2232410383655357     
          42          46   1.2245325034302574     
          45          46   1.2029568709109295     
          45          47   1.3441755593694980     
          47          48   1.3574033895402646     
          48          49   1.1067548320132896     
          49          50   1.7310091871288229     
          50          51   1.1087691590774600     
          48          52   1.3239213324413877     
          51          52   1.3254527254433945     
          51          53   1.3536652003326126     
          53          54   1.3467410093089769     
          54          55   1.2154976044223045     
          55          56   1.6084256873135998     
          56          57   1.2148771370671709     
          54          58   1.2098438452495122     
          57          58   1.2109231305829493     
          57          59   1.3429004005753631     
          38          60   1.1149689917918550     
          59          60   1.3650847997242119     
          40          61   1.3594327680636686     
          60          61   1.3011041615246801     
          38          62  0.97278062441640545     
          39          63  0.96992102767499155     
          43          64  0.96999507235780480     
          44          65  0.97290569565193030     
          46          66  0.89997940679355870     
          47          67  0.96371425412460698     
          49          68  0.97274426278120507     
          50          69  0.97279669555694204     
          53          70  0.96474259280893648     
          55          71  0.97290144077995488     
          56          72  0.97283357207300092     
          58          73  0.90031194380118129     
          59          74  0.96358211521112336     
           4          75   1.1766002521208354     
          75          76   2.5663475930674173     
          77          78   2.5594330603200524     
          79          80   2.5585892143764712     
          81          82   2.5604423320850094     
          83          84   2.5578963632816025     
          85          86   2.5581758854257703     
          41          88   1.1753485965238459     
          87          88   2.5670816574044952     
          89          90   1.7157002685505673     
          90          91   1.1231251278365726     
          76          92   1.1793809505150779     
          91          92   1.2480071183159114     
          92          93   1.2500311788310687     
          93          94   1.2396525506897913     
          94          95   1.5887956038243440     
          95          96   1.2269122829984682     
          93          97   1.2251376964811769     
          96          97   1.2042484126076605     
          96          98   1.3357830186294102     
          98          99   1.3710652075539258     
          99         100   1.1149365805936100     
         100         101   1.7156916082006135     
         101         102   1.1230617449041871     
          99         103   1.2959351609447585     
         102         103   1.3620737937064136     
          77         104   1.1836925211995060     
         102         104   1.2455545283891765     
         104         105   1.2483193902788143     
         105         106   1.2400283390418612     
         106         107   1.5884865588019914     
         107         108   1.2269552290508710     
         105         109   1.2260180665910156     
         108         109   1.2034599811378266     
         108         110   1.3368580998765012     
          89         111   1.1149869143530005     
         110         111   1.3695468721172239     
          91         112   1.3599874704954404     
         111         112   1.2975504245306995     
          89         113  0.97275745741871833     
          90         114  0.96954386603364873     
          94         115  0.97004256420360613     
          95         116  0.97290749979666336     
          97         117  0.89746045084730230     
          98         118  0.96302146421504864     
         100         119  0.97275531569698948     
         101         120  0.96940049600475398     
         106         121  0.96963280076818603     
         107         122  0.97290947257746763     
         109         123  0.89750921091800739     
         110         124  0.96302495773110253     
         125         126   1.7153019727504732     
         126         127   1.1234886665484600     
          78         128   1.1840689242283109     
         127         128   1.2453271973948792     
         128         129   1.2480900884919679     
         129         130   1.2405005240717337     
         130         131   1.5879330583203366     
         131         132   1.2273341636980057     
         129         133   1.2259016273527885     
         132         133   1.2040388171224583     
         132         134   1.3355510133880499     
         134         135   1.3712021894100890     
         135         136   1.1150664166458664     
         136         137   1.7153162804553861     
         137         138   1.1235022375439603     
         135         139   1.2956777583508923     
         138         139   1.3621785774217772     
          79         140   1.1849675975644953     
         138         140   1.2449456795445379     
         140         141   1.2475657953270249     
         141         142   1.2405142626861068     
         142         143   1.5879418587171443     
         143         144   1.2272962871289428     
         141         145   1.2262311989726713     
         144         145   1.2037637023470604     
         144         146   1.3359304713332572     
         125         147   1.1151427797107447     
         146         147   1.3707921301678156     
         127         148   1.3617746820261731     
         147         148   1.2959690824636920     
         125         149  0.97275346712163202     
         126         150  0.96928874185298020     
         130         151  0.96977262891912008     
         131         152  0.97290810083476220     
         133         153  0.89703550681143296     
         134         154  0.96296383467301416     
         136         155  0.97275356318866835     
         137         156  0.96908487012349709     
         142         157  0.96953903439206901     
         143         158  0.97290570508042951     
         145         159  0.89701986194264538     
         146         160  0.96295970670498987     
         161         162   1.7153136201625356     
         162         163   1.1233943457196565     
          80         164   1.1848373487944086     
         163         164   1.2450821296298131     
         164         165   1.2476365380687575     
         165         166   1.2404787070040413     
         166         167   1.5879389715663603     
         167         168   1.2273955912925607     
         165         169   1.2261124030675632     
         168         169   1.2036930468613045     
         168         170   1.3359081103229287     
         170         171   1.3707597901657802     
         171         172   1.1150161291897736     
         172         173   1.7156702761804743     
         173         174   1.1230615317815043     
         171         175   1.2962520008501357     
         174         175   1.3613975243777499     
          81         176   1.1819905969800450     
         174         176   1.2464595129406006     
         176         177   1.2487277362992104     
         177         178   1.2399779535266884     
         178         179   1.5883734734844559     
         179         180   1.2271793316971518     
         177         181   1.2257725721282773     
         180         181   1.2037894188038882     
         180         182   1.3359243142788386     
         161         183   1.1151741322479505     
         182         183   1.3709241346963374     
         163         184   1.3622092742703935     
         183         184   1.2957986263049708     
         161         185  0.97275818638997935     
         162         186  0.96920267127670801     
         166         187  0.96939235966979764     
         167         188  0.97290191514745084     
         169         189  0.89749206932498615     
         170         190  0.96299693066754988     
         172         191  0.97275913804547876     
         173         192  0.96980599248937127     
         178         193  0.97024730267191117     
         179         194  0.97290064324613112     
         181         195  0.89749270069421749     
         182         196  0.96299863350922010     
         197         198   1.7157308482699050     
         198         199   1.1229831354545619     
          82         200   1.1819834688466702     
         199         200   1.2464219434568276     
         200         201   1.2487175293782893     
         201         202   1.2399666121481707     
         202         203   1.5883068456627121     
         203         204   1.2272715279152717     
         201         205   1.2257896592793371     
         204         205   1.2037422136760207     
         204         206   1.3358536117113482     
         206         207   1.3710761475667783     
         207         208   1.1152618424426102     
         208         209   1.7151894532812042     
         209         210   1.1234331144422025     
         207         211   1.2955042510489485     
         210         211   1.3625777117920919     
          83         212   1.1856302972906028     
         210         212   1.2445809028889945     
         212         213   1.2473926305470324     
         213         214   1.2406147476919258     
         214         215   1.5877891900523098     
         215         216   1.2275096508106356     
         213         217   1.2261807450611846     
         216         217   1.2036716671420964     
         216         218   1.3358244291207526     
         197         219   1.1150001108241623     
         218         219   1.3708415618955576     
         199         220   1.3615298290348377     
         219         220   1.2961782975571530     
         197         221  0.97275677384141612     
         198         222  0.96990778450688941     
         202         223  0.97013671390586231     
         203         224  0.97290221733275550     
         205         225  0.89759370743161848     
         206         226  0.96300232987972190     
         208         227  0.97275558037306487     
         209         228  0.96883983231615256     
         214         229  0.96931234852973547     
         215         230  0.97290469929455103     
         217         231  0.89755370275324353     
         218         232  0.96300399628152800     
         233         234   1.7151884936034210     
         234         235   1.1235763383763731     
          84         236   1.1858514549076178     
         235         236   1.2444397289745994     
         236         237   1.2471423215991060     
         237         238   1.2406746061269034     
         238         239   1.5877297396853971     
         239         240   1.2274818433043311     
         237         241   1.2263542444459976     
         240         241   1.2037179774687201     
         240         242   1.3357466855587750     
         242         243   1.3710218124480527     
         243         244   1.1152858396341583     
         244         245   1.7150393101205710     
         245         246   1.1237283226454962     
         243         247   1.2955632137649626     
         246         247   1.3622799252094560     
          85         248   1.1859102009881199     
         246         248   1.2445150955306865     
         248         249   1.2471445783062343     
         249         250   1.2409383938781482     
         250         251   1.5874663222524292     
         251         252   1.2276685697462826     
         249         253   1.2261967281990946     
         252         253   1.2039933752437446     
         252         254   1.3352393625324170     
         233         255   1.1151721038716067     
         254         255   1.3715086616636536     
         235         256   1.3626531187328921     
         255         256   1.2952617759261249     
         233         257  0.97275922223611744     
         234         258  0.96901663167792351     
         238         259  0.96919023921728431     
         239         260  0.97290829123967260     
         241         261  0.89699795429505491     
         242         262  0.96293133879055115     
         244         263  0.97275667462872661     
         245         264  0.96873150328859625     
         250         265  0.96924497780734442     
         251         266  0.97291126985784127     
         253         267  0.89695545711996139     
         254         268  0.96293808018083382     
         269         270   1.7154394093228653     
         270         271   1.1233124338597273     
          86         272   1.1855079994542259     
         271         272   1.2446743488230096     
         272         273   1.2475786781053435     
         273         274   1.2403452870308000     
         274         275   1.5882391488424836     
         275         276   1.2270448663429636     
         273         277   1.2262438626567909     
         276         277   1.2034440562778215     
         276         278   1.3368302880146021     
         278         279   1.3694766535815188     
         279         280   1.1148771133109381     
         280         281   1.7158757992300584     
         281         282   1.1230458840763442     
         279         283   1.2977678756009507     
         282         283   1.3595205933218624     
          87         284   1.1782394248075239     
         282         284   1.2484856379234057     
         284         285   1.2505389828340880     
         285         286   1.2395183064728355     
         286         287   1.5888865557393155     
         287         288   1.2268790229253062     
         285         289   1.2249965413897541     
         288         289   1.2043947985162333     
         288         290   1.3356097090919803     
         269         291   1.1150264592559771     
         290         291   1.3712942347497288     
         271         292   1.3625948047043375     
         291         292   1.2955574550171394     
         269         293  0.97275505518337990     
         270         294  0.96887008589625112     
         274         295  0.96906864861003117     
         275         296  0.97290967983618948     
         277         297  0.89735277594481144     
         278         298  0.96300251079686872     
         280         299  0.97275554378938023     
         281         300  0.96982742174103886     
         286         301  0.97038333208567795     
         287         302  0.97290915831513325     
         289         303  0.89733408531179137     
         290         304  0.96300977378902841     
