    0.19778174
   -0.05064751
   -0.04892986
    0.07864797
    0.01717746
    0.07865555
   -0.04889331
   -0.05065691
    0.07711183
   -0.17151931
   -0.04952470
    0.07841672
   -0.04962870
   -0.04981440
    0.07909700
   -0.16984836
   -0.05135899
    0.07909641
   -0.04981505
   -0.04963563
    0.07842356
   -0.16984529
   -0.04951444
    0.07711302
   -0.17151588
    0.03441933
    0.03616806
    0.03621414
    0.03441975
    0.04990858
    0.03507861
    0.03500094
    0.04919718
    0.03499964
    0.03507589
    0.04991972
    0.19774470
   -0.05063817
   -0.04895180
    0.07861621
    0.01715983
    0.07865913
   -0.04886996
   -0.05064197
    0.07715094
   -0.17156202
   -0.04956803
    0.07843236
   -0.04963231
   -0.04981190
    0.07909173
   -0.16984336
   -0.05136321
    0.07909210
   -0.04981320
   -0.04963416
    0.07843057
   -0.16984673
   -0.04955090
    0.07713761
   -0.17153468
    0.03444236
    0.03624374
    0.03624125
    0.03441846
    0.04989644
    0.03507595
    0.03500013
    0.04919126
    0.03500033
    0.03507745
    0.04991015
   -0.02052646
   -0.00908823
   -0.00924278
   -0.02019356
   -0.02026117
   -0.00910354
   -0.00910809
   -0.02026249
   -0.02013603
   -0.00920575
   -0.00904378
   -0.02045616
    0.19967877
   -0.05066920
   -0.04927612
    0.07898836
    0.01704340
    0.07900218
   -0.04926995
   -0.05066310
    0.07657158
   -0.17302957
   -0.04727595
    0.07654604
   -0.05066838
   -0.04925117
    0.07901794
   -0.17296525
    0.01713117
    0.07899778
   -0.04925731
   -0.05066255
    0.07653837
   -0.17293877
   -0.04727354
    0.07656197
   -0.17299685
    0.03389106
    0.03539540
    0.03544780
    0.03387346
    0.05008857
    0.03390388
    0.03552507
    0.03551411
    0.03390911
    0.05009154
    0.19964909
   -0.05066432
   -0.04925425
    0.07900356
    0.01712626
    0.07901171
   -0.04924395
   -0.05066421
    0.07655358
   -0.17295584
   -0.04731208
    0.07659717
   -0.05065547
   -0.04928620
    0.07895709
   -0.17302390
    0.01703813
    0.07899442
   -0.04925491
   -0.05065438
    0.07660069
   -0.17304363
   -0.04731799
    0.07656005
   -0.17296253
    0.03390865
    0.03552257
    0.03552457
    0.03390784
    0.05008485
    0.03389904
    0.03546113
    0.03549873
    0.03389684
    0.05008084
