           2           3   1.6502615157761094     
           3           4   1.1749070264586834     
           4           5   1.2492748328853593     
           5           6   1.2496095707901345     
           6           7   1.1748417725810123     
           7           8   1.6502418845682891     
           8           9   1.1669794668256863     
           1          10  0.53315534843564871     
           6          10   1.2884833726574958     
           9          10   1.2488187548729024     
           9          11   1.3548827141716593     
          11          12   1.3518895694666062     
          12          13   1.1580972199135264     
          13          14   1.6658637226631217     
          14          15   1.1575930222517119     
           1          16  0.53439141492720277     
          12          16   1.2630315348389167     
          15          16   1.2653178593997252     
          15          17   1.3514196872822939     
          17          18   1.3514840551951062     
          18          19   1.1575900670333119     
          19          20   1.6658711089418037     
          20          21   1.1580783851026604     
           1          22  0.53441983646823554     
          18          22   1.2652541900615906     
          21          22   1.2630881811028249     
          21          23   1.3518295150881574     
           2          24   1.1668933470673917     
          23          24   1.3550165274687123     
           1          25  0.53297992211957057     
           4          25   1.2885646065438203     
          24          25   1.2487654737328022     
           2          26  0.97230309430483064     
           3          27  0.97076231614458208     
           7          28  0.97077604345889290     
           8          29  0.97230881406766245     
          11          30  0.96382074383119687     
          13          31  0.97220090176569696     
          14          32  0.97222641375200625     
          17          33  0.96420525706620219     
          19          34  0.97222421250201696     
          20          35  0.97219935978863248     
          23          36  0.96381214066755971     
          38          39   1.6504467815760226     
          39          40   1.1747568359138634     
          40          41   1.2497482491771581     
          41          42   1.2503605215741087     
          42          43   1.1746507195496270     
          43          44   1.6504939248010460     
          44          45   1.1668146211911881     
          37          46  0.53304676921595062     
          42          46   1.2881534750219195     
          45          46   1.2490214666923651     
          45          47   1.3548982063120918     
          47          48   1.3518761018460077     
          48          49   1.1580710588855487     
          49          50   1.6658826361411534     
          50          51   1.1576084668957503     
          37          52  0.53438872340196875     
          48          52   1.2631001560714505     
          51          52   1.2652417464157280     
          51          53   1.3514900115347990     
          53          54   1.3514953735369104     
          54          55   1.1576111904263005     
          55          56   1.6658689384486411     
          56          57   1.1580824275985413     
          37          58  0.53439553979300314     
          54          58   1.2652338528391356     
          57          58   1.2631004735095930     
          57          59   1.3518643806041648     
          38          60   1.1668204927256713     
          59          60   1.3549490829857842     
          37          61  0.53290073443824115     
          40          61   1.2882850325502229     
          60          61   1.2489360959824585     
          38          62  0.97230130951468885     
          39          63  0.97075396962783189     
          43          64  0.97075812345652635     
          44          65  0.97230285395193439     
          47          66  0.96382195601864951     
          49          67  0.97220248061205794     
          50          68  0.97222528598485125     
          53          69  0.96420402770650426     
          55          70  0.97222437964745534     
          56          71  0.97220131157508560     
          59          72  0.96381643465263023     
           5          73   1.1856865861773198     
          73          74   2.4686462474675799     
          74          75   1.3061152333921162     
          73          76  0.20281364781038363     
          75          76   2.4668274444890517     
          77          78   2.4639167086319449     
          78          79   1.3085762659870013     
          77          80  0.20242452130332092     
          79          80   2.4639508879652707     
          81          82   2.4680449881189257     
          82          83   1.3048158514338515     
          41          84   1.1843463567071923     
          81          84  0.20252939123552358     
          83          84   2.4699087574546934     
          86          87   1.6492554372365706     
          87          88   1.1753053807893989     
          76          89   1.1881529524474710     
          88          89   1.2466085907241786     
          89          90   1.2468090800502147     
          90          91   1.1754176232287832     
          91          92   1.6491811019158780     
          92          93   1.1679281185337200     
          85          94  0.52784204167923532     
          90          94   1.2913525945839286     
          93          94   1.2479501879836077     
          93          95   1.3540542257517896     
          95          96   1.3540229105780035     
          96          97   1.1680495325766329     
          97          98   1.6489596287965207     
          98          99   1.1756046983205501     
          85         100  0.52805309956430269     
          96         100   1.2477969377438112     
          99         100   1.2916470285345834     
          77         101   1.1896984703009550     
          99         101   1.2460743390295739     
         101         102   1.2459661872201628     
         102         103   1.1755428618170365     
         103         104   1.6489911117838647     
         104         105   1.1680703874282299     
          85         106  0.52794335178792895     
         102         106   1.2917451677178073     
         105         106   1.2477836716400119     
         105         107   1.3540091696963159     
          86         108   1.1679420306233230     
         107         108   1.3540690946846623     
          85         109  0.52793456543179873     
          88         109   1.2915170793901436     
         108         109   1.2478847618946096     
          86         110  0.97234884545281497     
          87         111  0.97085965487554415     
          91         112  0.97087045664586047     
          92         113  0.97234672517815701     
          95         114  0.96355042044728412     
          97         115  0.97234835128588937     
          98         116  0.97085629805374374     
         103         117  0.97086401454633742     
         104         118  0.97234771091950323     
         107         119  0.96355301462170084     
         121         122   1.6490086958243459     
         122         123   1.1755685018064801     
          80         124   1.1896511584233831     
         123         124   1.2460858945312188     
         124         125   1.2460617801530018     
         125         126   1.1755557752891954     
         126         127   1.6490108340852583     
         127         128   1.1680278187819220     
         120         129  0.52798525762195969     
         125         129   1.2916920197803710     
         128         129   1.2478049993917866     
         128         130   1.3540737990213976     
         130         131   1.3539547815962734     
         131         132   1.1678548650224976     
         132         133   1.6493688838100447     
         133         134   1.1752617878930938     
         120         135  0.52793798232817035     
         131         135   1.2481184961729239     
         134         135   1.2910782366689306     
          81         136   1.1868421780196110     
         134         136   1.2471675471024823     
         136         137   1.2474517422894578     
         137         138   1.1751480361411502     
         138         139   1.6494480653558363     
         139         140   1.1678126112235225     
         120         141  0.52795899497660292     
         137         141   1.2911032949768932     
         140         141   1.2480762156320917     
         140         142   1.3540493297708291     
         121         143   1.1680220414827387     
         142         143   1.3540134666434294     
         120         144  0.52802683188159794     
         123         144   1.2916069162307307     
         143         144   1.2478466071966532     
         121         145  0.97234901148504715     
         122         146  0.97085397207869806     
         126         147  0.97086270253075191     
         127         148  0.97234916339341160     
         130         149  0.96355593843512577     
         132         150  0.97234394340197450     
         133         151  0.97085569318161502     
         138         152  0.97085093544193302     
         139         153  0.97234426302873733     
         142         154  0.96355273289532606     
