    0.19854413
   -0.05056982
   -0.04882661
    0.07868504
    0.01722944
    0.07867052
   -0.04883710
   -0.05056707
    0.07715475
   -0.17133107
   -0.04949375
    0.07848052
   -0.04953302
   -0.04971774
    0.07918129
   -0.16966614
   -0.05131350
    0.07917748
   -0.04971420
   -0.04953218
    0.07848064
   -0.16967802
   -0.04949274
    0.07716172
   -0.17133147
    0.03464073
    0.03634561
    0.03638109
    0.03465441
    0.05016246
    0.03533093
    0.03526618
    0.04944643
    0.03526753
    0.03533642
    0.05015678
    0.19850755
   -0.05056641
   -0.04883694
    0.07867178
    0.01723759
    0.07867021
   -0.04882011
   -0.05056480
    0.07717390
   -0.17134742
   -0.04952148
    0.07848037
   -0.04953101
   -0.04971262
    0.07918506
   -0.16968067
   -0.05131320
    0.07918206
   -0.04970973
   -0.04953253
    0.07848200
   -0.16967197
   -0.04951572
    0.07717207
   -0.17134878
    0.03464852
    0.03638514
    0.03638790
    0.03464790
    0.05015681
    0.03533113
    0.03526697
    0.04944203
    0.03526591
    0.03533346
    0.05015551
   -0.02045967
   -0.00892468
   -0.00911704
   -0.02011631
   -0.02024583
   -0.00891403
   -0.00900493
   -0.02014972
   -0.02022026
   -0.00894122
   -0.00897669
   -0.02018516
   -0.02020412
   -0.00895784
   -0.00895548
   -0.02020595
   -0.02018645
   -0.00896794
   -0.00892882
   -0.02022205
   -0.02015585
   -0.00899054
   -0.00890183
   -0.02025496
   -0.02008893
   -0.00907851
   -0.00889149
   -0.02041995
    0.20046897
   -0.05057432
   -0.04920715
    0.07904625
    0.01706202
    0.07903692
   -0.04917801
   -0.05057195
    0.07658207
   -0.17284610
   -0.04727764
    0.07656550
   -0.05058882
   -0.04913230
    0.07905652
   -0.17278447
    0.01722968
    0.07903032
   -0.04920161
   -0.05058100
    0.07655335
   -0.17274013
   -0.04725766
    0.07656709
   -0.17284046
    0.03409929
    0.03558063
    0.03556963
    0.03409229
    0.05031660
    0.03411676
    0.03570598
    0.03570595
    0.03413423
    0.05033135
    0.20077537
   -0.05056440
   -0.04916916
    0.07907411
    0.01709033
    0.07905209
   -0.04921819
   -0.05056060
    0.07650741
   -0.17273120
   -0.04720309
    0.07650961
   -0.05057031
   -0.04918752
    0.07904983
   -0.17271147
    0.01716046
    0.07905388
   -0.04917246
   -0.05056675
    0.07651339
   -0.17272140
   -0.04720910
    0.07651005
   -0.17274951
    0.03412376
    0.03563548
    0.03568223
    0.03413616
    0.05037725
    0.03414544
    0.03569414
    0.03569900
    0.03413698
    0.05036644
    0.20087460
   -0.05055943
   -0.04918893
    0.07906016
    0.01710580
    0.07905671
   -0.04918714
   -0.05055954
    0.07649606
   -0.17271095
   -0.04720558
    0.07649955
   -0.05056092
   -0.04916516
    0.07906446
   -0.17270636
    0.01712237
    0.07904279
   -0.04920283
   -0.05056006
    0.07649643
   -0.17269991
   -0.04720084
    0.07649858
   -0.17270932
    0.03414412
    0.03569248
    0.03568111
    0.03414700
    0.05038422
    0.03414037
    0.03568266
    0.03571032
    0.03415599
    0.05038988
    0.20086934
   -0.05056061
   -0.04916140
    0.07906415
    0.01712960
    0.07905160
   -0.04920206
   -0.05056025
    0.07649247
   -0.17270353
   -0.04720980
    0.07649385
   -0.05056302
   -0.04916606
    0.07906666
   -0.17271157
    0.01711537
    0.07904852
   -0.04920106
   -0.05056048
    0.07649280
   -0.17270153
   -0.04721317
    0.07649379
   -0.17271599
    0.03414103
    0.03568719
    0.03570133
    0.03414935
    0.05038782
    0.03413972
    0.03568375
    0.03568488
    0.03414521
    0.05038784
    0.20076036
   -0.05057162
   -0.04916519
    0.07905688
    0.01717732
    0.07905768
   -0.04918191
   -0.05056772
    0.07650033
   -0.17272491
   -0.04722833
    0.07650031
   -0.05056381
   -0.04917110
    0.07906430
   -0.17274909
    0.01710957
    0.07906357
   -0.04920118
   -0.05056627
    0.07649782
   -0.17274023
   -0.04721936
    0.07649988
   -0.17272099
    0.03413408
    0.03568127
    0.03570297
    0.03413346
    0.05037426
    0.03412063
    0.03564549
    0.03566030
    0.03412409
    0.05037662
    0.20045040
   -0.05058704
   -0.04913773
    0.07906042
    0.01723884
    0.07903786
   -0.04917320
   -0.05058491
    0.07655571
   -0.17275608
   -0.04730381
    0.07658602
   -0.05057096
   -0.04919715
    0.07902933
   -0.17285484
    0.01708328
    0.07904568
   -0.04917779
   -0.05057243
    0.07658725
   -0.17286846
   -0.04731136
    0.07656001
   -0.17277102
    0.03412073
    0.03569987
    0.03571458
    0.03413112
    0.05032986
    0.03410066
    0.03559518
    0.03560731
    0.03409401
    0.05032286
