           2           3   1.6499122592046609     
           3           4   1.1751630688881758     
           4           5   1.2495480942883730     
           5           6   1.2494794707856443     
           6           7   1.1750904287058652     
           7           8   1.6500287314864306     
           8           9   1.1670900075222246     
           1          10  0.53386993494293866     
           6          10   1.2881536835720286     
           9          10   1.2485922909636100     
           9          11   1.3549053155301378     
          11          12   1.3519345596910894     
          12          13   1.1581858790131976     
          13          14   1.6657041675131468     
          14          15   1.1577204043803229     
           1          16  0.53508367973919102     
          12          16   1.2628167429338693     
          15          16   1.2650250728299821     
          15          17   1.3514888806367886     
          17          18   1.3515125535418133     
          18          19   1.1577115500128234     
          19          20   1.6657258123587568     
          20          21   1.1581688288628817     
           1          22  0.53519355904027344     
          18          22   1.2649988973949204     
          21          22   1.2627800599519663     
          21          23   1.3519864287843737     
           2          24   1.1671447840370170     
          23          24   1.3548575929867877     
           1          25  0.53380422994472476     
           4          25   1.2881121822974957     
          24          25   1.2486149398232573     
           2          26  0.97228636647268352     
           3          27  0.97075663896600295     
           7          28  0.97074789244635384     
           8          29  0.97228686124850694     
          11          30  0.96378197356765305     
          13          31  0.97218083870672656     
          14          32  0.97220431019262199     
          17          33  0.96417439554118101     
          19          34  0.97220214068328203     
          20          35  0.97217903262449468     
          23          36  0.96378029718737146     
          38          39   1.6500221570210210     
          39          40   1.1750795577118296     
          40          41   1.2498321838513691     
          41          42   1.2498803922280652     
          42          43   1.1750759644065851     
          43          44   1.6500598646985472     
          44          45   1.1670535258669166     
          37          46  0.53381529670667738     
          42          46   1.2879088489482511     
          45          46   1.2487976913389036     
          45          47   1.3547775676073384     
          47          48   1.3520321930051318     
          48          49   1.1581449036997062     
          49          50   1.6657569234322644     
          50          51   1.1576932978984449     
          37          52  0.53531622092967346     
          48          52   1.2627829349592696     
          51          52   1.2649977099079355     
          51          53   1.3515287498355217     
          53          54   1.3514963012515844     
          54          55   1.1577072284387706     
          55          56   1.6657466427790024     
          56          57   1.1581412537911620     
          37          58  0.53517328849196932     
          54          58   1.2650168806850453     
          57          58   1.2628291319543590     
          57          59   1.3520009502482371     
          38          60   1.1671069128247860     
          59          60   1.3548248984076912     
          37          61  0.53400648165068032     
          40          61   1.2879099613424323     
          60          61   1.2486913315175783     
          38          62  0.97228298530446322     
          39          63  0.97074440938948658     
          43          64  0.97075108835964585     
          44          65  0.97228654209702103     
          47          66  0.96378242231226152     
          49          67  0.97217953096587040     
          50          68  0.97220291391512570     
          53          69  0.96417849047910964     
          55          70  0.97220423498093522     
          56          71  0.97218152184950879     
          59          72  0.96377884686780602     
           5          73   1.1855250423549544     
          73          74   2.4689885246299186     
          74          75   1.3059133789716970     
          73          76  0.20274656121637297     
          75          76   2.4671030790334552     
          77          78   2.4638235353497242     
          78          79   1.3086116497472564     
          77          80  0.20229575066828209     
          79          80   2.4637391733194636     
          81          82   2.4634797615111701     
          82          83   1.3088150738966098     
          81          84  0.20225616247464506     
          83          84   2.4634698769424195     
          85          86   2.4634893193827341     
          86          87   1.3087965895295746     
          85          88  0.20223046895523383     
          87          88   2.4634845676164936     
          89          90   2.4635935171728143     
          90          91   1.3086934747977603     
          89          92  0.20221744581293732     
          91          92   2.4636075221423281     
          93          94   2.4639778132951751     
          94          95   1.3084041831221789     
          93          96  0.20225140342601489     
          95          96   2.4640842957185107     
          97          98   2.4678302354137571     
          98          99   1.3051366359174998     
          41         100   1.1847606582716850     
          97         100  0.20257256135323237     
          99         100   2.4697265818541076     
         102         103   1.6490126217778733     
         103         104   1.1755630299104305     
          76         105   1.1880587128963613     
         104         105   1.2466857083263299     
         105         106   1.2468002292742590     
         106         107   1.1755722713796724     
         107         108   1.6490329902473946     
         108         109   1.1679785466410799     
         101         110  0.52867925066676413     
         106         110   1.2910574703927202     
         109         110   1.2477300080107758     
         109         111   1.3541598870627007     
         111         112   1.3538661725951182     
         112         113   1.1682021041606749     
         113         114   1.6486539072599609     
         114         115   1.1758952579251580     
         101         116  0.52899081413734406     
         112         116   1.2477209865411472     
         115         116   1.2911357199211859     
          77         117   1.1897745053326114     
         115         117   1.2462440498737104     
         117         118   1.2457319912343978     
         118         119   1.1758643595134219     
         119         120   1.6486595173083964     
         120         121   1.1682336152214716     
         101         122  0.52863864670902938     
         118         122   1.2914228605577933     
         121         122   1.2475993459265535     
         121         123   1.3539284091976991     
         102         124   1.1680420362182518     
         123         124   1.3541799016995961     
         101         125  0.52890045888840109     
         104         125   1.2911044894330139     
         124         125   1.2475926773119896     
         102         126  0.97232613257636546     
         103         127  0.97084349227524935     
         107         128  0.97086053668081940     
         108         129  0.97233175946828976     
         111         130  0.96351161915602634     
         113         131  0.97233012364243077     
         114         132  0.97084872366271213     
         119         133  0.97084404161927029     
         120         134  0.97232819709155316     
         123         135  0.96350431586318885     
         137         138   1.6484999332902459     
         138         139   1.1759632663412352     
          80         140   1.1898701339945918     
         139         140   1.2459283412535036     
         140         141   1.2457368636739767     
         141         142   1.1759511118466985     
         142         143   1.6485188225104905     
         143         144   1.1683215974003123     
         136         145  0.52914020210728496     
         141         145   1.2913781216592566     
         144         145   1.2472683778528619     
         144         146   1.3541429690813138     
         146         147   1.3539769560558286     
         147         148   1.1683862564989709     
         148         149   1.6484288013454207     
         149         150   1.1760211980917836     
         136         151  0.52922964844126619     
         147         151   1.2473354619298631     
         150         151   1.2913378838284797     
          81         152   1.1900334213092791     
         150         152   1.2457075997950278     
         152         153   1.2458357375426230     
         153         154   1.1760391231782290     
         154         155   1.6484189417936084     
         155         156   1.1683764242276427     
         136         157  0.52919402154007122     
         153         157   1.2912737317094698     
         156         157   1.2473871450963119     
         156         158   1.3539564673499029     
         137         159   1.1683299815973300     
         158         159   1.3541267119704572     
         136         160  0.52926388972396843     
         139         160   1.2913215830988638     
         159         160   1.2472866118724704     
         137         161  0.97232731451892340     
         138         162  0.97084571393297014     
         142         163  0.97084834162672418     
         143         164  0.97232634436985699     
         146         165  0.96349458523955578     
         148         166  0.97232589119936208     
         149         167  0.97084184444955357     
         154         168  0.97084990841494923     
         155         169  0.97232722157811591     
         158         170  0.96349787690835298     
         172         173   1.6483654769853688     
         173         174   1.1760638670358818     
          84         175   1.1900415567606011     
         174         175   1.2457461514920829     
         175         176   1.2457374212448424     
         176         177   1.1760399357917366     
         177         178   1.6484055604208427     
         178         179   1.1684015205170872     
         171         180  0.52933720482923419     
         176         180   1.2913159570582950     
         179         180   1.2472117695166236     
         179         181   1.3540942192920882     
         181         182   1.3539927065704171     
         182         183   1.1684398053696077     
         183         184   1.6483418592647543     
         184         185   1.1760817847973419     
         171         186  0.52923983249517448     
         182         186   1.2472819929603360     
         185         186   1.2912790789670590     
          85         187   1.1900427976127887     
         185         187   1.2458290539518144     
         187         188   1.2456484593589596     
         188         189   1.1760716442052299     
         189         190   1.6483696815875133     
         190         191   1.1684327826352230     
         171         192  0.52933084851473700     
         188         192   1.2913121198445685     
         191         192   1.2472078616929834     
         191         193   1.3540517831599397     
         172         194   1.1684228667877536     
         193         194   1.3540601633807945     
         171         195  0.52920695799382667     
         174         195   1.2913177670913811     
         194         195   1.2472373663439957     
         172         196  0.97232611791907908     
         173         197  0.97084880159021492     
         177         198  0.97084278903493437     
         178         199  0.97232595945325695     
         181         200  0.96349647906342983     
         183         201  0.97232677624321151     
         184         202  0.97084860140069063     
         189         203  0.97084251604887017     
         190         204  0.97232437222435841     
         193         205  0.96349272224151539     
         207         208   1.6483734861187285     
         208         209   1.1760796779140579     
          88         210   1.1900548034159395     
         209         210   1.2458407411846446     
         210         211   1.2456333577478613     
         211         212   1.1760863950851987     
         212         213   1.6483641749847591     
         213         214   1.1684252378775488     
         206         215  0.52924677384598229     
         211         215   1.2913198782856070     
         214         215   1.2472271077776289     
         214         216   1.3540570023822596     
         216         217   1.3540339605615950     
         217         218   1.1684073689575396     
         218         219   1.6483832312287183     
         219         220   1.1760694990256901     
         206         221  0.52922721709609311     
         217         221   1.2472884346117381     
         220         221   1.2912473465775012     
          89         222   1.1899839541881119     
         220         222   1.2458590360403217     
         222         223   1.2456717727196707     
         223         224   1.1760826523244479     
         224         225   1.6483865287028823     
         225         226   1.1684044102551248     
         206         227  0.52925458522570601     
         223         227   1.2912858781533905     
         226         227   1.2472411431028774     
         226         228   1.3540767426025677     
         207         229   1.1684121765400799     
         228         229   1.3539974024855801     
         206         230  0.52922417321383231     
         209         230   1.2912504471692396     
         229         230   1.2473149210529073     
         207         231  0.97232727784218409     
         208         232  0.97085029951566726     
         212         233  0.97084347472018040     
         213         234  0.97232569424931303     
         216         235  0.96349101004705229     
         218         236  0.97232608511223939     
         219         237  0.97084862229300117     
         224         238  0.97084638622111064     
         225         239  0.97232531078434670     
         228         240  0.96349292666559760     
         242         243   1.6484250006532222     
         243         244   1.1760673052358279     
          92         245   1.1899845366195243     
         244         245   1.2457720652213276     
         245         246   1.2458150074829313     
         246         247   1.1760485501192626     
         247         248   1.6484444518178893     
         248         249   1.1683483936811387     
         241         250  0.52915328658391847     
         246         250   1.2912402257289732     
         249         250   1.2474307567319345     
         249         251   1.3539529310371434     
         251         252   1.3540851144108965     
         252         253   1.1682882759295836     
         253         254   1.6485371688115975     
         254         255   1.1759738214748394     
         241         256  0.52914028954616676     
         252         256   1.2473917746458190     
         255         256   1.2912504095113040     
          93         257   1.1897539918381228     
         255         257   1.2459538829740733     
         257         258   1.2458132877840771     
         258         259   1.1760227310789690     
         259         260   1.6484779184100318     
         260         261   1.1683207280773729     
         241         262  0.52914797293554205     
         258         262   1.2912802097851170     
         261         262   1.2473297696598269     
         261         263   1.3541084676953243     
         242         264   1.1683597860360215     
         263         264   1.3539539375980296     
         241         265  0.52914400154192587     
         244         265   1.2912679685886845     
         264         265   1.2474220159316349     
         242         266  0.97232719237973986     
         243         267  0.97084797872766815     
         247         268  0.97085151526194047     
         248         269  0.97232792995695516     
         251         270  0.96349327254586370     
         253         271  0.97232781726895512     
         254         272  0.97085359754059408     
         259         273  0.97084898949229304     
         260         274  0.97232729989606592     
         263         275  0.96349000228664072     
         277         278   1.6486781858801631     
         278         279   1.1758953003527430     
          96         280   1.1896355268309453     
         279         280   1.2461729447051175     
         280         281   1.2459657656102416     
         281         282   1.1758720372949625     
         282         283   1.6487221320793344     
         283         284   1.1681556013472254     
         276         285  0.52886796951851744     
         281         285   1.2912201491285782     
         284         285   1.2476771001673561     
         284         286   1.3539678400958837     
         286         287   1.3540666300019630     
         287         288   1.1679692699729063     
         288         289   1.6490881460995150     
         289         290   1.1755348203751779     
         276         291  0.52872581537548646     
         287         291   1.2478353715902260     
         290         291   1.2908337942838370     
          97         292   1.1873076768770066     
         290         292   1.2470414134565311     
         292         293   1.2471482505577596     
         293         294   1.1755540962190223     
         294         295   1.6490839176814762     
         295         296   1.1679483313469770     
         276         297  0.52886030528716887     
         293         297   1.2907773329423309     
         296         297   1.2478396747804115     
         296         298   1.3540806021556975     
         277         299   1.1681719226572469     
         298         299   1.3539248853889700     
         276         300  0.52882395477437760     
         279         300   1.2911611780609820     
         299         300   1.2477284515361777     
         277         301  0.97233045030863574     
         278         302  0.97085189453761056     
         282         303  0.97084862241877878     
         283         304  0.97232765306147517     
         286         305  0.96350097787412881     
         288         306  0.97232831238446293     
         289         307  0.97085366378855276     
         294         308  0.97084386707184855     
         295         309  0.97232779472998554     
         298         310  0.96350520932118444     
