   -0.29206297
   -0.05214101
   -0.05048544
    0.07362031
    0.02551750
    0.07365642
   -0.05044780
   -0.05213325
    0.07312140
   -0.04778017
   -0.04139746
    0.07429176
   -0.05123310
   -0.05129081
    0.07458826
   -0.04675957
   -0.04310242
    0.07458648
   -0.05128965
   -0.05123083
    0.07428591
   -0.04678490
   -0.04139341
    0.07310619
   -0.04771333
    0.03535540
    0.03714815
    0.03717063
    0.03532374
    0.04917094
    0.03585121
    0.03577159
    0.04856647
    0.03577029
    0.03585170
    0.04917646
   -0.29210561
   -0.05213546
   -0.05049746
    0.07359202
    0.02551444
    0.07364120
   -0.05044037
   -0.05213556
    0.07313799
   -0.04778886
   -0.04142527
    0.07429165
   -0.05123336
   -0.05128950
    0.07458708
   -0.04675912
   -0.04311581
    0.07458726
   -0.05129163
   -0.05123225
    0.07429002
   -0.04678821
   -0.04141910
    0.07312420
   -0.04772828
    0.03536181
    0.03718587
    0.03718775
    0.03533155
    0.04916014
    0.03584771
    0.03576805
    0.04855772
    0.03576600
    0.03584712
    0.04916772
   -0.02087948
   -0.00912296
   -0.00841358
   -0.02168932
   -0.02107149
   -0.00877386
   -0.00857454
   -0.02128332
   -0.02114940
   -0.00865266
   -0.00865779
   -0.02115340
   -0.02128765
   -0.00857033
   -0.00878302
   -0.02108121
   -0.02164730
   -0.00838033
   -0.00909562
   -0.02082457
   -0.28616887
   -0.05198473
   -0.05039396
    0.07391283
    0.02585706
    0.07395394
   -0.05035521
   -0.05198568
    0.07298632
   -0.04945400
   -0.03940832
    0.07292404
   -0.05193600
   -0.05046613
    0.07405960
   -0.04956822
    0.02549015
    0.07405060
   -0.05047926
   -0.05193625
    0.07291656
   -0.04956405
   -0.03939937
    0.07297402
   -0.04940122
    0.03545479
    0.03726318
    0.03729782
    0.03543573
    0.04981572
    0.03543585
    0.03712459
    0.03713321
    0.03543794
    0.04982452
   -0.28595217
   -0.05193173
   -0.05042613
    0.07404375
    0.02571051
    0.07403552
   -0.05043586
   -0.05192953
    0.07292822
   -0.04941261
   -0.03932391
    0.07291842
   -0.05191394
   -0.05045879
    0.07407414
   -0.04952844
    0.02562702
    0.07408846
   -0.05044756
   -0.05191445
    0.07292183
   -0.04951846
   -0.03932296
    0.07293215
   -0.04943469
    0.03551143
    0.03724008
    0.03723812
    0.03551248
    0.04990520
    0.03551412
    0.03720423
    0.03719983
    0.03550047
    0.04990136
   -0.28594851
   -0.05192381
   -0.05046987
    0.07406652
    0.02562809
    0.07409843
   -0.05043451
   -0.05190303
    0.07292431
   -0.04955975
   -0.03932767
    0.07292704
   -0.05193037
   -0.05042506
    0.07403486
   -0.04939853
    0.02571369
    0.07404062
   -0.05043483
   -0.05193395
    0.07293730
   -0.04944784
   -0.03932180
    0.07291619
   -0.04949542
    0.03552709
    0.03721693
    0.03718977
    0.03548663
    0.04990159
    0.03551112
    0.03724693
    0.03723404
    0.03551520
    0.04990416
   -0.28620403
   -0.05193481
   -0.05047638
    0.07405312
    0.02548622
    0.07405647
   -0.05046006
   -0.05193581
    0.07292676
   -0.04956893
   -0.03942622
    0.07299832
   -0.05197778
   -0.05038206
    0.07391148
   -0.04942019
    0.02586149
    0.07391957
   -0.05036296
   -0.05198285
    0.07300423
   -0.04945340
   -0.03943103
    0.07292730
   -0.04956090
    0.03543953
    0.03713129
    0.03713178
    0.03543860
    0.04981599
    0.03545500
    0.03730520
    0.03732278
    0.03545523
    0.04981385
