           2           3   1.6457546230883575     
           3           4   1.1782071867758330     
           4           5   1.2525786306810909     
           5           6   1.2528663478253512     
           6           7   1.1782502396761967     
           7           8   1.6457192392631894     
           8           9   1.1695411421824726     
           1          10  0.75262044881769341     
           6          10   1.2619359894027440     
           9          10   1.2267936961862476     
           9          11   1.3556623764866755     
          11          12   1.3530949350405694     
          12          13   1.1612500479275614     
          13          14   1.6610193334949201     
          14          15   1.1605512766776451     
           1          16  0.75114850816097134     
          12          16   1.2395415978525517     
          15          16   1.2422064094093925     
          15          17   1.3529918011931681     
          17          18   1.3529647457538756     
          18          19   1.1605493439857009     
          19          20   1.6610096043074869     
          20          21   1.1612649889910700     
           1          22  0.75106272730555834     
          18          22   1.2422480842112000     
          21          22   1.2395635497722817     
          21          23   1.3530799971280381     
           2          24   1.1695573298291837     
          23          24   1.3556978936544926     
           1          25  0.75268300999178217     
           4          25   1.2620288468490344     
          24          25   1.2266956654108125     
           2          26  0.97179082796285599     
           3          27  0.97002229356576430     
           7          28  0.97002276485793149     
           8          29  0.97178816498017717     
          11          30  0.96376919428049357     
          13          31  0.97168396060529261     
          14          32  0.97171094472511699     
          17          33  0.96408193642070028     
          19          34  0.97171185383337089     
          20          35  0.97168416384471834     
          23          36  0.96376880145866728     
          38          39   1.6458639195016682     
          39          40   1.1781187798114476     
          40          41   1.2529551484744723     
          41          42   1.2532624253557310     
          42          43   1.1781544826102421     
          43          44   1.6458261637078939     
          44          45   1.1695011048878223     
          37          46  0.75268207575762269     
          42          46   1.2617247051697937     
          45          46   1.2268896260930857     
          45          47   1.3556099518448204     
          47          48   1.3531589171421161     
          48          49   1.1612202601491479     
          49          50   1.6610673553176363     
          50          51   1.1605249891895906     
          37          52  0.75119298077492058     
          48          52   1.2395329141883042     
          51          52   1.2421830257939752     
          51          53   1.3530336555858966     
          53          54   1.3529743711511184     
          54          55   1.1605433176546001     
          55          56   1.6610430613893281     
          56          57   1.1612348503412091     
          37          58  0.75109894999638049     
          54          58   1.2422452942464921     
          57          58   1.2395375330417961     
          57          59   1.3531598182268256     
          38          60   1.1695109392969296     
          59          60   1.3556123708102801     
          37          61  0.75269473033358081     
          40          61   1.2617789940564714     
          60          61   1.2268375233655595     
          38          62  0.97178892507711701     
          39          63  0.97001622545868749     
          43          64  0.97001234854180673     
          44          65  0.97178850901910074     
          47          66  0.96376996764764522     
          49          67  0.97168448689895259     
          50          68  0.97171082759733152     
          53          69  0.96408151536714137     
          55          70  0.97171236708966335     
          56          71  0.97168535803320555     
          59          72  0.96376990040724175     
           5          73   1.1796853412721564     
          73          74   2.4759124949442706     
          74          75   1.3016821160917882     
          73          76  0.20375390374883562     
          75          76   2.4743198339863581     
          77          78   2.4714806026071976     
          78          79   1.3040816018803216     
          77          80  0.20347300350803013     
          79          80   2.4714077095462192     
          81          82   2.4711203618697919     
          82          83   1.3043576479764745     
          81          84  0.20351283952794746     
          83          84   2.4710945029174689     
          85          86   2.4714459664007258     
          86          87   1.3040677017771531     
          85          88  0.20348592441556684     
          87          88   2.4715069131257721     
          89          90   2.4750137500470748     
          90          91   1.3009061614110757     
          41          92   1.1788802213298231     
          89          92  0.20355086633928607     
          91          92   2.4766170845675530     
          94          95   1.6439900823962468     
          95          96   1.1790593639405416     
          76          97   1.1819216190710238     
          96          97   1.2502205713747840     
          97          98   1.2505791977941334     
          98          99   1.1790780245282364     
          99         100   1.6439731499784482     
         100         101   1.1710754308206266     
          93         102  0.74893167924792359     
          98         102   1.2642534129173435     
         101         102   1.2256238218450177     
         101         103   1.3540710619633003     
         103         104   1.3550784716565980     
         104         105   1.1708620304490820     
         105         106   1.6441946349914698     
         106         107   1.1788949897385614     
          93         108  0.74869724163838525     
         104         108   1.2250246887530076     
         107         108   1.2649943675461817     
          77         109   1.1832877093983432     
         107         109   1.2497290949457744     
         109         110   1.2496606869855840     
         110         111   1.1789005039333269     
         111         112   1.6441795936678218     
         112         113   1.1708836933051185     
          93         114  0.74867406319138441     
         110         114   1.2650231166137469     
         113         114   1.2250170141107257     
         113         115   1.3550635740126642     
          94         116   1.1710952539018693     
         115         116   1.3541074099550183     
          93         117  0.74892848664127210     
          96         117   1.2643751359132920     
         116         117   1.2255420003622821     
          94         118  0.97176808816080629     
          95         119  0.97002664155826634     
          99         120  0.97002413572339830     
         100         121  0.97177023533590967     
         103         122  0.96347621796649519     
         105         123  0.97177412642175243     
         106         124  0.97003222540710465     
         111         125  0.97003458847312030     
         112         126  0.97177374311114262     
         115         127  0.96347396753890746     
         129         130   1.6439092800228385     
         130         131   1.1790588629048355     
          80         132   1.1834155193420652     
         131         132   1.2496409076169135     
         132         133   1.2495780484684602     
         133         134   1.1790550215105493     
         134         135   1.6439125760052176     
         135         136   1.1711298985627989     
         128         137  0.74886383868490825     
         133         137   1.2648779080393666     
         136         137   1.2251427966646959     
         136         138   1.3545007026424289     
         138         139   1.3547798731990055     
         139         140   1.1710320901308189     
         140         141   1.6440588714851296     
         141         142   1.1789134792296965     
         128         143  0.74857396560022882     
         139         143   1.2250618155222857     
         142         143   1.2651194388223683     
          81         144   1.1835376709759575     
         142         144   1.2494944215710786     
         144         145   1.2495947776414187     
         145         146   1.1789496957420635     
         146         147   1.6440247925611846     
         147         148   1.1710351828138870     
         128         149  0.74866663747483742     
         145         149   1.2650401970464256     
         148         149   1.2250523713546264     
         148         150   1.3547742944432564     
         129         151   1.1711230212832318     
         150         151   1.3545068995620486     
         128         152  0.74883263905416775     
         131         152   1.2648763217512407     
         151         152   1.2251668335544623     
         129         153  0.97176759940427648     
         130         154  0.97002712172249239     
         134         155  0.97002406171584210     
         135         156  0.97176470875154919     
         138         157  0.96347052182037540     
         140         158  0.97176891776339491     
         141         159  0.97003119314212094     
         146         160  0.97002226745127584     
         147         161  0.97176834158800895     
         150         162  0.96346926879040229     
         164         165   1.6440474710379753     
         165         166   1.1789458944600568     
          84         167   1.1835468675255214     
         166         167   1.2494724197456637     
         167         168   1.2496161212133265     
         168         169   1.1789124045286719     
         169         170   1.6440545630792356     
         170         171   1.1710179423894427     
         163         172  0.74856157651557809     
         168         172   1.2651050020455845     
         171         172   1.2250529344222369     
         171         173   1.3548218915435088     
         173         174   1.3544860977823385     
         174         175   1.1710963858915573     
         175         176   1.6439626176014914     
         176         177   1.1790121229008521     
         163         178  0.74889777327868379     
         174         178   1.2251594787390474     
         177         178   1.2648619549079725     
          85         179   1.1833896910036539     
         177         179   1.2496503708358926     
         179         180   1.2496003414304802     
         180         181   1.1791016801303005     
         181         182   1.6438655030529696     
         182         183   1.1711579454277921     
         163         184  0.74881882730127158     
         180         184   1.2648638904777711     
         183         184   1.2251651658267360     
         183         185   1.3545054490767527     
         164         186   1.1710349183365114     
         185         186   1.3547499234614770     
         163         187  0.74866714843405191     
         166         187   1.2650542750757823     
         186         187   1.2250641689600372     
         164         188  0.97177767478242583     
         165         189  0.97002948506802722     
         169         190  0.97002318234322027     
         170         191  0.97175946027752991     
         173         192  0.96346875148899280     
         175         193  0.97176286359201725     
         176         194  0.97002234708564194     
         181         195  0.97002969710902986     
         182         196  0.97177005327496901     
         185         197  0.96347044818489014     
         199         200   1.6442374803393434     
         200         201   1.1788856908340637     
          88         202   1.1832601986646396     
         201         202   1.2497024971904547     
         202         203   1.2497643304544808     
         203         204   1.1788587936682395     
         204         205   1.6442370002279516     
         205         206   1.1708414010617703     
         198         207  0.74871965680114727     
         203         207   1.2649885750394778     
         206         207   1.2250133686460671     
         206         208   1.3551301097059836     
         208         209   1.3540311644292296     
         209         210   1.1710324479966614     
         210         211   1.6440910735802388     
         211         212   1.1789802153857676     
         198         213  0.74898573086369602     
         209         213   1.2256748391605758     
         212         213   1.2640917022897422     
          89         214   1.1811252694354799     
         212         214   1.2507037920248956     
         214         215   1.2508546034195553     
         215         216   1.1789680605775443     
         216         217   1.6440934101037441     
         217         218   1.1710315070990653     
         198         219  0.74894872566351123     
         215         219   1.2640705547641486     
         218         219   1.2257192368095113     
         218         220   1.3540171122899696     
         199         221   1.1708260738604599     
         220         221   1.3551265242979338     
         198         222  0.74872650229007376     
         201         222   1.2649650278348008     
         221         222   1.2250181437307863     
         199         223  0.97177464923948642     
         200         224  0.97003115866434952     
         204         225  0.97003738648983351     
         205         226  0.97177407412637373     
         208         227  0.96347485127933929     
         210         228  0.97176522539075150     
         211         229  0.97001252916221958     
         216         230  0.97002119629957795     
         217         231  0.97176924550208954     
         220         232  0.96347650470168800     
