    0.19701187
   -0.05069885
   -0.04898503
    0.07818387
    0.01841819
    0.07818522
   -0.04891390
   -0.05070418
    0.07712358
   -0.17098037
   -0.04970657
    0.07835736
   -0.04963516
   -0.04982067
    0.07909831
   -0.16959884
   -0.05145411
    0.07910547
   -0.04982680
   -0.04963501
    0.07834753
   -0.16958989
   -0.04969895
    0.07711263
   -0.17096726
    0.03453177
    0.03549364
    0.03535695
    0.03453170
    0.04991626
    0.03506359
    0.03500923
    0.04916448
    0.03501154
    0.03506222
    0.04991735
    0.19698542
   -0.05068363
   -0.04888033
    0.07818547
    0.01840392
    0.07816127
   -0.04900735
   -0.05069125
    0.07713305
   -0.17096240
   -0.04970198
    0.07835417
   -0.04963639
   -0.04982363
    0.07909861
   -0.16957725
   -0.05146655
    0.07910056
   -0.04982579
   -0.04963034
    0.07836261
   -0.16959977
   -0.04971334
    0.07714798
   -0.17100419
    0.03453269
    0.03537463
    0.03552901
    0.03454624
    0.04991666
    0.03506282
    0.03501101
    0.04917106
    0.03501195
    0.03506274
    0.04990753
   -0.02826594
   -0.02808270
   -0.02808364
   -0.02808401
   -0.02809059
   -0.02807703
   -0.02807616
   -0.02824400
    0.19858991
   -0.05068106
   -0.04928662
    0.07851213
    0.01830637
    0.07853616
   -0.04919692
   -0.05067976
    0.07655930
   -0.17220737
   -0.04760130
    0.07650329
   -0.05071375
   -0.04927981
    0.07855448
   -0.17209380
    0.01842209
    0.07857308
   -0.04919305
   -0.05071344
    0.07650489
   -0.17209020
   -0.04759996
    0.07654503
   -0.17219024
    0.03411946
    0.03476566
    0.03466548
    0.03411419
    0.05023682
    0.03412642
    0.03490082
    0.03477857
    0.03412056
    0.05023567
    0.19896281
   -0.05068858
   -0.04921160
    0.07858669
    0.01837367
    0.07857930
   -0.04928162
   -0.05069482
    0.07643052
   -0.17207876
   -0.04748234
    0.07642833
   -0.05071135
   -0.04924342
    0.07857590
   -0.17206652
    0.01841067
    0.07856669
   -0.04924775
   -0.05070719
    0.07643494
   -0.17207800
   -0.04749481
    0.07644621
   -0.17208929
    0.03414285
    0.03476702
    0.03486387
    0.03414483
    0.05031810
    0.03413773
    0.03475432
    0.03479839
    0.03413672
    0.05031367
    0.19858058
   -0.05072332
   -0.04924025
    0.07858329
    0.01841785
    0.07856472
   -0.04923910
   -0.05072445
    0.07649738
   -0.17207095
   -0.04762139
    0.07656675
   -0.05067335
   -0.04918014
    0.07852568
   -0.17222122
    0.01831471
    0.07850592
   -0.04928338
   -0.05067925
    0.07655218
   -0.17219765
   -0.04760682
    0.07648160
   -0.17205907
    0.03411957
    0.03482764
    0.03481827
    0.03412394
    0.05023633
    0.03411913
    0.03466751
    0.03478388
    0.03411717
    0.05023760
