           2           3   1.6507546498246248     
           3           4   1.1741727629652989     
           4           5   1.2553040783184555     
           5           6   1.2554505700541436     
           6           7   1.1741624567050712     
           7           8   1.6507880517492626     
           8           9   1.1666415571684079     
           1          10  0.53328206433289627     
           6          10   1.2866468031310543     
           9          10   1.2502038513475486     
           9          11   1.3540967181542019     
          11          12   1.3524545920766700     
          12          13   1.1579393727538116     
          13          14   1.6659734778938364     
          14          15   1.1575726516318916     
           1          16  0.53496495614290418     
          12          16   1.2628596910601428     
          15          16   1.2652594810934932     
          15          17   1.3514959600716385     
          17          18   1.3515037311020530     
          18          19   1.1575827418428806     
          19          20   1.6659344256061022     
          20          21   1.1579932978426295     
           1          22  0.53513229296605869     
          18          22   1.2652521911308319     
          21          22   1.2627857035023426     
          21          23   1.3524559167279735     
           2          24   1.1666940967356885     
          23          24   1.3541281421830980     
           1          25  0.53336013391327242     
           4          25   1.2866946622103717     
          24          25   1.2501022852268477     
           2          26  0.97228759227896178     
           3          27  0.96806287948823833     
           7          28  0.96810451401826858     
           8          29  0.97228953615662372     
          11          30  0.96381167204567708     
          13          31  0.97220130999021603     
          14          32  0.97222386781861292     
          17          33  0.96421862339636388     
          19          34  0.97222462356348505     
          20          35  0.97220007940843012     
          23          36  0.96380835905126860     
          38          39   1.6508904425644091     
          39          40   1.1740500703544818     
          40          41   1.2558359988782744     
          41          42   1.2554374467939298     
          42          43   1.1740804666520459     
          43          44   1.6508479090647543     
          44          45   1.1666652947978617     
          37          46  0.53338423252400979     
          42          46   1.2866499564405016     
          45          46   1.2501344081005437     
          45          47   1.3541219596105090     
          47          48   1.3524661155270958     
          48          49   1.1580083730766115     
          49          50   1.6659122047337445     
          50          51   1.1576081557972417     
          37          52  0.53507119376857837     
          48          52   1.2627810270398232     
          51          52   1.2652662356566702     
          51          53   1.3514659341879149     
          53          54   1.3515446572180365     
          54          55   1.1575087753412003     
          55          56   1.6660330832408561     
          56          57   1.1579316771903698     
          37          58  0.53505764988072646     
          54          58   1.2652984404665475     
          57          58   1.2627810125884398     
          57          59   1.3525317728933326     
          38          60   1.1666131710051435     
          59          60   1.3540285595988399     
          37          61  0.53316045489555064     
          40          61   1.2865277710090284     
          60          61   1.2503206088687930     
          38          62  0.97228847370189642     
          39          63  0.96835647354698418     
          43          64  0.96819861197786561     
          44          65  0.97228715606721439     
          47          66  0.96381516734183748     
          49          67  0.97219965547018661     
          50          68  0.97222485591237295     
          53          69  0.96421745015892968     
          55          70  0.97222397700978802     
          56          71  0.97219921620531435     
          59          72  0.96381886173901399     
           5          73   1.1706241259532955     
          73          74   2.5756546979535067     
          75          76   2.5703292891198513     
          77          78   2.5701632774101943     
          41          80   1.1700625111702974     
          79          80   2.5760106849782902     
          82          83   1.6499295619861232     
          83          84   1.1745587444940362     
          74          85   1.1723054773615140     
          84          85   1.2528825488117563     
          85          86   1.2531486425482725     
          86          87   1.1745641059682070     
          87          88   1.6499408862479450     
          88          89   1.1674508467009663     
          81          90  0.52899661530720010     
          86          90   1.2891698695266411     
          89          90   1.2491623794288129     
          89          91   1.3537145815205660     
          91          92   1.3537620146000708     
          92          93   1.1677788455846938     
          93          94   1.6493313385982089     
          94          95   1.1751015328822583     
          81          96  0.52924907907844865     
          92          96   1.2487084107855859     
          95          96   1.2898292957798598     
          75          97   1.1758355213977085     
          95          97   1.2513177797609898     
          97          98   1.2515227279744630     
          98          99   1.1750952987999932     
          99         100   1.6493465043137128     
         100         101   1.1677525622313898     
          81         102  0.52911581528029505     
          98         102   1.2897716764878775     
         101         102   1.2488229551074175     
         101         103   1.3536917761350660     
          82         104   1.1674768991819013     
         103         104   1.3537958508189005     
          81         105  0.52915828979907997     
          84         105   1.2892910634423691     
         104         105   1.2490101267189762     
          82         106  0.97232369960123666     
          83         107  0.96817249334017730     
          87         108  0.96821064715187621     
          88         109  0.97232571369036591     
          91         110  0.96350511287814145     
          93         111  0.97232639163054102     
          94         112  0.96766229298372342     
          99         113  0.96772836777703009     
         100         114  0.97232811963969257     
         103         115  0.96350510871280681     
         117         118   1.6491723573644594     
         118         119   1.1752180790016686     
          76         120   1.1759785459645320     
         119         120   1.2513318701241976     
         120         121   1.2511167720362759     
         121         122   1.1752586387233761     
         122         123   1.6490860080811505     
         123         124   1.1679768079986632     
         116         125  0.52947952434769985     
         121         125   1.2898689242974384     
         124         125   1.2483338795017667     
         124         126   1.3538465731013682     
         126         127   1.3536856310820005     
         127         128   1.1680302362411030     
         128         129   1.6489653101044670     
         129         130   1.1753783623369407     
         116         131  0.52932411278452618     
         127         131   1.2484360274245803     
         130         131   1.2898323412867589     
          77         132   1.1763740235239317     
         130         132   1.2510225134894497     
         132         133   1.2510995708235502     
         133         134   1.1753937981861340     
         134         135   1.6489851164558564     
         135         136   1.1680047422186925     
         116         137  0.52949538665772411     
         133         137   1.2897158810173943     
         136         137   1.2484743683157919     
         136         138   1.3536699674270189     
         117         139   1.1678889578925082     
         138         139   1.3538183787318281     
         116         140  0.52928462558724676     
         119         140   1.2897923077745908     
         139         140   1.2484846746471852     
         117         141  0.97232759451953255     
         118         142  0.96773801850440899     
         122         143  0.96767269974000170     
         123         144  0.97232433613098979     
         126         145  0.96347248733874424     
         128         146  0.97232712871450822     
         129         147  0.96741669354253812     
         134         148  0.96752584967316724     
         135         149  0.97232678044844090     
         138         150  0.96347620595465311     
         152         153   1.6493498092738625     
         153         154   1.1750966329044128     
          78         155   1.1762212539310555     
         154         155   1.2512032714199928     
         155         156   1.2513043156700656     
         156         157   1.1751362779248629     
         157         158   1.6493586297704417     
         158         159   1.1677129124454870     
         151         160  0.52915621892862585     
         156         160   1.2898171289514382     
         159         160   1.2487523380433632     
         159         161   1.3538164788614699     
         161         162   1.3536643506686175     
         162         163   1.1673463338074077     
         163         164   1.6500920689700154     
         164         165   1.1744444440860780     
         151         166  0.52894370914726052     
         162         166   1.2492979575485201     
         165         166   1.2890451916955867     
          79         167   1.1717447189698358     
         165         167   1.2534259536757595     
         167         168   1.2531557792299108     
         168         169   1.1745067451497613     
         169         170   1.6500031888369149     
         170         171   1.1674179517972885     
         151         172  0.52893631550342401     
         168         172   1.2891225755385765     
         171         172   1.2492295446984545     
         171         173   1.3536484270252034     
         152         174   1.1677442944244547     
         173         174   1.3538670982235272     
         151         175  0.52915110525440601     
         154         175   1.2899889644430100     
         174         175   1.2486401461146421     
         152         176  0.97232512516542358     
         153         177  0.96750667236534316     
         157         178  0.96740848702715820     
         158         179  0.97232589612403209     
         161         180  0.96350357391422470     
         163         181  0.97232601659318996     
         164         182  0.96845671814373402     
         169         183  0.96832286584853411     
         170         184  0.97232522217108663     
         173         185  0.96350218452205483     
