   -0.29248552
   -0.05224573
   -0.05044556
    0.07348040
    0.02563876
    0.07351191
   -0.05044593
   -0.05224355
    0.07306803
   -0.04772772
   -0.04152718
    0.07419666
   -0.05130438
   -0.05138259
    0.07451175
   -0.04685314
   -0.04329539
    0.07452686
   -0.05137836
   -0.05129726
    0.07420428
   -0.04695640
   -0.04153137
    0.07309586
   -0.04776286
    0.03514200
    0.03718194
    0.03713489
    0.03514705
    0.04896058
    0.03563611
    0.03555287
    0.04831386
    0.03555012
    0.03563197
    0.04895080
   -0.02151673
   -0.00901037
   -0.00895408
   -0.02162368
   -0.29363164
   -0.05222417
   -0.05048147
    0.07343902
    0.02574537
    0.07350685
   -0.05038678
   -0.05222652
    0.07301608
   -0.04736661
   -0.04140727
    0.07414283
   -0.05129891
   -0.05136602
    0.07445972
   -0.04653951
   -0.04315055
    0.07445965
   -0.05138087
   -0.05129405
    0.07413503
   -0.04660410
   -0.04137404
    0.07299657
   -0.04744979
    0.03516000
    0.03706652
    0.03710192
    0.03515424
    0.04887713
    0.03563117
    0.03555816
    0.04824149
    0.03554066
    0.03562164
    0.04887939
