           2           3   1.6456148070331817     
           3           4   1.1784048721610512     
           4           5   1.2533760002332102     
           5           6   1.2531101411081067     
           6           7   1.1783638311798543     
           7           8   1.6455967354584486     
           8           9   1.1697183610425823     
           1          10  0.75289765227271321     
           6          10   1.2616410826826234     
           9          10   1.2269047554841583     
           9          11   1.3553011080280888     
          11          12   1.3534187264043482     
          12          13   1.1612171718945525     
          13          14   1.6610409462089777     
          14          15   1.1605715135652015     
           1          16  0.75125666622911091     
          12          16   1.2393790378656115     
          15          16   1.2422082754683110     
          15          17   1.3530159018014154     
          17          18   1.3529774541396271     
          18          19   1.1605588431423355     
          19          20   1.6610489066898588     
          20          21   1.1612196257106662     
           1          22  0.75103493550813838     
          18          22   1.2423367921873978     
          21          22   1.2393679739081085     
          21          23   1.3534968474871909     
           2          24   1.1696495242167491     
          23          24   1.3551949228332894     
           1          25  0.75288955170303429     
           4          25   1.2613784477949348     
          24          25   1.2271051594948958     
           2          26  0.97179945397974410     
           3          27  0.97003545751098730     
           7          28  0.97002254552018818     
           8          29  0.97179863441266501     
          11          30  0.96378920966645809     
          13          31  0.97169852703009385     
          14          32  0.97172378492053491     
          17          33  0.96410964677396338     
          19          34  0.97172644013440201     
          20          35  0.97170087792555504     
          23          36  0.96378882723331605     
           5          37   1.1787553298917843     
          37          38   2.4781924023123398     
          38          39   1.2999374983837908     
          37          40  0.20404915703465695     
          39          40   2.4776871452902478     
          42          43   1.6450774159935582     
          43          44   1.1786141156968393     
          40          45   1.1797006155374352     
          44          45   1.2520386410985167     
          45          46   1.2525308544000282     
          46          47   1.1786002878330872     
          47          48   1.6451037694324309     
          48          49   1.1697428813537964     
          41          50  0.75316003357656625     
          46          50   1.2615324223659177     
          49          50   1.2266063736728345     
          49          51   1.3549682357003445     
          51          52   1.3526615372182866     
          52          53   1.1614266631483137     
          53          54   1.6606643532480825     
          54          55   1.1606461876519356     
          41          56  0.75139673837827581     
          52          56   1.2393998869247114     
          55          56   1.2418673872366819     
          55          57   1.3527200491698017     
          57          58   1.3522818195234267     
          58          59   1.1607771595479903     
          59          60   1.6606357349545309     
          60          61   1.1613822986750100     
          41          62  0.75121342155170789     
          58          62   1.2422468100724542     
          61          62   1.2391350076326924     
          61          63   1.3529585361864678     
          42          64   1.1698816719162788     
          63          64   1.3548205000455413     
          41          65  0.75278984110713443     
          44          65   1.2616507400896901     
          64          65   1.2267158281056829     
          42          66  0.97180057608759196     
          43          67  0.97011378697384842     
          47          68  0.97009880326495956     
          48          69  0.97179994290584049     
          51          70  0.96389226626408986     
          53          71  0.97170610965146864     
          54          72  0.97172710868100398     
          57          73  0.96419457673908104     
          59          74  0.97173195627889031     
          60          75  0.97170590240612009     
          63          76  0.96387905386132033     
