   -0.05476415
   -0.05310025
    0.08704005
    0.01177178
    0.06412188
   -0.04978524
   -0.05177677
    0.06433063
   -0.08110468
   -0.05490582
    0.08683088
   -0.05372770
   -0.05376299
    0.08646281
   -0.32080680
   -0.05665118
    0.06499418
   -0.05104151
   -0.05087187
    0.06571554
   -0.08092490
   -0.05490514
    0.08552822
   -0.32468588
    0.01857488
    0.02067387
    0.04323186
    0.04145805
    0.21413004
    0.04705734
    0.01952396
    0.01955885
    0.04623526
    0.04198093
    0.04191684
    0.21443996
    0.04708017
   -0.05476371
   -0.05307119
    0.08706901
    0.01177785
    0.06411706
   -0.04980700
   -0.05177039
    0.06431358
   -0.08106306
   -0.05489354
    0.08682690
   -0.05372804
   -0.05376360
    0.08646537
   -0.32080632
   -0.05664598
    0.06499950
   -0.05104451
   -0.05087364
    0.06571199
   -0.08091187
   -0.05489767
    0.08552601
   -0.32470594
    0.01856539
    0.02067272
    0.04323183
    0.04147319
    0.21412905
    0.04706742
    0.01952693
    0.01956217
    0.04623938
    0.04198271
    0.04191757
    0.21442705
    0.04707727
   -0.02166849
   -0.01133565
   -0.01041255
   -0.02254759
   -0.02178618
   -0.01074181
   -0.01047730
   -0.02202840
   -0.02183133
   -0.01058799
   -0.01051699
   -0.02188772
   -0.02189201
   -0.01052002
   -0.01059338
   -0.02182854
   -0.02203534
   -0.01045841
   -0.01072291
   -0.02179247
   -0.02256024
   -0.01042101
   -0.01135650
   -0.02167236
   -0.05455034
   -0.05295867
    0.08683956
    0.01231885
    0.06355679
   -0.05005158
   -0.05182112
    0.06408318
   -0.08123506
   -0.05268773
    0.08520590
   -0.05451361
   -0.05296739
    0.08699547
   -0.32393593
    0.01185785
    0.06365735
   -0.05021585
   -0.05176256
    0.06396907
   -0.08123775
   -0.05261045
    0.08521005
   -0.32381187
    0.01874624
    0.02076053
    0.04302909
    0.04130783
    0.21443567
    0.04780595
    0.01873430
    0.02061297
    0.04295315
    0.04134138
    0.21444618
    0.04786050
   -0.05450710
   -0.05294776
    0.08699497
    0.01217571
    0.06363725
   -0.05016395
   -0.05177759
    0.06398693
   -0.08105864
   -0.05252352
    0.08518609
   -0.05449641
   -0.05299199
    0.08701785
   -0.32382308
    0.01202257
    0.06368889
   -0.05016932
   -0.05175255
    0.06396707
   -0.08111371
   -0.05250596
    0.08518028
   -0.32379489
    0.01881620
    0.02071772
    0.04307232
    0.04141691
    0.21443286
    0.04794079
    0.01883312
    0.02069736
    0.04301498
    0.04140516
    0.21441156
    0.04793664
   -0.05449460
   -0.05298357
    0.08703670
    0.01210155
    0.06369702
   -0.05015024
   -0.05175035
    0.06396231
   -0.08105127
   -0.05250376
    0.08518839
   -0.05449403
   -0.05296321
    0.08703313
   -0.32380766
    0.01212043
    0.06369123
   -0.05017013
   -0.05176038
    0.06395666
   -0.08101963
   -0.05249273
    0.08517841
   -0.32381149
    0.01885286
    0.02073911
    0.04305098
    0.04143553
    0.21438843
    0.04795444
    0.01884267
    0.02071881
    0.04306224
    0.04144232
    0.21440393
    0.04796354
   -0.05449313
   -0.05296334
    0.08702456
    0.01203072
    0.06367448
   -0.05019331
   -0.05175492
    0.06396117
   -0.08108778
   -0.05249743
    0.08517400
   -0.05450593
   -0.05297637
    0.08698711
   -0.32377735
    0.01217312
    0.06366107
   -0.05014090
   -0.05177588
    0.06398618
   -0.08108056
   -0.05252984
    0.08518833
   -0.32383230
    0.01882194
    0.02067949
    0.04302748
    0.04141627
    0.21442515
    0.04794785
    0.01882922
    0.02075304
    0.04305071
    0.04140666
    0.21441018
    0.04792919
   -0.05451519
   -0.05299876
    0.08697590
    0.01185862
    0.06367274
   -0.05019347
   -0.05177079
    0.06397191
   -0.08125761
   -0.05260730
    0.08520106
   -0.05455206
   -0.05296037
    0.08684091
   -0.32378873
    0.01231481
    0.06356647
   -0.05005419
   -0.05182837
    0.06406622
   -0.08124139
   -0.05268549
    0.08519925
   -0.32391075
    0.01874575
    0.02061762
    0.04294385
    0.04132346
    0.21444538
    0.04785318
    0.01874092
    0.02072555
    0.04302836
    0.04130307
    0.21444225
    0.04781454
