           1           2   1.7164326719440783     
           2           3   1.1216187990801678     
           3           4   1.2427743412834658     
           4           5   1.2480837504445801     
           5           6   1.2373487316375176     
           6           7   1.5923629174818652     
           7           8   1.2239690544551407     
           5           9   1.2259757131784204     
           8           9   1.2020664123986178     
           8          10   1.3443856072621301     
          10          11   1.3570895892368227     
          11          12   1.1067900239881354     
          12          13   1.7309025326092242     
          13          14   1.1089486566543718     
          11          15   1.3241221657481914     
          14          15   1.3250530163635326     
          14          16   1.3538445238923837     
          16          17   1.3464240084987322     
          17          18   1.2158268950990598     
          18          19   1.6079410947973254     
          19          20   1.2152952198077531     
          17          21   1.2097639028071443     
          20          21   1.2113986780834611     
          20          22   1.3415356798764608     
           1          23   1.1150025184367223     
          22          23   1.3670894763419867     
           3          24   1.3624848766422191     
          23          24   1.2983464877344013     
           1          25  0.97278280757301627     
           2          26  0.97152393808858528     
           6          27  0.97188195219911688     
           7          28  0.97291842169882448     
           9          29  0.89987136794438549     
          10          30  0.96368038550029034     
          12          31  0.97274128031793317     
          13          32  0.97279154840778359     
          16          33  0.96473538788803515     
          18          34  0.97289263561981965     
          19          35  0.97282254890149678     
          21          36  0.90018885653267589     
          22          37  0.96351503331959165     
          38          39   1.7164205406486417     
          39          40   1.1216163199504470     
          40          41   1.2428140048835137     
          41          42   1.2478148385733026     
          42          43   1.2373757522574238     
          43          44   1.5923299578818175     
          44          45   1.2240080382257201     
          42          46   1.2260866804017649     
          45          46   1.2019845359557750     
          45          47   1.3444091425262279     
          47          48   1.3570674544401413     
          48          49   1.1068049026383391     
          49          50   1.7308873678714516     
          50          51   1.1089542516180817     
          48          52   1.3241301673004933     
          51          52   1.3250355007722454     
          51          53   1.3538534606212747     
          53          54   1.3464049363350550     
          54          55   1.2158447600509446     
          55          56   1.6079080624523598     
          56          57   1.2153274421777625     
          54          58   1.2097605239984699     
          57          58   1.2113926820954135     
          57          59   1.3414950878114555     
          38          60   1.1149985032652865     
          59          60   1.3671335243528973     
          40          61   1.3625677449999336     
          60          61   1.2983110820525081     
          38          62  0.97278439154715413     
          39          63  0.97152482451401134     
          43          64  0.97187867479181800     
          44          65  0.97291675963538815     
          46          66  0.89989373497321423     
          47          67  0.96368115416359768     
          49          68  0.97274135597127687     
          50          69  0.97279135352299229     
          53          70  0.96473203096886928     
          55          71  0.97289238544385825     
          56          72  0.97282305254970880     
          58          73  0.90021257616399031     
          59          74  0.96351798155726687     
           4          75   1.1920537378174532     
          75          76   2.4607316418891729     
          76          77   1.3109860580388160     
          75          78  0.20158713070385237     
          77          78   2.4583113808767290     
          79          80   2.4541878455862420     
          80          81   1.3145534833252928     
          79          82  0.20105412610459245     
          81          82   2.4540872334177486     
          83          84   2.4537500882169794     
          84          85   1.3148034253405008     
          83          86  0.20102469067247172     
          85          86   2.4537762986539611     
          87          88   2.4538099726821487     
          88          89   1.3147898173210337     
          87          90  0.20102747939598631     
          89          90   2.4537850771124763     
          91          92   2.4540457474704436     
          92          93   1.3145721049885608     
          91          94  0.20103828065171078     
          93          94   2.4541375828433436     
          95          96   2.4580848416240597     
          96          97   1.3112328650055838     
          41          98   1.1922968578144781     
          95          98  0.20162975135690797     
          97          98   2.4605280032038763     
          99         100   1.7153396946776971     
         100         101   1.1236676850999736     
          78         102   1.1959927385001188     
         101         102   1.2411105411867354     
         102         103   1.2434521523151800     
         103         104   1.2416719097973421     
         104         105   1.5869501554782222     
         105         106   1.2282708778721363     
         103         107   1.2264774530583766     
         106         107   1.2035820797600325     
         106         108   1.3347588933513879     
         108         109   1.3725557218764410     
         109         110   1.1149758379551280     
         110         111   1.7155530729736086     
         111         112   1.1234140170760791     
         109         113   1.2938661112091854     
         112         113   1.3641561758088796     
          79         114   1.1981409746625609     
         112         114   1.2399385836078427     
         114         115   1.2423451768276352     
         115         116   1.2416196928502390     
         116         117   1.5870533866551084     
         117         118   1.2280887582503697     
         115         119   1.2271913914606631     
         118         119   1.2028009626089835     
         118         120   1.3359473798132795     
          99         121   1.1151547451895663     
         120         121   1.3711870401305515     
         101         122   1.3626904314163488     
         121         122   1.2950328609022370     
          99         123  0.97276758839728172     
         100         124  0.97163823609558198     
         104         125  0.97204704434895717     
         105         126  0.97291881537491698     
         107         127  0.89755733557257944     
         108         128  0.96298607755822674     
         110         129  0.97276796107927010     
         111         130  0.97164618868059671     
         116         131  0.97204678645382270     
         117         132  0.97291603457063247     
         119         133  0.89757523040156573     
         120         134  0.96297769214755902     
         135         136   1.7153317730643673     
         136         137   1.1235756091733091     
          82         138   1.1983003254549556     
         137         138   1.2399773012753275     
         138         139   1.2421348232945943     
         139         140   1.2419833998356626     
         140         141   1.5865229982891553     
         141         142   1.2285982809583580     
         139         143   1.2270569928933981     
         142         143   1.2031494237004368     
         142         144   1.3348341929681107     
         144         145   1.3725458150492180     
         145         146   1.1150896173218126     
         146         147   1.7154655437281248     
         147         148   1.1234454111302312     
         145         149   1.2937053476637876     
         148         149   1.3642925121591938     
          83         150   1.1984576137947298     
         148         150   1.2395930425452435     
         150         151   1.2422948156437938     
         151         152   1.2418553877230754     
         152         153   1.5866533826721292     
         153         154   1.2284861689185744     
         151         155   1.2271347839995006     
         154         155   1.2029594663545418     
         154         156   1.3352088731867604     
         135         157   1.1151632502369080     
         156         157   1.3720918017445356     
         137         158   1.3639180141872003     
         157         158   1.2940708806416847     
         135         159  0.97276661709627366     
         136         160  0.97164034005852162     
         140         161  0.97203453173735566     
         141         162  0.97291446440086204     
         143         163  0.89774236762589510     
         144         164  0.96297995635232625     
         146         165  0.97276439328175823     
         147         166  0.97163080323909090     
         152         167  0.97204622182386313     
         153         168  0.97291545660186907     
         155         169  0.89776806820592114     
         156         170  0.96298288793101661     
         171         172   1.7154363858302237     
         172         173   1.1234269831210064     
          86         174   1.1984421361910105     
         173         174   1.2396463555739974     
         174         175   1.2422556079879687     
         175         176   1.2418939666384730     
         176         177   1.5865782554255841     
         177         178   1.2285778442738795     
         175         179   1.2271014062338246     
         178         179   1.2030004648486052     
         178         180   1.3350451366319172     
         180         181   1.3722899184760500     
         181         182   1.1151141683286301     
         182         183   1.7154291392013925     
         183         184   1.1234667685845423     
         181         185   1.2939361660447974     
         184         185   1.3640960690003452     
          87         186   1.1984124643999219     
         184         186   1.2398619711670149     
         186         187   1.2420813662755241     
         187         188   1.2419406664652295     
         188         189   1.5865168911524126     
         189         190   1.2286357168932562     
         187         191   1.2271576722744029     
         190         191   1.2030004364716280     
         190         192   1.3349670617856140     
         171         193   1.1151470065252331     
         192         193   1.3724357219675385     
         173         194   1.3642946820722344     
         193         194   1.2937289594535808     
         171         195  0.97276416087204354     
         172         196  0.97162880190686340     
         176         197  0.97203808647693923     
         177         198  0.97291420655972893     
         179         199  0.89788598758124694     
         180         200  0.96298955555267096     
         182         201  0.97276588369451822     
         183         202  0.97164204121651809     
         188         203  0.97202855883610995     
         189         204  0.97291412563396706     
         191         205  0.89787726085345376     
         192         206  0.96298659072552317     
         207         208   1.7154565779160071     
         208         209   1.1234668680113258     
          90         210   1.1984392873766376     
         209         210   1.2397998739586080     
         210         211   1.2420858127927068     
         211         212   1.2418888445900695     
         212         213   1.5866087653736285     
         213         214   1.2285239271236936     
         211         215   1.2272009254973599     
         214         215   1.2029315055919743     
         214         216   1.3351782379967163     
         216         217   1.3721718301817107     
         217         218   1.1151641629160423     
         218         219   1.7153563108149346     
         219         220   1.1235424306729174     
         217         221   1.2939694570996003     
         220         221   1.3640188467030636     
          91         222   1.1983354644893436     
         220         222   1.2398164481190195     
         222         223   1.2422447610872829     
         223         224   1.2419806315202644     
         224         225   1.5865153203576929     
         225         226   1.2286009849193373     
         223         227   1.2270403601433979     
         226         227   1.2031342304055563     
         226         228   1.3348630081885253     
         207         229   1.1150661873352830     
         228         229   1.3724665769691784     
         209         230   1.3641779834078207     
         229         230   1.2938285349128993     
         207         231  0.97276579520964412     
         208         232  0.97164166220672721     
         212         233  0.97203729276074535     
         213         234  0.97291408848660321     
         215         235  0.89775605540072745     
         216         236  0.96297920389498326     
         218         237  0.97276496384349120     
         219         238  0.97164062058526934     
         224         239  0.97203788940685432     
         225         240  0.97291598904686538     
         227         241  0.89776451914611854     
         228         242  0.96298404445889585     
         243         244   1.7155423735838875     
         244         245   1.1234450538411807     
          94         246   1.1981955983805794     
         245         246   1.2397385878969545     
         246         247   1.2424735967136740     
         247         248   1.2416411053925331     
         248         249   1.5870023673947626     
         249         250   1.2281252453412845     
         247         251   1.2271749568795927     
         250         251   1.2028439794519010     
         250         252   1.3358674290349768     
         252         253   1.3712655374662570     
         253         254   1.1151513440344929     
         254         255   1.7153439178016874     
         255         256   1.1236581191879393     
         253         257   1.2949390370665241     
         256         257   1.3628402457042152     
          95         258   1.1962764373541015     
         256         258   1.2409380783453252     
         258         259   1.2433417719116295     
         259         260   1.2417448273852578     
         260         261   1.5868536092751442     
         261         262   1.2283361467255944     
         259         263   1.2265181162497898     
         262         263   1.2035640033578212     
         262         264   1.3347254528351067     
         243         265   1.1149695316844246     
         264         265   1.3725936111215251     
         245         266   1.3641690779567939     
         265         266   1.2938235924000474     
         243         267  0.97276595152684919     
         244         268  0.97164418428119337     
         248         269  0.97205385643097875     
         249         270  0.97291806918657275     
         251         271  0.89755990631914795     
         252         272  0.96298025549298083     
         254         273  0.97276684111167777     
         255         274  0.97163877383578900     
         260         275  0.97205138595529095     
         261         276  0.97292061596592794     
         263         277  0.89756151796265338     
         264         278  0.96298310327868919     
