    0.56128298
   -0.05410765
   -0.05428742
    0.07042815
    0.00996309
    0.07047489
   -0.05423537
   -0.05410657
    0.06432310
   -0.21432693
   -0.06020870
    0.06555732
   -0.05332149
   -0.05503142
    0.07050349
   -0.21258469
   -0.05893202
    0.07050636
   -0.05502992
   -0.05332275
    0.06556156
   -0.21258399
   -0.06021281
    0.06432038
   -0.21427258
    0.03047733
    0.03300375
    0.03297608
    0.03044666
    0.04952157
    0.03089783
    0.03121001
    0.04753510
    0.03121159
    0.03089576
    0.04952971
    0.56127211
   -0.05409754
   -0.05428269
    0.07042970
    0.00995946
    0.07045719
   -0.05422914
   -0.05411148
    0.06433708
   -0.21431855
   -0.06023123
    0.06556842
   -0.05332384
   -0.05502774
    0.07050134
   -0.21259198
   -0.05893467
    0.07050224
   -0.05502755
   -0.05332698
    0.06556162
   -0.21257648
   -0.06021869
    0.06433665
   -0.21431355
    0.03047456
    0.03298774
    0.03297858
    0.03045757
    0.04951137
    0.03089309
    0.03120443
    0.04753119
    0.03121000
    0.03089578
    0.04952142
   -0.02089198
   -0.01188670
   -0.00352465
   -0.00378549
   -0.01162679
   -0.02115950
   -0.02096287
   -0.01167115
   -0.00358116
   -0.00358105
   -0.01167728
   -0.02096309
   -0.02111185
   -0.01161389
   -0.00375390
   -0.00349239
   -0.01187326
   -0.02084573
    0.56386393
   -0.05401735
   -0.05431806
    0.07080687
    0.01000996
    0.07082152
   -0.05427935
   -0.05403237
    0.06412996
   -0.21540821
   -0.05842816
    0.06411047
   -0.05400997
   -0.05432767
    0.07088195
   -0.21543584
    0.00991844
    0.07087755
   -0.05432851
   -0.05400612
    0.06410136
   -0.21545107
   -0.05841428
    0.06410232
   -0.21536637
    0.03042693
    0.03283594
    0.03282176
    0.03041652
    0.05008688
    0.03044023
    0.03283243
    0.03282596
    0.03043946
    0.05009075
    0.56386445
   -0.05400803
   -0.05433330
    0.07086353
    0.00991144
    0.07087258
   -0.05432510
   -0.05400364
    0.06410980
   -0.21548936
   -0.05840896
    0.06411826
   -0.05401878
   -0.05431204
    0.07079966
   -0.21537197
    0.01000720
    0.07081490
   -0.05427704
   -0.05402512
    0.06413805
   -0.21543882
   -0.05843608
    0.06411349
   -0.21542798
    0.03044396
    0.03283423
    0.03283378
    0.03043347
    0.05008281
    0.03043146
    0.03282686
    0.03282121
    0.03041954
    0.05007856
