           2           3   1.6439000630635632     
           3           4   1.1824870453668015     
           4           5   1.2550095249911184     
           5           6   1.2551923186876355     
           6           7   1.1825525168712789     
           7           8   1.6438100168477963     
           8           9   1.1712066039663600     
           1          10  0.65684191917081003     
           6          10   1.2573352557462329     
           9          10   1.2163495475714654     
           9          11   1.3611612911431648     
          11          12   1.3608763868517431     
          12          13   1.1627553189611834     
          13          14   1.6598904760283157     
          14          15   1.1639051100352138     
           1          16  0.65984764669689322     
          12          16   1.2264895111266161     
          15          16   1.2387510704224867     
          15          17   1.3578768073096832     
          17          18   1.3579724823584431     
          18          19   1.1638830810438412     
          19          20   1.6599091010586613     
          20          21   1.1627392381420205     
           1          22  0.65983828510466014     
          18          22   1.2386886332544913     
          21          22   1.2265536626477735     
          21          23   1.3608374331284177     
           2          24   1.1711620158529876     
          23          24   1.3612041936478738     
           1          25  0.65689271796959847     
           4          25   1.2573481096838228     
          24          25   1.2163156366585064     
           2          26  0.97224295519978032     
           3          27  0.97116735252057607     
           7          28  0.97116136300253819     
           8          29  0.97224157211360929     
          11          30  0.96291968541933115     
          13          31  0.97213651392939027     
          14          32  0.97240491787148908     
          17          33  0.96490895740038074     
          19          34  0.97240355814416790     
          20          35  0.97213580893777485     
          23          36  0.96291928815882444     
          38          39   1.6438972718499132     
          39          40   1.1824589390428688     
          40          41   1.2551123803833470     
          41          42   1.2555455098947754     
          42          43   1.1824410497706628     
          43          44   1.6439418412594935     
          44          45   1.1711275577056433     
          37          46  0.65700910718207206     
          42          46   1.2571354411497069     
          45          46   1.2164070957103443     
          45          47   1.3611714769925050     
          47          48   1.3608777845254894     
          48          49   1.1627363778127604     
          49          50   1.6599181605179929     
          50          51   1.1638839256949163     
          37          52  0.65983246477550905     
          48          52   1.2265409862905470     
          51          52   1.2387137899412286     
          51          53   1.3579312321907810     
          53          54   1.3579687596122993     
          54          55   1.1638768840934202     
          55          56   1.6599451468810877     
          56          57   1.1627014423452113     
          37          58  0.65982288189635918     
          54          58   1.2386829378884427     
          57          58   1.2265973290206258     
          57          59   1.3608496420231431     
          38          60   1.1712068934774629     
          59          60   1.3612129425191277     
          37          61  0.65680241845467058     
          40          61   1.2573395078470511     
          60          61   1.2163007584234462     
          38          62  0.97224001709842089     
          39          63  0.97116057374500597     
          43          64  0.97115874353301679     
          44          65  0.97224263109770559     
          47          66  0.96292335482936642     
          49          67  0.97213651412866087     
          50          68  0.97240400075025402     
          53          69  0.96490597898091246     
          55          70  0.97240292454855526     
          56          71  0.97213737169189440     
          59          72  0.96292051320087602     
           5          73   1.1857345847704037     
          73          74   2.4474638371491815     
          74          75   1.3289672152853016     
          73          76  0.19335483793139036     
          75          76   2.3618587709719066     
          76          77   1.3297380358846684     
          75          78  0.19315668629046837     
          77          78   2.4449380768785445     
          79          80   2.4434410078481248     
          80          81   1.3309772095769834     
          79          82  0.19291136183745278     
          81          82   2.3593747245955337     
          82          83   1.3309623271765254     
          81          84  0.19291398574898516     
          83          84   2.4434825459215421     
          85          86   2.4453402446431696     
          86          87   1.3293169306991295     
          85          88  0.19310706666912256     
          87          88   2.3622729365435760     
          88          89   1.3285467797401531     
          41          90   1.1852755552817655     
          87          90  0.19330474813618859     
          89          90   2.4478643372889497     
          92          93   1.6428342766085757     
          93          94   1.1829560972807358     
          78          95   1.1883760953590832     
          94          95   1.2522093513887631     
          95          96   1.2525595231914457     
          96          97   1.1830082074592683     
          97          98   1.6428196643524005     
          98          99   1.1721485215126137     
          91         100  0.65205076210552237     
          96         100   1.2600690683535978     
          99         100   1.2150925052746357     
          99         101   1.3604927232149331     
         101         102   1.3608601249806738     
         102         103   1.1722059341302409     
         103         104   1.6427868135964565     
         104         105   1.1829872293620438     
          91         106  0.65187440536508290     
         102         106   1.2147535329429724     
         105         106   1.2605097971472903     
          79         107   1.1890909310423712     
         105         107   1.2520041092696172     
         107         108   1.2519795198798136     
         108         109   1.1830286019488152     
         109         110   1.6427391565245508     
         110         111   1.1722372771986109     
          91         112  0.65180019609905115     
         108         112   1.2605110818875431     
         111         112   1.2147821725821886     
         111         113   1.3607928135756926     
          92         114   1.1722028884378763     
         113         114   1.3605995314173924     
          91         115  0.65211888903521364     
          94         115   1.2602691131519483     
         114         115   1.2148759681053019     
          92         116  0.97223490491454323     
          93         117  0.97119384336090120     
          97         118  0.97119803896359980     
          98         119  0.97224031948335743     
         101         120  0.96266334118911168     
         103         121  0.97223892842807347     
         104         122  0.97119446491956096     
         109         123  0.97120205226372280     
         110         124  0.97223987582441218     
         113         125  0.96265672216775233     
         127         128   1.6428429016703614     
         128         129   1.1829572164934632     
          84         130   1.1890241760879723     
         129         130   1.2520002489712259     
         130         131   1.2520668277980826     
         131         132   1.1831397975365543     
         132         133   1.6426395949746735     
         133         134   1.1722600357803450     
         126         135  0.65188426060835281     
         131         135   1.2604202781313527     
         134         135   1.2147860900098209     
         134         136   1.3607934916420832     
         136         137   1.3606332034275843     
         137         138   1.1722045683070377     
         138         139   1.6428850541326270     
         139         140   1.1828996149730049     
         126         141  0.65220129568128316     
         137         141   1.2148538736536154     
         140         141   1.2601944488830998     
          85         142   1.1879155395252718     
         140         142   1.2523811086286039     
         142         143   1.2528350332778768     
         143         144   1.1828904760816754     
         144         145   1.6429178425345550     
         145         146   1.1721269361329865     
         126         147  0.65207648650964045     
         143         147   1.2599487873539545     
         146         147   1.2151045122113822     
         146         148   1.3605050170836450     
         127         149   1.1721550832437790     
         148         149   1.3609280622029081     
         126         150  0.65195099609682905     
         129         150   1.2604618550550479     
         149         150   1.2147323036339519     
         127         151  0.97223728403354237     
         128         152  0.97119440584430394     
         132         153  0.97118299627696336     
         133         154  0.97224648856142215     
         136         155  0.96266347656866391     
         138         156  0.97223609495243757     
         139         157  0.97118616255023993     
         144         158  0.97119703805751567     
         145         159  0.97223736110424319     
         148         160  0.96265916173226118     
