    0.19854232
   -0.05056974
   -0.04882632
    0.07868537
    0.01723000
    0.07867055
   -0.04883697
   -0.05056720
    0.07715496
   -0.17133022
   -0.04949346
    0.07848056
   -0.04953299
   -0.04971774
    0.07918145
   -0.16966634
   -0.05131305
    0.07917740
   -0.04971417
   -0.04953208
    0.07848084
   -0.16967727
   -0.04949235
    0.07716167
   -0.17133176
    0.03464083
    0.03634548
    0.03638109
    0.03465471
    0.05016276
    0.03533113
    0.03526636
    0.04944668
    0.03526781
    0.03533655
    0.05015705
    0.19850640
   -0.05056652
   -0.04883703
    0.07867182
    0.01723782
    0.07867003
   -0.04882004
   -0.05056486
    0.07717407
   -0.17134795
   -0.04952137
    0.07848049
   -0.04953108
   -0.04971245
    0.07918512
   -0.16968211
   -0.05131294
    0.07918220
   -0.04970975
   -0.04953262
    0.07848185
   -0.16967212
   -0.04951561
    0.07717211
   -0.17134998
    0.03464857
    0.03638522
    0.03638798
    0.03464802
    0.05015687
    0.03533142
    0.03526698
    0.04944211
    0.03526606
    0.03533369
    0.05015579
   -0.02045964
   -0.00892428
   -0.00911698
   -0.02011611
   -0.02024573
   -0.00891391
   -0.00900491
   -0.02014970
   -0.02022049
   -0.00894101
   -0.00897668
   -0.02018505
   -0.02020410
   -0.00895791
   -0.00895554
   -0.02020605
   -0.02018683
   -0.00896882
   -0.00892892
   -0.02022303
   -0.02015565
   -0.00899046
   -0.00890168
   -0.02025485
   -0.02008857
   -0.00907866
   -0.00889122
   -0.02042000
    0.20047115
   -0.05057415
   -0.04920706
    0.07904656
    0.01706218
    0.07903703
   -0.04917787
   -0.05057182
    0.07658214
   -0.17284475
   -0.04727767
    0.07656577
   -0.05058883
   -0.04913231
    0.07905662
   -0.17278491
    0.01722991
    0.07903034
   -0.04920168
   -0.05058107
    0.07655347
   -0.17273892
   -0.04725771
    0.07656722
   -0.17284119
    0.03409913
    0.03558050
    0.03556957
    0.03409227
    0.05031668
    0.03411669
    0.03570586
    0.03570626
    0.03413440
    0.05033143
    0.20077722
   -0.05056429
   -0.04916906
    0.07907417
    0.01709046
    0.07905208
   -0.04921807
   -0.05056036
    0.07650757
   -0.17273036
   -0.04720309
    0.07650974
   -0.05057005
   -0.04918752
    0.07904969
   -0.17271144
    0.01716051
    0.07905396
   -0.04917247
   -0.05056656
    0.07651326
   -0.17272078
   -0.04720914
    0.07651011
   -0.17274922
    0.03412388
    0.03563559
    0.03568241
    0.03413617
    0.05037734
    0.03414548
    0.03569452
    0.03569935
    0.03413703
    0.05036668
    0.20087297
   -0.05055937
   -0.04918898
    0.07906019
    0.01710557
    0.07905661
   -0.04918722
   -0.05055958
    0.07649609
   -0.17271124
   -0.04720561
    0.07649971
   -0.05056098
   -0.04916515
    0.07906455
   -0.17270727
    0.01712273
    0.07904271
   -0.04920285
   -0.05055997
    0.07649642
   -0.17269999
   -0.04720077
    0.07649871
   -0.17271052
    0.03414394
    0.03569217
    0.03568104
    0.03414704
    0.05038400
    0.03414032
    0.03568266
    0.03571046
    0.03415590
    0.05038978
    0.20087314
   -0.05056084
   -0.04916151
    0.07906415
    0.01712957
    0.07905140
   -0.04920212
   -0.05056015
    0.07649233
   -0.17270237
   -0.04721008
    0.07649373
   -0.05056296
   -0.04916586
    0.07906666
   -0.17271171
    0.01711525
    0.07904837
   -0.04920093
   -0.05056053
    0.07649248
   -0.17270035
   -0.04721333
    0.07649369
   -0.17271583
    0.03414082
    0.03568698
    0.03570131
    0.03414921
    0.05038759
    0.03413950
    0.03568354
    0.03568495
    0.03414513
    0.05038772
    0.20075920
   -0.05057163
   -0.04916507
    0.07905682
    0.01717769
    0.07905770
   -0.04918202
   -0.05056792
    0.07650038
   -0.17272557
   -0.04722836
    0.07650008
   -0.05056377
   -0.04917111
    0.07906443
   -0.17274892
    0.01710920
    0.07906366
   -0.04920130
   -0.05056622
    0.07649790
   -0.17274093
   -0.04721970
    0.07649998
   -0.17272091
    0.03413419
    0.03568157
    0.03570335
    0.03413357
    0.05037439
    0.03412076
    0.03564552
    0.03566031
    0.03412412
    0.05037678
    0.20044340
   -0.05058712
   -0.04913780
    0.07906022
    0.01723913
    0.07903779
   -0.04917336
   -0.05058490
    0.07655564
   -0.17275681
   -0.04730368
    0.07658614
   -0.05057115
   -0.04919721
    0.07902932
   -0.17285592
    0.01708344
    0.07904570
   -0.04917791
   -0.05057246
    0.07658717
   -0.17286873
   -0.04731129
    0.07655993
   -0.17277202
    0.03412075
    0.03569971
    0.03571460
    0.03413097
    0.05032987
    0.03410063
    0.03559522
    0.03560722
    0.03409398
    0.05032295
