           2           3   1.6499120530791269     
           3           4   1.1751605038538069     
           4           5   1.2495476974203383     
           5           6   1.2494783643431020     
           6           7   1.1750889753215115     
           7           8   1.6500271140313587     
           8           9   1.1670881623423388     
           1          10  0.53393755159683254     
           6          10   1.2881533495644564     
           9          10   1.2485923131628889     
           9          11   1.3549045836527753     
          11          12   1.3519343741458081     
          12          13   1.1581835637208688     
          13          14   1.6657035810590590     
          14          15   1.1577178729497060     
           1          16  0.53514984929632681     
          12          16   1.2628164964139019     
          15          16   1.2650249505717841     
          15          17   1.3514889176133171     
          17          18   1.3515121247185538     
          18          19   1.1577093181952844     
          19          20   1.6657252086430683     
          20          21   1.1581664382317367     
           1          22  0.53526082088685956     
          18          22   1.2649985011788683     
          21          22   1.2627801049404079     
          21          23   1.3519861169281957     
           2          24   1.1671421655619878     
          23          24   1.3548575245210133     
           1          25  0.53387024375170899     
           4          25   1.2881127536084271     
          24          25   1.2486144148274545     
           2          26  0.97228619537519301     
           3          27  0.97075634933274513     
           7          28  0.97074768699697134     
           8          29  0.97228675113831076     
          11          30  0.96378203436965137     
          13          31  0.97218068119540257     
          14          32  0.97220415037868613     
          17          33  0.96417439094876778     
          19          34  0.97220199341657854     
          20          35  0.97217883336705868     
          23          36  0.96378028289793893     
          38          39   1.6500222221371652     
          39          40   1.1750821194487648     
          40          41   1.2498310653625062     
          41          42   1.2498813695892810     
          42          43   1.1750787190313199     
          43          44   1.6500597448860517     
          44          45   1.1670561587865473     
          37          46  0.53375116763072883     
          42          46   1.2879084113784411     
          45          46   1.2487991470266095     
          45          47   1.3547769659868982     
          47          48   1.3520332310714678     
          48          49   1.1581460702442712     
          49          50   1.6657586090255085     
          50          51   1.1576948710030521     
          37          52  0.53525060999116458     
          48          52   1.2627841723548303     
          51          52   1.2649981763649389     
          51          53   1.3515299041465283     
          53          54   1.3514958114651776     
          54          55   1.1577089894281258     
          55          56   1.6657475615948232     
          56          57   1.1581432873509794     
          37          58  0.53510862224330147     
          54          58   1.2650186967699599     
          57          58   1.2628298232411030     
          57          59   1.3520012643856747     
          38          60   1.1671093006843758     
          59          60   1.3548248172986375     
          37          61  0.53394034411262115     
          40          61   1.2879116113189637     
          60          61   1.2486923417069939     
          38          62  0.97228319000488683     
          39          63  0.97074464727098098     
          43          64  0.97075131115729196     
          44          65  0.97228670986080301     
          47          66  0.96378234475063906     
          49          67  0.97217973886294251     
          50          68  0.97220303360158755     
          53          69  0.96417841570638496     
          55          70  0.97220442343069091     
          56          71  0.97218172322380814     
          59          72  0.96377888528977007     
           5          73   1.1855254030583182     
          73          74   2.4689882570163455     
          74          75   1.3059135685454339     
          73          76  0.20274660724051247     
          75          76   2.4671029741243595     
          77          78   2.4638239745572887     
          78          79   1.3086114902910961     
          77          80  0.20229563898473840     
          79          80   2.4637390344806791     
          81          82   2.4634796792258076     
          82          83   1.3088146631099802     
          81          84  0.20225595879882108     
          83          84   2.4634708405414001     
          85          86   2.4634893956621520     
          86          87   1.3087964489007755     
          85          88  0.20223038884377029     
          87          88   2.4634845149699616     
          89          90   2.4635943223019354     
          90          91   1.3086928961784634     
          89          92  0.20221733912516851     
          91          92   2.4636085129415304     
          93          94   2.4639775523211771     
          94          95   1.3084041231416268     
          93          96  0.20225113730930258     
          95          96   2.4640841542070557     
          97          98   2.4678292457263646     
          98          99   1.3051368488865143     
          41         100   1.1847612142998138     
          97         100  0.20257231644049467     
          99         100   2.4697261474371168     
         102         103   1.6490133117336474     
         103         104   1.1755619081944810     
          76         105   1.1880585818582954     
         104         105   1.2466866480436254     
         105         106   1.2467993258545516     
         106         107   1.1755717274122386     
         107         108   1.6490334219286757     
         108         109   1.1679783109669162     
         101         110  0.52868230220256640     
         106         110   1.2910587413442192     
         109         110   1.2477298790866127     
         109         111   1.3541602858833519     
         111         112   1.3538655700928115     
         112         113   1.1682022532697056     
         113         114   1.6486542601233105     
         114         115   1.1758943204958145     
         101         116  0.52899084858975209     
         112         116   1.2477215389823542     
         115         116   1.2911368376055914     
          77         117   1.1897742366187189     
         115         117   1.2462440998262920     
         117         118   1.2457319529047606     
         118         119   1.1758647833710962     
         119         120   1.6486585732238721     
         120         121   1.1682342285183003     
         101         122  0.52864265852970438     
         118         122   1.2914228180360130     
         121         122   1.2475990819003682     
         121         123   1.3539284473957041     
         102         124   1.1680420374280958     
         123         124   1.3541797181513875     
         101         125  0.52890074053731384     
         104         125   1.2911052801845224     
         124         125   1.2475928383562414     
         102         126  0.97232604818252100     
         103         127  0.97084348488181493     
         107         128  0.97086048192381647     
         108         129  0.97233169210274828     
         111         130  0.96351164350967400     
         113         131  0.97233009573094631     
         114         132  0.97084874730857518     
         119         133  0.97084412140473708     
         120         134  0.97232821463657959     
         123         135  0.96350434237405036     
         137         138   1.6484993971625461     
         138         139   1.1759653206805629     
          80         140   1.1898703667453037     
         139         140   1.2459280415295515     
         140         141   1.2457374094850806     
         141         142   1.1759519533668910     
         142         143   1.6485196766748911     
         143         144   1.1683224372009036     
         136         145  0.52910499287168944     
         141         145   1.2913782590746030     
         144         145   1.2472691529443358     
         144         146   1.3541432886383327     
         146         147   1.3539765820861671     
         147         148   1.1683881949449897     
         148         149   1.6484286699733792     
         149         150   1.1760225102713300     
         136         151  0.52919441022734548     
         147         151   1.2473359509548692     
         150         151   1.2913376937857586     
          81         152   1.1900339649415757     
         150         152   1.2457081985949867     
         152         153   1.2458349572028651     
         153         154   1.1760411400427560     
         154         155   1.6484182494097968     
         155         156   1.1683784315444212     
         136         157  0.52915931968574637     
         153         157   1.2912743455826083     
         156         157   1.2473872261696335     
         156         158   1.3539562147257778     
         137         159   1.1683317476512922     
         158         159   1.3541266075824390     
         136         160  0.52922841062852055     
         139         160   1.2913216484892025     
         159         160   1.2472871104094159     
         137         161  0.97232742200858313     
         138         162  0.97084583699296700     
         142         163  0.97084843899895557     
         143         164  0.97232638307534003     
         146         165  0.96349455702251996     
         148         166  0.97232592634462045     
         149         167  0.97084202258093355     
         154         168  0.97085005811918124     
         155         169  0.97232728952001335     
         158         170  0.96349794508055131     
         172         173   1.6483651050027850     
         173         174   1.1760622038449311     
          84         175   1.1900407309203294     
         174         175   1.2457461928027458     
         175         176   1.2457376307793473     
         176         177   1.1760393343883986     
         177         178   1.6484040904451494     
         178         179   1.1684002828715521     
         171         180  0.52938427229648077     
         176         180   1.2913144086105226     
         179         180   1.2472120088455441     
         179         181   1.3540934296982214     
         181         182   1.3539927896081161     
         182         183   1.1684374838444007     
         183         184   1.6483422423523055     
         184         185   1.1760793124504521     
         171         186  0.52928508204893743     
         182         186   1.2472823252487162     
         185         186   1.2912789331909844     
          85         187   1.1900425743213681     
         185         187   1.2458294840915374     
         187         188   1.2456483620677365     
         188         189   1.1760693406715557     
         189         190   1.6483695888848144     
         190         191   1.1684312331982640     
         171         192  0.52937772228425661     
         188         192   1.2913120254620862     
         191         192   1.2472076509790271     
         191         193   1.3540511663121260     
         172         194   1.1684210929016863     
         193         194   1.3540606934970203     
         171         195  0.52925212284724599     
         174         195   1.2913175811510631     
         194         195   1.2472369223416411     
         172         196  0.97232598604368192     
         173         197  0.97084862364464142     
         177         198  0.97084265925358093     
         178         199  0.97232589050700180     
         181         200  0.96349650969644185     
         183         201  0.97232668695812419     
         184         202  0.97084846824459592     
         189         203  0.97084240266121569     
         190         204  0.97232422489632186     
         193         205  0.96349268058589022     
         207         208   1.6483723472485301     
         208         209   1.1760791240662758     
          88         210   1.1900550519610442     
         209         210   1.2458391927999020     
         210         211   1.2456344512896353     
         211         212   1.1760846614640981     
         212         213   1.6483633708298782     
         213         214   1.1684252199497052     
         206         215  0.52928359095336852     
         211         215   1.2913187807317263     
         214         215   1.2472263029235910     
         214         216   1.3540558998864556     
         216         217   1.3540344580125927     
         217         218   1.1684057301696837     
         218         219   1.6483835862783480     
         219         220   1.1760676514160315     
         206         221  0.52926204824913881     
         217         221   1.2472877606913237     
         220         221   1.2912473387506713     
          89         222   1.1899832386582236     
         220         222   1.2458591142108648     
         222         223   1.2456718287632005     
         223         224   1.1760813329958593     
         224         225   1.6483866320705425     
         225         226   1.1684024975020111     
         206         227  0.52929171400290564     
         223         227   1.2912851689744440     
         226         227   1.2472405110179523     
         226         228   1.3540774054687448     
         207         229   1.1684111536573700     
         228         229   1.3539966587409897     
         206         230  0.52925835357699402     
         209         230   1.2912505154307423     
         229         230   1.2473146991162534     
         207         231  0.97232724004449811     
         208         232  0.97085020551925538     
         212         233  0.97084341221476322     
         213         234  0.97232555408956445     
         216         235  0.96349108862401911     
         218         236  0.97232596582518183     
         219         237  0.97084849647662319     
         224         238  0.97084629111820331     
         225         239  0.97232525725141261     
         228         240  0.96349295751268460     
         242         243   1.6484251753543666     
         243         244   1.1760685451881601     
          92         245   1.1899839506302419     
         244         245   1.2457731121757365     
         245         246   1.2458150593284141     
         246         247   1.1760496675270344     
         247         248   1.6484444749391969     
         248         249   1.1683497483584664     
         241         250  0.52911781470150610     
         246         250   1.2912409007246335     
         249         250   1.2474319934266132     
         249         251   1.3539519839685168     
         251         252   1.3540864726950292     
         252         253   1.1682893723422367     
         253         254   1.6485372368564994     
         254         255   1.1759756501786021     
         241         256  0.52910619213298538     
         252         256   1.2473909557321528     
         255         256   1.2912520296931347     
          93         257   1.1897547243348823     
         255         257   1.2459523425211940     
         257         258   1.2458135588445933     
         258         259   1.1760240604345622     
         259         260   1.6484777536592254     
         260         261   1.1683225399069905     
         241         262  0.52911259259223531     
         258         262   1.2912806449071261     
         261         262   1.2473303511620175     
         261         263   1.3541080431758883     
         242         264   1.1683611505842066     
         263         264   1.3539535454591003     
         241         265  0.52911056801982581     
         244         265   1.2912675247847845     
         264         265   1.2474231097063808     
         242         266  0.97232726440728778     
         243         267  0.97084809340076816     
         247         268  0.97085171693350270     
         248         269  0.97232807418794598     
         251         270  0.96349325012896025     
         253         271  0.97232793056133193     
         254         272  0.97085368641385250     
         259         273  0.97084914345013740     
         260         274  0.97232738498347404     
         263         275  0.96349012548294488     
         277         278   1.6486782350484734     
         278         279   1.1758960407335461     
          96         280   1.1896358231510864     
         279         280   1.2461720850380962     
         280         281   1.2459664487988014     
         281         282   1.1758726345035662     
         282         283   1.6487217846257058     
         283         284   1.1681567650128408     
         276         285  0.52885221022796247     
         281         285   1.2912202423836818     
         284         285   1.2476776867142152     
         284         286   1.3539668414642754     
         286         287   1.3540678732165097     
         287         288   1.1679684498204972     
         288         289   1.6490891336212194     
         289         290   1.1755352943659458     
         276         291  0.52870924594579505     
         287         291   1.2478362908502736     
         290         291   1.2908342368717634     
          97         292   1.1873088592055816     
         290         292   1.2470411701937574     
         292         293   1.2471473715611092     
         293         294   1.1755538126467193     
         294         295   1.6490849403923558     
         295         296   1.1679483954687824     
         276         297  0.52884442200678128     
         293         297   1.2907791004820723     
         296         297   1.2478399099111102     
         296         298   1.3540810961177880     
         277         299   1.1681726636574763     
         298         299   1.3539242234762274     
         276         300  0.52880745375190863     
         279         300   1.2911620041508982     
         299         300   1.2477292058425764     
         277         301  0.97233051847992624     
         278         302  0.97085192469221837     
         282         303  0.97084869572504640     
         283         304  0.97232765834713630     
         286         305  0.96350093842967655     
         288         306  0.97232839202701282     
         289         307  0.97085374337455599     
         294         308  0.97084392952133480     
         295         309  0.97232781753353625     
         298         310  0.96350525636442919     
