    0.19762351
   -0.05065606
   -0.04914624
    0.07870299
    0.01666270
    0.07876615
   -0.04904101
   -0.05066371
    0.07713770
   -0.17184863
   -0.04953257
    0.07844957
   -0.04965187
   -0.04981960
    0.07911694
   -0.17003316
   -0.05128356
    0.07911306
   -0.04981599
   -0.04964741
    0.07844044
   -0.17002051
   -0.04951365
    0.07712956
   -0.17180788
    0.03439233
    0.03650289
    0.03646988
    0.03436916
    0.04986449
    0.03501957
    0.03493736
    0.04913348
    0.03493530
    0.03501707
    0.04988127
    0.19761220
   -0.05065259
   -0.04912326
    0.07871709
    0.01666098
    0.07875666
   -0.04905471
   -0.05065618
    0.07715819
   -0.17185059
   -0.04954114
    0.07845363
   -0.04965022
   -0.04981553
    0.07911365
   -0.17001837
   -0.05128609
    0.07911216
   -0.04981515
   -0.04965005
    0.07844970
   -0.17001570
   -0.04953178
    0.07715031
   -0.17184137
    0.03439812
    0.03648956
    0.03646542
    0.03436948
    0.04986839
    0.03502004
    0.03493765
    0.04913568
    0.03493883
    0.03502119
    0.04987687
   -0.01924812
   -0.00987619
   -0.00204247
   -0.00189839
   -0.00991616
   -0.01899518
   -0.01894980
   -0.00990297
   -0.00185781
   -0.00200888
   -0.00985127
   -0.01919993
    0.19953849
   -0.05067544
   -0.04946315
    0.07907586
    0.01664984
    0.07914147
   -0.04936972
   -0.05068110
    0.07662627
   -0.17346442
   -0.04733671
    0.07662809
   -0.05067275
   -0.04944294
    0.07908960
   -0.17344840
    0.01665872
    0.07912386
   -0.04938992
   -0.05067692
    0.07663793
   -0.17346838
   -0.04732911
    0.07661965
   -0.17341735
    0.03384713
    0.03575659
    0.03573703
    0.03382607
    0.05003457
    0.03385522
    0.03575006
    0.03573085
    0.03382630
    0.05004327
