           2           3   1.6501577456415202     
           3           4   1.1750747262746806     
           4           5   1.2479626843771454     
           5           6   1.2486222353206280     
           6           7   1.1749930163494509     
           7           8   1.6502278787390485     
           8           9   1.1669084528329139     
           1          10  0.53245889698411408     
           6          10   1.2885606950894060     
           9          10   1.2489246708951773     
           9          11   1.3549403548465384     
          11          12   1.3517284527845983     
          12          13   1.1579486719818710     
          13          14   1.6660237176918387     
          14          15   1.1575444653728428     
           1          16  0.53370533010370602     
          12          16   1.2634233057238415     
          15          16   1.2653749193786783     
          15          17   1.3514752973862123     
          17          18   1.3514712298098315     
          18          19   1.1574743585886724     
          19          20   1.6661021571609447     
          20          21   1.1578914766718658     
           1          22  0.53359724484365456     
          18          22   1.2654355362900158     
          21          22   1.2634322209736530     
          21          23   1.3517659633822459     
           2          24   1.1669884891843205     
          23          24   1.3549586202358432     
           1          25  0.53247795200148962     
           4          25   1.2886729389955538     
          24          25   1.2487890196032803     
           2          26  0.97230892193444585     
           3          27  0.97069887286543688     
           7          28  0.97069268443737289     
           8          29  0.97231462433580362     
          11          30  0.96382342229481999     
          13          31  0.97221047395082871     
          14          32  0.97222924719791048     
          17          33  0.96421984290244178     
          19          34  0.97222883662455983     
          20          35  0.97220665882132706     
          23          36  0.96381508404661287     
          38          39   1.6501868978970555     
          39          40   1.1750236133965994     
          40          41   1.2483223272967912     
          41          42   1.2487276184833829     
          42          43   1.1749538645273763     
          43          44   1.6502647998591624     
          44          45   1.1669073727516530     
          37          46  0.53241991206513462     
          42          46   1.2884688894349265     
          45          46   1.2489518996842202     
          45          47   1.3549256239017780     
          47          48   1.3517741291106964     
          48          49   1.1579096162912872     
          49          50   1.6660674081421714     
          50          51   1.1575248653587480     
          37          52  0.53367799223413026     
          48          52   1.2634262332488351     
          51          52   1.2653751064972416     
          51          53   1.3514823589263245     
          53          54   1.3515165719353504     
          54          55   1.1575150681662583     
          55          56   1.6660823238596691     
          56          57   1.1578939890925806     
          37          58  0.53364440531584101     
          54          58   1.2653537990325194     
          57          58   1.2634684246542731     
          57          59   1.3517437005717996     
          38          60   1.1669952707385627     
          59          60   1.3549587908880918     
          37          61  0.53241732650867601     
          40          61   1.2885474426786847     
          60          61   1.2488313960964108     
          38          62  0.97230858479925064     
          39          63  0.97069438149158183     
          43          64  0.97068611867001398     
          44          65  0.97230851127461970     
          47          66  0.96381955459298108     
          49          67  0.97220881982135643     
          50          68  0.97222787301900415     
          53          69  0.96421605850622105     
          55          70  0.97222707175567236     
          56          71  0.97220936456024265     
          59          72  0.96381696675890249     
           5          73   1.1882678526854034     
          73          74   2.4415304719046471     
          74          75   1.3328916038574941     
          73          76  0.19261501040896228     
          75          76   2.3556288386266582     
          76          77   1.3337629625915923     
          75          78  0.19241409506274293     
          77          78   2.4387301304228499     
          79          80   2.4390786172590921     
          80          81   1.3333481304461605     
          79          82  0.19236912055243743     
          81          82   2.3560704249483551     
          82          83   1.3324191812787896     
          41          84   1.1877688347115685     
          81          84  0.19254477544636323     
          83          84   2.4420079236379859     
          86          87   1.6492973911280568     
          87          88   1.1755166186733825     
          78          89   1.1911797671102202     
          88          89   1.2451876720870965     
          89          90   1.2457442157749861     
          90          91   1.1755179877203434     
          91          92   1.6492611366070182     
          92          93   1.1677798025758335     
          85          94  0.52698992306296077     
          90          94   1.2914357812839705     
          93          94   1.2483128714022151     
          93          95   1.3539342684255089     
          95          96   1.3539473560285566     
          96          97   1.1677845684510197     
          97          98   1.6493359252114868     
          98          99   1.1754499458745291     
          85         100  0.52695628695295216     
          96         100   1.2482631317784683     
          99         100   1.2914656120054746     
          79         101   1.1907597220590809     
          99         101   1.2455045160387379     
         101         102   1.2458068938404634     
         102         103   1.1754844073438617     
         103         104   1.6492893366427985     
         104         105   1.1677756210060721     
          85         106  0.52691957890639152     
         102         106   1.2913721998833092     
         105         106   1.2483614753747494     
         105         107   1.3538910650886726     
          86         108   1.1677766639774196     
         107         108   1.3540163579381277     
          85         109  0.52696539215903537     
          88         109   1.2915902465478344     
         108         109   1.2482001510697363     
          86         110  0.97235571772399576     
          87         111  0.97079634140096061     
          91         112  0.97078814791031087     
          92         113  0.97236017500602190     
          95         114  0.96354655448332271     
          97         115  0.97235698152027483     
          98         116  0.97079015332179597     
         103         117  0.97078994391870310     
         104         118  0.97235581473613797     
         107         119  0.96354065003514844     
