    0.19829005
   -0.05059969
   -0.04886433
    0.07866461
    0.01721821
    0.07867732
   -0.04885129
   -0.05060064
    0.07714146
   -0.17139482
   -0.04951000
    0.07845807
   -0.04956676
   -0.04975050
    0.07915740
   -0.16973645
   -0.05132639
    0.07915782
   -0.04975125
   -0.04956675
    0.07845622
   -0.16973439
   -0.04950549
    0.07713790
   -0.17138290
    0.03457198
    0.03629583
    0.03631644
    0.03456665
    0.05007706
    0.03524529
    0.03517607
    0.04935796
    0.03517596
    0.03524494
    0.05007987
    0.19825887
   -0.05059085
   -0.04886589
    0.07865086
    0.01721882
    0.07866505
   -0.04884948
   -0.05059294
    0.07716512
   -0.17141494
   -0.04953210
    0.07846470
   -0.04956385
   -0.04974634
    0.07915525
   -0.16973735
   -0.05133672
    0.07915609
   -0.04974777
   -0.04956400
    0.07846176
   -0.16973699
   -0.04952629
    0.07716006
   -0.17140189
    0.03458177
    0.03633214
    0.03635071
    0.03457667
    0.05007170
    0.03524680
    0.03517696
    0.04935811
    0.03517661
    0.03524592
    0.05007473
   -0.02048951
   -0.00896808
   -0.00915672
   -0.02014233
   -0.02025971
   -0.00896524
   -0.00904691
   -0.02017593
   -0.02021836
   -0.00901738
   -0.00901368
   -0.02021822
   -0.02017950
   -0.00904921
   -0.00897416
   -0.02026840
   -0.02010079
   -0.00913475
   -0.00894845
   -0.02044906
    0.20023672
   -0.05060392
   -0.04923032
    0.07902200
    0.01705419
    0.07903534
   -0.04920451
   -0.05060352
    0.07656367
   -0.17290455
   -0.04728144
    0.07654344
   -0.05061105
   -0.04918362
    0.07903869
   -0.17282478
    0.01720442
    0.07902850
   -0.04920320
   -0.05061016
    0.07653945
   -0.17281265
   -0.04727291
    0.07655820
   -0.17288884
    0.03402525
    0.03551256
    0.03552580
    0.03401707
    0.05024851
    0.03405014
    0.03564713
    0.03564890
    0.03405496
    0.05025555
    0.20051494
   -0.05059257
   -0.04921244
    0.07904642
    0.01708087
    0.07903743
   -0.04922627
   -0.05059262
    0.07650544
   -0.17279029
   -0.04720252
    0.07650594
   -0.05059291
   -0.04922271
    0.07903864
   -0.17278126
    0.01712261
    0.07904521
   -0.04920502
   -0.05059370
    0.07650689
   -0.17278664
   -0.04720543
    0.07650639
   -0.17279490
    0.03405897
    0.03560456
    0.03561524
    0.03406321
    0.05029627
    0.03407110
    0.03564125
    0.03563030
    0.03406596
    0.05029155
    0.20051018
   -0.05059370
   -0.04922285
    0.07903769
    0.01711817
    0.07904163
   -0.04920651
   -0.05059286
    0.07650995
   -0.17278842
   -0.04720598
    0.07650987
   -0.05059165
   -0.04920869
    0.07904647
   -0.17280172
    0.01707904
    0.07903606
   -0.04922947
   -0.05059126
    0.07650697
   -0.17278729
   -0.04720011
    0.07650702
   -0.17277824
    0.03407104
    0.03563932
    0.03563236
    0.03406627
    0.05028839
    0.03405825
    0.03560708
    0.03561476
    0.03406476
    0.05029461
    0.20021838
   -0.05060835
   -0.04917812
    0.07904253
    0.01719362
    0.07902863
   -0.04920287
   -0.05060873
    0.07655056
   -0.17281535
   -0.04729568
    0.07658330
   -0.05059860
   -0.04922942
    0.07900859
   -0.17289873
    0.01705332
    0.07902010
   -0.04920687
   -0.05059865
    0.07658989
   -0.17291545
   -0.04730556
    0.07655586
   -0.17282841
    0.03405360
    0.03564799
    0.03565929
    0.03406002
    0.05024886
    0.03403689
    0.03554974
    0.03556354
    0.03402966
    0.05024004
