           2           3   1.6500273706476496     
           3           4   1.1750890514136123     
           4           5   1.2494338420021198     
           5           6   1.2495671317492874     
           6           7   1.1750791949841315     
           7           8   1.6500344594919079     
           8           9   1.1670718375635847     
           1          10  0.53351272751391110     
           6          10   1.2882094488510298     
           9          10   1.2486913710932097     
           9          11   1.3548832999986493     
          11          12   1.3519276352463061     
          12          13   1.1581624356211850     
          13          14   1.6657384420472798     
          14          15   1.1577054484226252     
           1          16  0.53483459750536699     
          12          16   1.2628872194833585     
          15          16   1.2650826700742483     
          15          17   1.3514877924808626     
          17          18   1.3514753715326013     
          18          19   1.1577043681457617     
          19          20   1.6657353530156538     
          20          21   1.1581660281738946     
           1          22  0.53481103134260166     
          18          22   1.2650967021407751     
          21          22   1.2628853565817755     
          21          23   1.3519271130524140     
           2          24   1.1670853102379724     
          23          24   1.3548918032895929     
           1          25  0.53352707226622120     
           4          25   1.2882458073969514     
          24          25   1.2486603193768544     
           2          26  0.97229271763288760     
           3          27  0.97076014969253821     
           7          28  0.97076030221209952     
           8          29  0.97229373806537256     
          11          30  0.96379094210185745     
          13          31  0.97218789536471106     
          14          32  0.97221089282275142     
          17          33  0.96418640850171633     
          19          34  0.97221118665399842     
          20          35  0.97218795508875377     
          23          36  0.96378989027656037     
          38          39   1.6501525552231935     
          39          40   1.1749747958816448     
          40          41   1.2498128579560055     
          41          42   1.2499530346956176     
          42          43   1.1749680103188682     
          43          44   1.6501538756351293     
          44          45   1.1670185890590639     
          37          46  0.53360194815210138     
          42          46   1.2880003582149506     
          45          46   1.2488209406003596     
          45          47   1.3548187668497389     
          47          48   1.3519839016232127     
          48          49   1.1581403930210477     
          49          50   1.6657758560139619     
          50          51   1.1576767878631973     
          37          52  0.53492656060483601     
          48          52   1.2628717417479234     
          51          52   1.2650921080792719     
          51          53   1.3515078146294792     
          53          54   1.3514801614309058     
          54          55   1.1576891084552123     
          55          56   1.6657561833843317     
          56          57   1.1581576795428619     
          37          58  0.53492650946685050     
          54          58   1.2651061547144464     
          57          58   1.2628603966727705     
          57          59   1.3519770891449494     
          38          60   1.1670279186152439     
          59          60   1.3548353448690900     
          37          61  0.53359639748654120     
          40          61   1.2880466455593387     
          60          61   1.2487874173257338     
          38          62  0.97229129028721972     
          39          63  0.97075182526567783     
          43          64  0.97074989904876108     
          44          65  0.97229212626895689     
          47          66  0.96379479775102539     
          49          67  0.97218720786163126     
          50          68  0.97221078977324527     
          53          69  0.96418725224575752     
          55          70  0.97221111491007928     
          56          71  0.97218717821092604     
          59          72  0.96379339270439279     
           5          73   1.1855386297468700     
          73          74   2.4689610172008485     
          74          75   1.3059028222058766     
          73          76  0.20273890150418444     
          75          76   2.4670788710701546     
          77          78   2.4637508395652250     
          78          79   1.3086761849920752     
          77          80  0.20230746697535507     
          79          80   2.4636569420094125     
          81          82   2.4633205443440813     
          82          83   1.3089406668687282     
          81          84  0.20231191625385608     
          83          84   2.4633372928868109     
          85          86   2.4637142400466594     
          86          87   1.3086383500213683     
          85          88  0.20232002275546918     
          87          88   2.4638181710479117     
          89          90   2.4677900648252162     
          90          91   1.3051295166085659     
          41          92   1.1847330968361103     
          89          92  0.20256985530746946     
          91          92   2.4696531158105413     
          94          95   1.6490672097411108     
          95          96   1.1755285333679426     
          76          97   1.1880761693173505     
          96          97   1.2466333810303305     
          97          98   1.2468173405087979     
          98          99   1.1755366026589302     
          99         100   1.6490625794989393     
         100         101   1.1679851781216422     
          93         102  0.52848065212114159     
          98         102   1.2911345133127921     
         101         102   1.2477790982086590     
         101         103   1.3541178190502248     
         103         104   1.3539093112306448     
         104         105   1.1681907480031708     
         105         106   1.6487033470473893     
         106         107   1.1758409406406396     
          93         108  0.52862134818849416     
         104         108   1.2477116230464580     
         107         108   1.2913526367576369     
          77         109   1.1898253945140522     
         107         109   1.2460255700256226     
         109         110   1.2458838328156268     
         110         111   1.1758382439331785     
         111         112   1.6487009596587612     
         112         113   1.1682023736908425     
          93         114  0.52855415252046400     
         110         114   1.2914221930456760     
         113         114   1.2476773880060203     
         113         115   1.3539227950622874     
          94         116   1.1679962714759606     
         115         116   1.3541371665820223     
          93         117  0.52847918917943681     
          96         117   1.2912004923325540     
         116         117   1.2477295341104964     
          94         118  0.97233381990988899     
          95         119  0.97085556139243478     
          99         120  0.97086156046622163     
         100         121  0.97233542415711605     
         103         122  0.96352148014468952     
         105         123  0.97233628455198295     
         106         124  0.97085276931908038     
         111         125  0.97085141789425000     
         112         126  0.97233524067332211     
         115         127  0.96351836518282319     
         129         130   1.6485653862197156     
         130         131   1.1758954882074397     
          80         132   1.1899207902670026     
         131         132   1.2458365690504047     
         132         133   1.2457759662462755     
         133         134   1.1758971192174970     
         134         135   1.6485647476862340     
         135         136   1.1683189379422199     
         128         137  0.52882531787874132     
         133         137   1.2914785979349679     
         136         137   1.2473518258990850     
         136         138   1.3540864511409947     
         138         139   1.3540214495158038     
         139         140   1.1683492309629115     
         140         141   1.6485175263000968     
         141         142   1.1759299245653165     
         128         143  0.52883659908877589     
         139         143   1.2473690267614497     
         142         143   1.2914931279875606     
          81         144   1.1901040589988221     
         142         144   1.2457017063861724     
         144         145   1.2457816186986272     
         145         146   1.1759355666981119     
         146         147   1.6485108459095463     
         147         148   1.1683502472018241     
         128         149  0.52886426855958368     
         145         149   1.2914661880240395     
         148         149   1.2473869079267867     
         148         150   1.3540081894265390     
         129         151   1.1683159026144754     
         150         151   1.3540838387411691     
         128         152  0.52883608234307911     
         131         152   1.2914681916664024     
         151         152   1.2473613653438611     
         129         153  0.97233286856506140     
         130         154  0.97084985225378673     
         134         155  0.97085167269777684     
         135         156  0.97233208664681137     
         138         157  0.96351253776989487     
         140         158  0.97233282389893905     
         141         159  0.97084772505116013     
         146         160  0.97084950176668261     
         147         161  0.97233342276094692     
         150         162  0.96351458371062004     
         164         165   1.6485172179338119     
         165         166   1.1759139581923761     
          84         167   1.1900894959379644     
         166         167   1.2457042918742913     
         167         168   1.2457909199337014     
         168         169   1.1759196566927259     
         169         170   1.6485162349954221     
         170         171   1.1683431509942528     
         163         172  0.52902294373235037     
         168         172   1.2914654788021256     
         171         172   1.2473831279463066     
         171         173   1.3540129780680046     
         173         174   1.3540846566581402     
         174         175   1.1683021880104218     
         175         176   1.6485751593957003     
         176         177   1.1758775206094800     
         163         178  0.52900842405853732     
         174         178   1.2473694880882262     
         177         178   1.2914482456790386     
          85         179   1.1898840176426675     
         177         179   1.2458917767376037     
         179         180   1.2457583073248555     
         180         181   1.1758686173675641     
         181         182   1.6485782307513053     
         182         183   1.1683133526124685     
         163         184  0.52898529356622692     
         180         184   1.2915122300567980     
         183         184   1.2473273017483961     
         183         185   1.3541025543685612     
         164         186   1.1683494440152455     
         185         186   1.3540196071658603     
         163         187  0.52900895955866656     
         166         187   1.2915035157217125     
         186         187   1.2473582311137914     
         164         188  0.97233205571552894     
         165         189  0.97084557228496460     
         169         190  0.97085003904425604     
         170         191  0.97233267895573217     
         173         192  0.96351550845353684     
         175         193  0.97233256838333604     
         176         194  0.97085067123401614     
         181         195  0.97084828931085254     
         182         196  0.97233163768365150     
         185         197  0.96351337139208548     
         199         200   1.6487631367151430     
         200         201   1.1757843810697111     
          88         202   1.1897639547661802     
         201         202   1.2460937798002139     
         202         203   1.2459211747935695     
         203         204   1.1757784913163918     
         204         205   1.6487627657099322     
         205         206   1.1681644544939060     
         198         207  0.52862258720029787     
         203         207   1.2914355490778529     
         206         207   1.2476518955509854     
         206         208   1.3539939177381879     
         208         209   1.3540768725483860     
         209         210   1.1679502446103447     
         210         211   1.6491757998671788     
         211         212   1.1754229244939947     
         198         213  0.52858400247602555     
         209         213   1.2478347430700869     
         212         213   1.2909834950891117     
          89         214   1.1872500625571105     
         212         214   1.2470190945276192     
         214         215   1.2472115052679118     
         215         216   1.1754241305139126     
         216         217   1.6491785615415102     
         217         218   1.1679331667937864     
         198         219  0.52859529623356816     
         215         219   1.2909073547147383     
         218         219   1.2478906067562137     
         218         220   1.3540569588885953     
         199         221   1.1681526480481941     
         220         221   1.3539762586305453     
         198         222  0.52868358928811188     
         201         222   1.2913560744941162     
         221         222   1.2476944529276126     
         199         223  0.97233558838972123     
         200         224  0.97085177030981762     
         204         225  0.97084949205725113     
         205         226  0.97233447255038707     
         208         227  0.96351998847628206     
         210         228  0.97233183619315366     
         211         229  0.97084709319287998     
         216         230  0.97085136280933626     
         217         231  0.97233376331956434     
         220         232  0.96352323154031383     
