   -0.29340424
   -0.05225829
   -0.05085182
    0.07302763
    0.02662947
    0.07313725
   -0.05043337
   -0.05231377
    0.07314947
   -0.04714331
   -0.04156912
    0.07422536
   -0.05125734
   -0.05134185
    0.07453006
   -0.04671443
   -0.04321541
    0.07454404
   -0.05134403
   -0.05127906
    0.07414265
   -0.04660146
   -0.04149945
    0.07306643
   -0.04693654
    0.03538448
    0.03693867
    0.03644218
    0.03533949
    0.04903452
    0.03573533
    0.03564859
    0.04840149
    0.03565060
    0.03571610
    0.04905276
   -0.29302151
   -0.05223329
   -0.05076523
    0.07310839
    0.02653941
    0.07311909
   -0.05058734
   -0.05224219
    0.07314478
   -0.04736760
   -0.04162124
    0.07421197
   -0.05128167
   -0.05135278
    0.07452089
   -0.04658536
   -0.04324291
    0.07452226
   -0.05135568
   -0.05128669
    0.07418256
   -0.04654205
   -0.04159756
    0.07311588
   -0.04726878
    0.03537191
    0.03697504
    0.03668087
    0.03535928
    0.04904242
    0.03573380
    0.03565662
    0.04842321
    0.03565737
    0.03572892
    0.04904848
   -0.02873888
   -0.02931593
   -0.02935212
   -0.02868791
   -0.28905809
   -0.05210931
   -0.05064264
    0.07336037
    0.02676349
    0.07337231
   -0.05033772
   -0.05212792
    0.07297901
   -0.04857051
   -0.03981921
    0.07299087
   -0.05205045
   -0.05064862
    0.07336071
   -0.04885276
    0.02670192
    0.07343717
   -0.05038012
   -0.05206986
    0.07300238
   -0.04898090
   -0.03982356
    0.07298980
   -0.04849943
    0.03543594
    0.03697645
    0.03631609
    0.03542246
    0.04962813
    0.03544788
    0.03689691
    0.03654040
    0.03540225
    0.04961703
