           2           3   1.6459117473621196     
           3           4   1.1778739890467049     
           4           5   1.2569315191638872     
           5           6   1.2589818603183134     
           6           7   1.1775333881831580     
           7           8   1.6461175920028952     
           8           9   1.1693830386755932     
           1          10  0.75316445555515332     
           6          10   1.2593830828357375     
           9          10   1.2283617266742575     
           9          11   1.3541180617790822     
          11          12   1.3540273649807633     
          12          13   1.1609273823649091     
          13          14   1.6612872460616706     
          14          15   1.1604654053768229     
           1          16  0.75122571052390896     
          12          16   1.2388750915678577     
          15          16   1.2424457901419927     
          15          17   1.3527340471882336     
          17          18   1.3529805808736928     
          18          19   1.1605466519289940     
          19          20   1.6609214047648080     
          20          21   1.1614555993324414     
           1          22  0.75149183102079953     
          18          22   1.2419378153133287     
          21          22   1.2392408959503147     
          21          23   1.3531509051516979     
           2          24   1.1694541124314424     
          23          24   1.3552670569490877     
           1          25  0.75328202378769427     
           4          25   1.2608572190932266     
          24          25   1.2269247464806989     
           2          26  0.97178146063589199     
           3          27  0.96728607001902445     
           7          28  0.96676709756185464     
           8          29  0.97178938431972339     
          11          30  0.96379029938172400     
          13          31  0.97169953609179727     
          14          32  0.97172739493935389     
          17          33  0.96411715181349111     
          19          34  0.97173028446395149     
          20          35  0.97170156776240102     
          23          36  0.96377602414226649     
          38          39   1.6465031267074492     
          39          40   1.1772299350570947     
          40          41   1.2585870696724646     
          41          42   1.2592937810305769     
          42          43   1.1771227624537315     
          43          44   1.6466187561790839     
          44          45   1.1691354267860694     
          37          46  0.75258937577198026     
          42          46   1.2600275906350986     
          45          46   1.2282283830769738     
          45          47   1.3547925335757953     
          47          48   1.3537481726747982     
          48          49   1.1611039225781512     
          49          50   1.6611494820907160     
          50          51   1.1605416766971295     
          37          52  0.75169293854367270     
          48          52   1.2391506093865088     
          51          52   1.2421593329359686     
          51          53   1.3529825469274179     
          53          54   1.3530698671456589     
          54          55   1.1605288334996506     
          55          56   1.6610697565297037     
          56          57   1.1612503755530617     
          37          58  0.75175781748132653     
          54          58   1.2420387273001998     
          57          58   1.2392826583723036     
          57          59   1.3534834014392283     
          38          60   1.1692269047684642     
          59          60   1.3551574539423084     
          37          61  0.75279078538326305     
          40          61   1.2604967433605416     
          60          61   1.2276843750482627     
          38          62  0.97178060365841024     
          39          63  0.96774221025032692     
          43          64  0.96767302712721370     
          44          65  0.97178461871832622     
          47          66  0.96378808869573918     
          49          67  0.97169352216883942     
          50          68  0.97172138871961100     
          53          69  0.96409828965063027     
          55          70  0.97172302836456148     
          56          71  0.97169399167442805     
          59          72  0.96378472930231063     
           5          73   1.1662193401487597     
          73          74   2.5832586810349532     
          41          76   1.1643389536819908     
          75          76   2.5842129019463314     
          78          79   1.6449536823971425     
          79          80   1.1782436238913354     
          74          81   1.1676320697979303     
          80          81   1.2557832515392358     
          81          82   1.2564506803375475     
          82          83   1.1782362701118971     
          83          84   1.6448610896531242     
          84          85   1.1705822235514851     
          77          86  0.75020748792867198     
          82          86   1.2614430813462616     
          85          86   1.2260973791617213     
          85          87   1.3538160448293635     
          87          88   1.3544984978737205     
          88          89   1.1703131589098463     
          89          90   1.6453274491693346     
          90          91   1.1778215343259129     
          77          92  0.74937343280983149     
          88          92   1.2257592669986621     
          91          92   1.2620954522294618     
          75          93   1.1659997931816606     
          91          93   1.2563543422689807     
          93          94   1.2573054216122648     
          94          95   1.1777361069472625     
          95          96   1.6453271962044171     
          96          97   1.1703720832208582     
          77          98  0.74925064962898791     
          94          98   1.2616336747500490     
          97          98   1.2263534389821893     
          97          99   1.3539553729089351     
          78         100   1.1704669203752884     
          99         100   1.3543421448141231     
          77         101  0.75032399106544601     
          80         101   1.2618689677116670     
         100         101   1.2255821155758482     
          78         102  0.97178361700700699     
          79         103  0.96735896714675718     
          83         104  0.96686420207431834     
          84         105  0.97178894060593235     
          87         106  0.96345801450199697     
          89         107  0.97178757384007564     
          90         108  0.96787691579342605     
          95         109  0.96778526760230144     
          96         110  0.97179577727991107     
          99         111  0.96346312915767174     
