    0.19843246
   -0.05058298
   -0.04884880
    0.07867073
    0.01723467
    0.07868293
   -0.04883191
   -0.05058395
    0.07715039
   -0.17136069
   -0.04950586
    0.07846695
   -0.04954619
   -0.04972933
    0.07917446
   -0.16970204
   -0.05131345
    0.07917466
   -0.04972961
   -0.04954616
    0.07846507
   -0.16969872
   -0.04950063
    0.07714607
   -0.17134940
    0.03461549
    0.03632897
    0.03634753
    0.03460938
    0.05012633
    0.03529497
    0.03522937
    0.04940656
    0.03522918
    0.03529475
    0.05012936
    0.19838931
   -0.05058266
   -0.04883764
    0.07865936
    0.01725716
    0.07867119
   -0.04882419
   -0.05058376
    0.07716348
   -0.17136971
   -0.04954289
    0.07846458
   -0.04954478
   -0.04972164
    0.07918997
   -0.16971208
   -0.05130304
    0.07919045
   -0.04972319
   -0.04954494
    0.07846231
   -0.16971275
   -0.04953742
    0.07715942
   -0.17135947
    0.03461865
    0.03635815
    0.03637735
    0.03461607
    0.05012692
    0.03529380
    0.03523288
    0.04939948
    0.03523250
    0.03529285
    0.05012936
   -0.02047426
   -0.00893760
   -0.00912299
   -0.02013447
   -0.02026048
   -0.00891811
   -0.00900812
   -0.02016624
   -0.02022732
   -0.00895078
   -0.00897984
   -0.02020900
   -0.02020579
   -0.00897873
   -0.00895432
   -0.02023136
   -0.02016989
   -0.00899885
   -0.00890768
   -0.02026911
   -0.02009567
   -0.00907749
   -0.00889215
   -0.02043778
    0.20038264
   -0.05058799
   -0.04920928
    0.07903508
    0.01707480
    0.07905002
   -0.04918682
   -0.05058912
    0.07655865
   -0.17287447
   -0.04729541
    0.07654003
   -0.05059857
   -0.04916276
    0.07904529
   -0.17278412
    0.01723743
    0.07903717
   -0.04917843
   -0.05059888
    0.07653496
   -0.17277217
   -0.04728607
    0.07655220
   -0.17285696
    0.03406262
    0.03554051
    0.03555833
    0.03405626
    0.05029855
    0.03408855
    0.03568091
    0.03568012
    0.03409195
    0.05030472
    0.20067627
   -0.05057969
   -0.04919598
    0.07906153
    0.01710509
    0.07905777
   -0.04919943
   -0.05057732
    0.07648763
   -0.17275791
   -0.04722698
    0.07648828
   -0.05058288
   -0.04918459
    0.07905063
   -0.17274310
    0.01716329
    0.07905360
   -0.04918924
   -0.05058140
    0.07649027
   -0.17274872
   -0.04722848
    0.07648899
   -0.17276491
    0.03409190
    0.03562878
    0.03563506
    0.03409241
    0.05034632
    0.03410130
    0.03565910
    0.03567283
    0.03410133
    0.05034537
    0.20075591
   -0.05057656
   -0.04918657
    0.07905428
    0.01712142
    0.07904916
   -0.04919996
   -0.05057515
    0.07648671
   -0.17272579
   -0.04721761
    0.07648857
   -0.05057598
   -0.04918649
    0.07906564
   -0.17273987
    0.01711591
    0.07904170
   -0.04920241
   -0.05057183
    0.07648665
   -0.17273199
   -0.04721756
    0.07648788
   -0.17273577
    0.03410786
    0.03566741
    0.03566307
    0.03411261
    0.05035636
    0.03410837
    0.03566891
    0.03566064
    0.03411269
    0.05035638
    0.20067343
   -0.05058058
   -0.04919282
    0.07905402
    0.01716373
    0.07905532
   -0.04918203
   -0.05057939
    0.07649208
   -0.17275387
   -0.04722996
    0.07649083
   -0.05058040
   -0.04919185
    0.07905528
   -0.17275516
    0.01710592
    0.07905132
   -0.04919727
   -0.05057834
    0.07649114
   -0.17275804
   -0.04722816
    0.07649108
   -0.17274704
    0.03410484
    0.03566795
    0.03567105
    0.03410010
    0.05034577
    0.03409201
    0.03563292
    0.03563441
    0.03409292
    0.05034819
    0.20034097
   -0.05059849
   -0.04915102
    0.07905867
    0.01724881
    0.07904750
   -0.04916691
   -0.05059642
    0.07653495
   -0.17279691
   -0.04732838
    0.07656578
   -0.05058427
   -0.04920838
    0.07902390
   -0.17287373
    0.01709788
    0.07904574
   -0.04916975
   -0.05058927
    0.07657136
   -0.17288923
   -0.04733585
    0.07653813
   -0.17279471
    0.03408402
    0.03567483
    0.03568136
    0.03408580
    0.05030342
    0.03406579
    0.03557200
    0.03558050
    0.03405606
    0.05029730
