           2           3   1.6499848035385671     
           3           4   1.1751290598557245     
           4           5   1.2494478584392406     
           5           6   1.2496006481924056     
           6           7   1.1751196477189512     
           7           8   1.6499912321962729     
           8           9   1.1670907248570566     
           1          10  0.53375129344602401     
           6          10   1.2881214886587813     
           9          10   1.2486828273828041     
           9          11   1.3548570528671724     
          11          12   1.3519511266345015     
          12          13   1.1581594283618699     
          13          14   1.6657223810381665     
          14          15   1.1577212075850349     
           1          16  0.53510829150489325     
          12          16   1.2628446849753743     
          15          16   1.2650244944830247     
          15          17   1.3514991099756750     
          17          18   1.3514866159586707     
          18          19   1.1577203583156463     
          19          20   1.6657187032638370     
          20          21   1.1581627876340046     
           1          22  0.53507000999900900     
          18          22   1.2650384869772893     
          21          22   1.2628503299069043     
          21          23   1.3519430212726375     
           2          24   1.1671040745049552     
          23          24   1.3548762790840252     
           1          25  0.53376496564915676     
           4          25   1.2881698985415837     
          24          25   1.2486386566360062     
           2          26  0.97228844733822328     
           3          27  0.97075690729810749     
           7          28  0.97075781813697537     
           8          29  0.97228943266935208     
          11          30  0.96378396463657623     
          13          31  0.97218380273043437     
          14          32  0.97220573896746332     
          17          33  0.96418149261766617     
          19          34  0.97220611757627740     
          20          35  0.97218385596249557     
          23          36  0.96378266334533813     
          38          39   1.6500828006148409     
          39          40   1.1750862750895039     
          40          41   1.2498757377237846     
          41          42   1.2500041459149207     
          42          43   1.1750773476136152     
          43          44   1.6500893493227777     
          44          45   1.1670229205668852     
          37          46  0.53381009875410890     
          42          46   1.2878052369776796     
          45          46   1.2488840821584948     
          45          47   1.3547555222152401     
          47          48   1.3520212310635011     
          48          49   1.1580924956473888     
          49          50   1.6657840523112002     
          50          51   1.1577059623281420     
          37          52  0.53508667921031516     
          48          52   1.2628887174186780     
          51          52   1.2650057705781947     
          51          53   1.3515304168983255     
          53          54   1.3515086653631105     
          54          55   1.1577077289221327     
          55          56   1.6657790614011370     
          56          57   1.1580976892152495     
          37          58  0.53508408837413657     
          54          58   1.2650212096088618     
          57          58   1.2628830747635322     
          57          59   1.3520193675420062     
          38          60   1.1670348476762102     
          59          60   1.3547638848367491     
          37          61  0.53377270238490881     
          40          61   1.2878560757212614     
          60          61   1.2488592388774626     
          38          62  0.97228696786579627     
          39          63  0.97075457658658726     
          43          64  0.97075154856600698     
          44          65  0.97228738826488581     
          47          66  0.96377856824086650     
          49          67  0.97218491671891960     
          50          68  0.97220491585824009     
          53          69  0.96418708190841751     
          55          70  0.97220494764342180     
          56          71  0.97218473077627587     
          59          72  0.96377778876701403     
           5          73   1.1854827957128886     
          73          74   2.4690663574512488     
          74          75   1.3058126935415939     
          73          76  0.20271216368577732     
          75          76   2.4671799788489741     
          77          78   2.4639326374448980     
          78          79   1.3085016793876412     
          77          80  0.20225505410024991     
          79          80   2.4638418202722017     
          81          82   2.4636017002762669     
          82          83   1.3087024101741898     
          81          84  0.20222200131411922     
          83          84   2.4635782464073053     
          85          86   2.4635958391583768     
          86          87   1.3087030369901074     
          85          88  0.20222433730580819     
          87          88   2.4635913224081039     
          89          90   2.4640703994430049     
          90          91   1.3083191727516306     
          89          92  0.20222203060189958     
          91          92   2.4641713034474280     
          93          94   2.4680799234005328     
          94          95   1.3048727670190585     
          41          96   1.1845920549762865     
          93          96  0.20249335162079413     
          95          96   2.4699606354672921     
          98          99   1.6490236998151735     
          99         100   1.1756033390567624     
          76         101   1.1880345992257089     
         100         101   1.2466506867291105     
         101         102   1.2468526814605083     
         102         103   1.1755950630157121     
         103         104   1.6490334989009570     
         104         105   1.1679688444582552     
          97         106  0.52869813516830400     
         102         106   1.2910094012062663     
         105         106   1.2477845655218123     
         105         107   1.3541266808123116     
         107         108   1.3538700518789692     
         108         109   1.1681900290567162     
         109         110   1.6486564046684120     
         110         111   1.1759173626654780     
          97         112  0.52876019909610428     
         108         112   1.2477492420382856     
         111         112   1.2912110815408000     
          77         113   1.1897289889727345     
         111         113   1.2460572391546143     
         113         114   1.2459411396678579     
         114         115   1.1759232624606888     
         115         116   1.6486468089284285     
         116         117   1.1682052789946977     
          97         118  0.52875470201419916     
         114         118   1.2912569383035142     
         117         118   1.2477152833858298     
         117         119   1.3538793126594877     
          98         120   1.1679877852305180     
         119         120   1.3541428216954157     
          97         121  0.52866185199943272     
         100         121   1.2910871668221828     
         120         121   1.2477370948345803     
          98         122  0.97233155994685039     
          99         123  0.97085778194505989     
         103         124  0.97085840380863808     
         104         125  0.97233259114085713     
         107         126  0.96350836648355975     
         109         127  0.97233221675383197     
         110         128  0.97085208656805277     
         115         129  0.97085111387010081     
         116         130  0.97233122075522549     
         119         131  0.96350562898561753     
         133         134   1.6485132317160367     
         134         135   1.1759926202669424     
          80         136   1.1898308090989931     
         135         136   1.2458531755791351     
         136         137   1.2458322190569180     
         137         138   1.1759899574119879     
         138         139   1.6485166753813258     
         139         140   1.1682916370271466     
         132         141  0.52907272695103991     
         137         141   1.2913149020584238     
         140         141   1.2473884629359286     
         140         142   1.3540909363134204     
         142         143   1.3539477058447533     
         143         144   1.1683538258618553     
         144         145   1.6484296140911459     
         145         146   1.1760591327888179     
         132         147  0.52915101194576519     
         143         147   1.2474368492405759     
         146         147   1.2912818069982885     
          81         148   1.1899833971497258     
         146         148   1.2457775437667908     
         148         149   1.2457880430713981     
         149         150   1.1760492385104324     
         150         151   1.6484420526910506     
         151         152   1.1683370191374403     
         132         153  0.52905786761509277     
         149         153   1.2912854333285479     
         152         153   1.2474568231762413     
         152         154   1.3539514636632866     
         133         155   1.1682943750185850     
         154         155   1.3540911174715686     
         132         156  0.52913540019576477     
         135         156   1.2912976219394885     
         155         156   1.2473810727653718     
         133         157  0.97232949711813899     
         134         158  0.97085172537781994     
         138         159  0.97085547091712354     
         139         160  0.97232986499479013     
         142         161  0.96349503719455143     
         144         162  0.97232989158383465     
         145         163  0.97085151148160154     
         150         164  0.97085178735659594     
         151         165  0.97233043379078254     
         154         166  0.96349461855240848     
         168         169   1.6484014113579497     
         169         170   1.1760663280592385     
          84         171   1.1899796640802447     
         170         171   1.2458201625383309     
         171         172   1.2457237214417332     
         172         173   1.1760575720729660     
         173         174   1.6484087434642674     
         174         175   1.1683841160598867     
         167         176  0.52917006510155440     
         172         176   1.2913090516098689     
         175         176   1.2473064358001706     
         175         177   1.3540365776145169     
         177         178   1.3540434492842190     
         178         179   1.1683803292394674     
         179         180   1.6484122328671131     
         180         181   1.1760449992540802     
         167         182  0.52919510802637992     
         178         182   1.2473083225012176     
         181         182   1.2912994361809544     
          85         183   1.1899712087050289     
         181         183   1.2458247459785385     
         183         184   1.2457215757432807     
         184         185   1.1760612977385492     
         185         186   1.6484108013736640     
         186         187   1.1683828659759365     
         167         188  0.52916626300646796     
         184         188   1.2913068306448070     
         187         188   1.2473073158177359     
         187         189   1.3540444030850429     
         168         190   1.1683826354606579     
         189         190   1.3540224039035067     
         167         191  0.52920716679900048     
         170         191   1.2912667756948601     
         190         191   1.2473326128035045     
         168         192  0.97232865840027294     
         169         193  0.97085072795371608     
         173         194  0.97084740110458367     
         174         195  0.97232803199572293     
         177         196  0.96349509695223257     
         179         197  0.97232885536886315     
         180         198  0.97084397489542529     
         185         199  0.97085399203231071     
         186         200  0.97232825584022398     
         189         201  0.96349522802756427     
         203         204   1.6484469228859484     
         204         205   1.1760498896792062     
          88         206   1.1899818406771931     
         205         206   1.2457456494443280     
         206         207   1.2458366562719900     
         207         208   1.1760512370191643     
         208         209   1.6484467952833031     
         209         210   1.1683462796248247     
         202         211  0.52889901381228033     
         207         211   1.2912793350413663     
         210         211   1.2474543811604004     
         210         212   1.3539591312995616     
         212         213   1.3540771985830982     
         213         214   1.1683139334781487     
         214         215   1.6485065561688153     
         215         216   1.1760138665821402     
         202         217  0.52897624441641566     
         213         217   1.2473865094520209     
         216         217   1.2912653299924863     
          89         218   1.1897054365683892     
         216         218   1.2458920386449091     
         218         219   1.2458936380775671     
         219         220   1.1760084677720541     
         220         221   1.6485112136852176     
         221         222   1.1683078695784583     
         202         223  0.52890231591268844     
         219         223   1.2912631699153567     
         222         223   1.2474096644482804     
         222         224   1.3540631940362604     
         203         225   1.1683530889054712     
         224         225   1.3539837935275560     
         202         226  0.52894169137651270     
         205         226   1.2913121737398632     
         225         226   1.2474120568307996     
         203         227  0.97233052933250597     
         204         228  0.97084852691104351     
         208         229  0.97085348746547773     
         209         230  0.97233115429451045     
         212         231  0.96349567280858528     
         214         232  0.97232972126587736     
         215         233  0.97085399641574888     
         220         234  0.97085438982236982     
         221         235  0.97232951515528343     
         224         236  0.96349453056957712     
         238         239   1.6487203695175316     
         239         240   1.1759072129909018     
          92         241   1.1896058640090590     
         240         241   1.2460866155522665     
         241         242   1.2460660500760350     
         242         243   1.1759294172540784     
         243         244   1.6487054651903832     
         244         245   1.1681225613652670     
         237         246  0.52871480426145379     
         242         246   1.2911450644468858     
         245         246   1.2478168741084141     
         245         247   1.3539096610916397     
         247         248   1.3540543040888913     
         248         249   1.1678992709494729     
         249         250   1.6491359811370716     
         250         251   1.1755589603719303     
         237         252  0.52863039137131529     
         248         252   1.2479483309806640     
         251         252   1.2907803966076672     
          93         253   1.1871416839148945     
         251         253   1.2470305796398675     
         253         254   1.2473036651110103     
         254         255   1.1755467083531763     
         255         256   1.6491404094707789     
         256         257   1.1678820352544725     
         237         258  0.52870103843704064     
         254         258   1.2906803716482602     
         257         258   1.2480165852075320     
         257         259   1.3540138028739932     
         238         260   1.1681183765473784     
         259         260   1.3539334399048522     
         237         261  0.52871778336447561     
         240         261   1.2911833940229798     
         260         261   1.2477956246366497     
         238         262  0.97233334000677851     
         239         263  0.97085193779237533     
         243         264  0.97085841186415245     
         244         265  0.97233232983683315     
         247         266  0.96349848535151172     
         249         267  0.97233044442105421     
         250         268  0.97085663900746444     
         255         269  0.97085237660199852     
         256         270  0.97233132930523980     
         259         271  0.96350204217736202     
