    0.56213337
   -0.05423408
   -0.05425868
    0.07024484
    0.01043053
    0.07028302
   -0.05419815
   -0.05423377
    0.06427040
   -0.21428911
   -0.06034808
    0.06549065
   -0.05337759
   -0.05508985
    0.07045620
   -0.21272038
   -0.05905741
    0.07045844
   -0.05509292
   -0.05338008
    0.06548679
   -0.21273008
   -0.06033470
    0.06425560
   -0.21423119
    0.03043384
    0.03286656
    0.03287720
    0.03040774
    0.04945982
    0.03082890
    0.03114586
    0.04746668
    0.03114466
    0.03082895
    0.04947248
    0.56212741
   -0.05423857
   -0.05425135
    0.07023859
    0.01043039
    0.07025519
   -0.05421355
   -0.05423081
    0.06429309
   -0.21430648
   -0.06036736
    0.06549293
   -0.05337911
   -0.05508920
    0.07045399
   -0.21271662
   -0.05907108
    0.07045787
   -0.05508987
   -0.05337895
    0.06549072
   -0.21273538
   -0.06035651
    0.06428239
   -0.21425487
    0.03043226
    0.03289281
    0.03291059
    0.03041650
    0.04945000
    0.03082788
    0.03114598
    0.04746349
    0.03114239
    0.03082738
    0.04945997
   -0.02250729
   -0.01114930
   -0.01094753
   -0.02272083
   -0.02254764
   -0.01100170
   -0.01099745
   -0.02253944
   -0.02254213
   -0.01100727
   -0.01102560
   -0.02251167
   -0.02252763
   -0.01102841
   -0.01103040
   -0.02252420
   -0.02251976
   -0.01102468
   -0.01100990
   -0.02253931
   -0.02254949
   -0.01100672
   -0.01101722
   -0.02255126
   -0.02266627
   -0.01092257
   -0.01112008
   -0.02245117
    0.56552453
   -0.05417845
   -0.05431313
    0.07059353
    0.01038232
    0.07061878
   -0.05427954
   -0.05417640
    0.06401747
   -0.21551539
   -0.05865966
    0.06398251
   -0.05416739
   -0.05434378
    0.07063177
   -0.21544613
    0.01031347
    0.07064940
   -0.05432243
   -0.05417172
    0.06398401
   -0.21548219
   -0.05865167
    0.06400271
   -0.21544609
    0.03036600
    0.03267366
    0.03269169
    0.03034557
    0.05000619
    0.03038564
    0.03271566
    0.03270085
    0.03037211
    0.05000958
    0.56590162
   -0.05418157
   -0.05433602
    0.07063132
    0.01032495
    0.07061555
   -0.05434810
   -0.05417987
    0.06397843
   -0.21549367
   -0.05859212
    0.06399095
   -0.05417236
   -0.05435854
    0.07064950
   -0.21553984
    0.01032392
    0.07066077
   -0.05433309
   -0.05417556
    0.06399299
   -0.21555276
   -0.05859578
    0.06397571
   -0.21548109
    0.03038958
    0.03269881
    0.03269262
    0.03039229
    0.05003647
    0.03040084
    0.03272606
    0.03270701
    0.03039211
    0.05003163
    0.56603144
   -0.05418412
   -0.05435459
    0.07062533
    0.01030891
    0.07062884
   -0.05434847
   -0.05418237
    0.06399530
   -0.21554571
   -0.05856820
    0.06400176
   -0.05417857
   -0.05435928
    0.07063706
   -0.21556031
    0.01031172
    0.07065084
   -0.05434589
   -0.05418138
    0.06400153
   -0.21557598
   -0.05856776
    0.06398832
   -0.21551355
    0.03040106
    0.03271240
    0.03270611
    0.03039602
    0.05001964
    0.03040234
    0.03272172
    0.03271238
    0.03039519
    0.05001879
    0.56605695
   -0.05417964
   -0.05435974
    0.07063764
    0.01031096
    0.07065109
   -0.05434780
   -0.05418253
    0.06400290
   -0.21557628
   -0.05856530
    0.06399332
   -0.05418450
   -0.05436213
    0.07062320
   -0.21552746
    0.01031122
    0.07063118
   -0.05434379
   -0.05418699
    0.06399318
   -0.21554160
   -0.05856798
    0.06400102
   -0.21556808
    0.03040255
    0.03272046
    0.03271511
    0.03039832
    0.05001911
    0.03040271
    0.03271579
    0.03270750
    0.03039631
    0.05001737
    0.56591925
   -0.05417495
   -0.05435512
    0.07064976
    0.01031900
    0.07065374
   -0.05433940
   -0.05417777
    0.06399877
   -0.21556244
   -0.05859350
    0.06398613
   -0.05418348
   -0.05433430
    0.07063214
   -0.21550975
    0.01032437
    0.07061763
   -0.05435354
   -0.05418178
    0.06397779
   -0.21549083
   -0.05858738
    0.06398903
   -0.21553521
    0.03039927
    0.03272147
    0.03271010
    0.03039250
    0.05002285
    0.03038486
    0.03270050
    0.03269393
    0.03039440
    0.05002990
    0.56552426
   -0.05417027
   -0.05433416
    0.07064023
    0.01030227
    0.07064642
   -0.05433014
   -0.05417027
    0.06399781
   -0.21549813
   -0.05866850
    0.06402896
   -0.05418190
   -0.05431794
    0.07057220
   -0.21545993
    0.01038237
    0.07059925
   -0.05428566
   -0.05417785
    0.06404272
   -0.21552938
   -0.05867995
    0.06399360
   -0.21546569
    0.03038251
    0.03270784
    0.03271249
    0.03037363
    0.04999532
    0.03036959
    0.03270601
    0.03272124
    0.03035166
    0.04998884
