           2           3   1.6441662104303481     
           3           4   1.1822293988763639     
           4           5   1.2564867183578201     
           5           6   1.2569528452825667     
           6           7   1.1821847044420091     
           7           8   1.6441914055544380     
           8           9   1.1709838120158600     
           1          10  0.65670769200236745     
           6          10   1.2572536579564619     
           9          10   1.2166675788182291     
           9          11   1.3611544817102550     
          11          12   1.3608952832356933     
          12          13   1.1627261036314374     
          13          14   1.6599214634625064     
          14          15   1.1638607975995927     
           1          16  0.65957120120715440     
          12          16   1.2266365336731604     
          15          16   1.2388131391682813     
          15          17   1.3579303108372454     
          17          18   1.3578866101034097     
          18          19   1.1638787682539276     
          19          20   1.6598857664568341     
          20          21   1.1627571517542870     
           1          22  0.65950353374760962     
          18          22   1.2388394750981437     
          21          22   1.2266449422776793     
          21          23   1.3608636529576321     
           2          24   1.1710128862238141     
          23          24   1.3612258772716979     
           1          25  0.65676795323387660     
           4          25   1.2573553276799445     
          24          25   1.2165265203316524     
           2          26  0.97224341904525868     
           3          27  0.97122135108410523     
           7          28  0.97122899043869770     
           8          29  0.97224573464550068     
          11          30  0.96293021662930445     
          13          31  0.97214342312106228     
          14          32  0.97240934756800435     
          17          33  0.96491244318759795     
          19          34  0.97241018282886882     
          20          35  0.97214285380226606     
          23          36  0.96292431441090121     
          38          39   1.6442617320652952     
          39          40   1.1821334141225428     
          40          41   1.2569861436200971     
          41          42   1.2572793509947098     
          42          43   1.1820398407292747     
          43          44   1.6443374885956481     
          44          45   1.1709330801330582     
          37          46  0.65668169017932720     
          42          46   1.2570977210825824     
          45          46   1.2167632210726231     
          45          47   1.3611172012006170     
          47          48   1.3609802673146572     
          48          49   1.1627021916961815     
          49          50   1.6599619511786892     
          50          51   1.1638331358956382     
          37          52  0.65964165121876828     
          48          52   1.2266042489671665     
          51          52   1.2388057283212075     
          51          53   1.3579541191007241     
          53          54   1.3579070836722731     
          54          55   1.1638359908848330     
          55          56   1.6599430643449082     
          56          57   1.1627237951225196     
          37          58  0.65953679728135906     
          54          58   1.2388553669319751     
          57          58   1.2266061758628566     
          57          59   1.3609683793955143     
          38          60   1.1709731345224748     
          59          60   1.3611618380512174     
          37          61  0.65688544969171347     
          40          61   1.2570789499386241     
          60          61   1.2166434848465917     
          38          62  0.97224388847460974     
          39          63  0.97120950700125963     
          43          64  0.97122298168822629     
          44          65  0.97224544321317852     
          47          66  0.96293182683632239     
          49          67  0.97214287321494852     
          50          68  0.97240994710812689     
          53          69  0.96491230287152674     
          55          70  0.97241050454754863     
          56          71  0.97214185231990191     
          59          72  0.96292637431899986     
           5          73   1.1822071420149578     
          73          74   2.4762343254148194     
          74          75   1.3010261931218678     
          73          76  0.20343255367860602     
          75          76   2.4746300948213533     
          77          78   2.4720834564809175     
          78          79   1.3031732076584195     
          77          80  0.20310956685419204     
          79          80   2.4720259477944513     
          81          82   2.4715982146347044     
          82          83   1.3035307740460684     
          81          84  0.20316922001509671     
          83          84   2.4716145644991001     
          85          86   2.4714213334507615     
          86          87   1.3037090276395042     
          85          88  0.20322360630114841     
          87          88   2.4714112351217552     
          89          90   2.4716108395452312     
          90          91   1.3035396774519916     
          89          92  0.20317617953393252     
          91          92   2.4716086974503813     
          93          94   2.4719879153955526     
          94          95   1.3032065762695506     
          93          96  0.20313708649586026     
          95          96   2.4720750128787490     
          97          98   2.4752977707683264     
          98          99   1.3002542488828261     
          41         100   1.1813679707597688     
          97         100  0.20324189776340884     
          99         100   2.4769095002955832     
         102         103   1.6432718803362467     
         103         104   1.1825174262921054     
          76         105   1.1843954947904074     
         104         105   1.2540260999431763     
         105         106   1.2543850832209986     
         106         107   1.1825168867053406     
         107         108   1.6432563171177297     
         108         109   1.1719615225790654     
         101         110  0.65166037883770955     
         106         110   1.2601550652589399     
         109         110   1.2153518471305089     
         109         111   1.3606396956604958     
         111         112   1.3608463990699262     
         112         113   1.1719910202224288     
         113         114   1.6431244528775375     
         114         115   1.1826618549875716     
         101         116  0.65179665335753645     
         112         116   1.2151024948777338     
         115         116   1.2604289267168716     
          77         117   1.1856522344556453     
         115         117   1.2535407471378761     
         117         118   1.2536610916708926     
         118         119   1.1826789751426556     
         119         120   1.6430804406919637     
         120         121   1.1720224637750478     
         101         122  0.65168322748369389     
         118         122   1.2604411164703047     
         121         122   1.2151629445819891     
         121         123   1.3607797431740281     
         102         124   1.1719663578304105     
         123         124   1.3607265012286227     
         101         125  0.65182400362496107     
         104         125   1.2602470313367284     
         124         125   1.2152063215999618     
         102         126  0.97223994237694100     
         103         127  0.97125247617252475     
         107         128  0.97126552522695919     
         108         129  0.97224162086859167     
         111         130  0.96267674723227659     
         113         131  0.97224137124417920     
         114         132  0.97125568125675676     
         119         133  0.97125902609871817     
         120         134  0.97224287141614441     
         123         135  0.96267577124301484     
         137         138   1.6430346434746932     
         138         139   1.1826877705866969     
          80         140   1.1857194619721863     
         139         140   1.2535658921972554     
         140         141   1.2534639508391339     
         141         142   1.1827040018934831     
         142         143   1.6430165067387721     
         143         144   1.1721084320372237     
         136         145  0.65162209782181535     
         141         145   1.2604869593844503     
         144         145   1.2151175845336908     
         144         146   1.3607393531540937     
         146         147   1.3608706156235972     
         147         148   1.1720416451445328     
         148         149   1.6430989054959424     
         149         150   1.1826148041595395     
         136         151  0.65136247448273288     
         147         151   1.2151102829430667     
         150         151   1.2606447841300430     
          81         152   1.1859607406139345     
         150         152   1.2533914207743857     
         152         153   1.2534759308502519     
         153         154   1.1826154521528518     
         154         155   1.6430836060374112     
         155         156   1.1720541536735356     
         136         157  0.65135697691049321     
         153         157   1.2606385805160194     
         156         157   1.2151451697567910     
         156         158   1.3608269320535031     
         137         159   1.1720896360365161     
         158         159   1.3607755262197001     
         136         160  0.65177137519115269     
         139         160   1.2604439714147255     
         159         160   1.2150792726606554     
         137         161  0.97224029161521508     
         138         162  0.97125436510191399     
         142         163  0.97126271615709892     
         143         164  0.97224006581623390     
         146         165  0.96267497813835612     
         148         166  0.97224418447738870     
         149         167  0.97125446451946695     
         154         168  0.97125418535747610     
         155         169  0.97224493035642345     
         158         170  0.96267728459793100     
         172         173   1.6430777770644553     
         173         174   1.1826002349227347     
          84         175   1.1859365817106191     
         174         175   1.2534266678531951     
         175         176   1.2534330810603360     
         176         177   1.1826333413952941     
         177         178   1.6430490881936826     
         178         179   1.1721027118791256     
         171         180  0.65146862708342457     
         176         180   1.2605688178613741     
         179         180   1.2151127418831071     
         179         181   1.3608364717572674     
         181         182   1.3609197922191685     
         182         183   1.1720635431822419     
         183         184   1.6431142008701221     
         184         185   1.1825624758986744     
         171         186  0.65135889265094504     
         182         186   1.2150890431261543     
         185         186   1.2606643801533843     
          85         187   1.1860452488677264     
         185         187   1.2533754003024191     
         187         188   1.2534207240237316     
         188         189   1.1825692449711633     
         189         190   1.6430921423634501     
         190         191   1.1720789368039866     
         171         192  0.65131732390606756     
         188         192   1.2606757310476437     
         191         192   1.2151101022961239     
         191         193   1.3608858964232535     
         172         194   1.1720935894270252     
         193         194   1.3608847243835891     
         171         195  0.65164163403236386     
         174         195   1.2605666195669720     
         194         195   1.2150332841181963     
         172         196  0.97224130516034801     
         173         197  0.97124831794254685     
         177         198  0.97125754284219379     
         178         199  0.97224227393537133     
         181         200  0.96268300606317414     
         183         201  0.97224439019742581     
         184         202  0.97125137377683890     
         189         203  0.97125066323743137     
         190         204  0.97224494953916463     
         193         205  0.96268317407981996     
         207         208   1.6430890734293777     
         208         209   1.1825827331327252     
          88         210   1.1860464913122453     
         209         210   1.2533719849415412     
         210         211   1.2534248326477959     
         211         212   1.1825706595244441     
         212         213   1.6430887290439937     
         213         214   1.1720860748272406     
         206         215  0.65135101068428769     
         211         215   1.2606655572721293     
         214         215   1.2150878534548988     
         214         216   1.3609102775379376     
         216         217   1.3608677603770454     
         217         218   1.1721088909633466     
         218         219   1.6430454758331137     
         219         220   1.1826347773157717     
         206         221  0.65154407905022793     
         217         221   1.2150608139331807     
         220         221   1.2605672531808554     
          89         222   1.1859389730220620     
         220         222   1.2533733353307448     
         222         223   1.2534975441966982     
         223         224   1.1826191751749726     
         224         225   1.6430482874590999     
         225         226   1.1721088772643113     
         206         227  0.65159223836749702     
         223         227   1.2605445996291618     
         226         227   1.2150659685572665     
         226         228   1.3608611846106924     
         207         229   1.1720820065608637     
         228         229   1.3609117782346627     
         206         230  0.65136026708920336     
         209         230   1.2606525580560772     
         229         230   1.2150841478096568     
         207         231  0.97224451458794459     
         208         232  0.97125314169788013     
         212         233  0.97124911734013719     
         213         234  0.97224488363312167     
         216         235  0.96268288226810328     
         218         236  0.97224182084313260     
         219         237  0.97125461172452887     
         224         238  0.97125099301226148     
         225         239  0.97224248542167724     
         228         240  0.96268369910582452     
         242         243   1.6430821094982624     
         243         244   1.1826145908945462     
          92         245   1.1859559745327051     
         244         245   1.2533967822679255     
         245         246   1.2534773648887256     
         246         247   1.1826010027525096     
         247         248   1.6430978390928550     
         248         249   1.1720448508822636     
         241         250  0.65133654088412996     
         246         250   1.2606400476695612     
         249         250   1.2151420739837295     
         249         251   1.3608594261002622     
         251         252   1.3607812642107344     
         252         253   1.1720861673418868     
         253         254   1.6430427073613918     
         254         255   1.1826688350063908     
         241         256  0.65166119233806330     
         252         256   1.2151156893691217     
         255         256   1.2604550388131888     
          93         257   1.1857465618019278     
         255         257   1.2536097888165230     
         257         258   1.2534192608581918     
         258         259   1.1826791809682375     
         259         260   1.6430276477513579     
         260         261   1.1721105465714117     
         241         262  0.65166498437398268     
         258         262   1.2605163204466190     
         261         262   1.2150663437058404     
         261         263   1.3607876760313646     
         242         264   1.1720640836553322     
         263         264   1.3608696390851547     
         241         265  0.65142568301102211     
         244         265   1.2606332760191434     
         264         265   1.2150873032215341     
         242         266  0.97224383767376654     
         243         267  0.97125493168007837     
         247         268  0.97125317823677138     
         248         269  0.97224512272208630     
         251         270  0.96267921965560588     
         253         271  0.97224134375021909     
         254         272  0.97125735650079914     
         259         273  0.97125703588491696     
         260         274  0.97224048521020945     
         263         275  0.96267626471453505     
         277         278   1.6431792257913451     
         278         279   1.1826024131185369     
          96         280   1.1856457461463137     
         279         280   1.2536240533988834     
         280         281   1.2536429867928294     
         281         282   1.1826121910731580     
         282         283   1.6431489864556832     
         283         284   1.1719843640277410     
         276         285  0.65162140157970883     
         281         285   1.2604794841684592     
         284         285   1.2151468850705434     
         284         286   1.3608877871965628     
         286         287   1.3606830107364676     
         287         288   1.1719365624217268     
         288         289   1.6433678083079974     
         289         290   1.1824100653871950     
         276         291  0.65194187677199045     
         287         291   1.2152906969843855     
         290         291   1.2599997645648826     
          97         292   1.1835545359808026     
         290         292   1.2544536171812779     
         292         293   1.2547779983424361     
         293         294   1.1823891760694216     
         294         295   1.6433798008534306     
         295         296   1.1719146073134614     
         276         297  0.65174679758012133     
         293         297   1.2599248170076569     
         296         297   1.2154428600069238     
         296         298   1.3605967535178869     
         277         299   1.1719578271312745     
         298         299   1.3609543229547714     
         276         300  0.65181795531746656     
         279         300   1.2604373482106292     
         299         300   1.2150747022233508     
         277         301  0.97224226387972423     
         278         302  0.97125270542548758     
         282         303  0.97126047428802997     
         283         304  0.97224271558218311     
         286         305  0.96267837939864653     
         288         306  0.97223929835661782     
         289         307  0.97124453314116421     
         294         308  0.97125569301093151     
         295         309  0.97224103265806994     
         298         310  0.96268056043343475     
