    0.19850501
   -0.05055859
   -0.04903669
    0.07875155
    0.01674966
    0.07878305
   -0.04895465
   -0.05056952
    0.07717960
   -0.17163905
   -0.04950999
    0.07850420
   -0.04954084
   -0.04971338
    0.07918802
   -0.16981951
   -0.05125612
    0.07918876
   -0.04971991
   -0.04954843
    0.07850438
   -0.16983609
   -0.04948918
    0.07717563
   -0.17160080
    0.03464040
    0.03669539
    0.03668808
    0.03461933
    0.05012621
    0.03528900
    0.03521396
    0.04939023
    0.03521668
    0.03529233
    0.05013844
    0.19848689
   -0.05055969
   -0.04903488
    0.07873322
    0.01675032
    0.07878295
   -0.04894269
   -0.05056531
    0.07720171
   -0.17165298
   -0.04952655
    0.07851072
   -0.04954438
   -0.04971218
    0.07919799
   -0.16983204
   -0.05125953
    0.07919570
   -0.04971527
   -0.04954654
    0.07850587
   -0.16982650
   -0.04951120
    0.07719301
   -0.17160215
    0.03465637
    0.03669936
    0.03667773
    0.03462425
    0.05012295
    0.03529161
    0.03521470
    0.04939278
    0.03521726
    0.03529390
    0.05013763
   -0.01921930
   -0.00968596
   -0.00192781
   -0.00172581
   -0.00978977
   -0.01890366
   -0.01898741
   -0.00966642
   -0.00179543
   -0.00175262
   -0.00971634
   -0.01893948
   -0.01894030
   -0.00971792
   -0.00175658
   -0.00179744
   -0.00967428
   -0.01899355
   -0.01885552
   -0.00976910
   -0.00168353
   -0.00188784
   -0.00966480
   -0.01917030
    0.20057840
   -0.05057424
   -0.04934520
    0.07915562
    0.01665363
    0.07915103
   -0.04934351
   -0.05057098
    0.07662660
   -0.17322712
   -0.04725714
    0.07662394
   -0.05056858
   -0.04934984
    0.07914233
   -0.17319044
    0.01675184
    0.07916405
   -0.04932799
   -0.05057860
    0.07662968
   -0.17318871
   -0.04725899
    0.07662558
   -0.17322437
    0.03408506
    0.03591449
    0.03592753
    0.03408796
    0.05031115
    0.03412285
    0.03603203
    0.03602195
    0.03410751
    0.05030735
    0.20076672
   -0.05055195
   -0.04934656
    0.07914804
    0.01667097
    0.07915340
   -0.04934498
   -0.05055715
    0.07661963
   -0.17315334
   -0.04719784
    0.07662128
   -0.05055348
   -0.04934881
    0.07914789
   -0.17315689
    0.01667103
    0.07915152
   -0.04934481
   -0.05055492
    0.07661845
   -0.17315399
   -0.04719612
    0.07661635
   -0.17314900
    0.03413551
    0.03601577
    0.03601320
    0.03413346
    0.05033883
    0.03413447
    0.03601541
    0.03601262
    0.03413216
    0.05033739
    0.20056773
   -0.05057193
   -0.04935317
    0.07914249
    0.01674839
    0.07917495
   -0.04930702
   -0.05057195
    0.07663735
   -0.17320239
   -0.04728436
    0.07665063
   -0.05056911
   -0.04932525
    0.07913696
   -0.17324284
    0.01665367
    0.07914253
   -0.04934471
   -0.05057238
    0.07664981
   -0.17323178
   -0.04727494
    0.07663147
   -0.17317015
    0.03413053
    0.03603706
    0.03602433
    0.03410778
    0.05030063
    0.03409144
    0.03591222
    0.03592854
    0.03409958
    0.05031370
