           2           3   1.6500926281301378     
           3           4   1.1751238591780997     
           4           5   1.2481013594736261     
           5           6   1.2486686497660893     
           6           7   1.1751722329082397     
           7           8   1.6500300523588627     
           8           9   1.1670129072662843     
           1          10  0.53352382739495197     
           6          10   1.2881019891636147     
           9          10   1.2487360424495255     
           9          11   1.3548830945892520     
          11          12   1.3518666585302923     
          12          13   1.1580656148135533     
          13          14   1.6658447572447659     
          14          15   1.1576651596155572     
           1          16  0.53467038684986312     
          12          16   1.2630589956611140     
          15          16   1.2650981446724243     
          15          17   1.3515022873834299     
          17          18   1.3515082540675627     
          18          19   1.1576741957240586     
          19          20   1.6658223912592587     
          20          21   1.1580863846347893     
           1          22  0.53472795842296816     
          18          22   1.2650761097068761     
          21          22   1.2630642175304820     
          21          23   1.3518264004783531     
           2          24   1.1669872306221059     
          23          24   1.3549685403291398     
           1          25  0.53309170673985706     
           4          25   1.2883967880822020     
          24          25   1.2486460916550355     
           2          26  0.97228696247586344     
           3          27  0.97066985416951912     
           7          28  0.97067315185350522     
           8          29  0.97228826582656336     
          11          30  0.96378714427210388     
          13          31  0.97218561950810056     
          14          32  0.97220869323599124     
          17          33  0.96419237268035152     
          19          34  0.97220773812836980     
          20          35  0.97218440816663299     
          23          36  0.96378254342812331     
          38          39   1.6501405050293330     
          39          40   1.1750937046183962     
          40          41   1.2483989993063154     
          41          42   1.2489761653041767     
          42          43   1.1751207738517833     
          43          44   1.6500917985882950     
          44          45   1.1669839115454250     
          37          46  0.53335148571461732     
          42          46   1.2879524255984174     
          45          46   1.2488391579628280     
          45          47   1.3548353069897763     
          47          48   1.3519340402520112     
          48          49   1.1580213825915520     
          49          50   1.6658963072898580     
          50          51   1.1576402819059559     
          37          52  0.53460111837324309     
          48          52   1.2630561256329953     
          51          52   1.2650919185571698     
          51          53   1.3515417606425633     
          53          54   1.3515386856252278     
          54          55   1.1576389065759878     
          55          56   1.6658823568417587     
          56          57   1.1580386890161818     
          37          58  0.53459821333651036     
          54          58   1.2650891360755514     
          57          58   1.2630719919979669     
          57          59   1.3518890888489719     
          38          60   1.1669787401143590     
          59          60   1.3549205976050820     
          37          61  0.53322110366910958     
          40          61   1.2881650842271752     
          60          61   1.2487196482321394     
          38          62  0.97228611283891864     
          39          63  0.97066585944081429     
          43          64  0.97066965383979631     
          44          65  0.97228811121009995     
          47          66  0.96378431598743097     
          49          67  0.97218565490196474     
          50          68  0.97220683517298856     
          53          69  0.96418808261329902     
          55          70  0.97220682896769395     
          56          71  0.97218509337722292     
          59          72  0.96378000837921263     
           5          73   1.1882102207989591     
          73          74   2.4415857112714621     
          74          75   1.3328995684807023     
          73          76  0.19259708890938093     
          75          76   2.3555780634747574     
          76          77   1.3338240852057897     
          75          78  0.19239055020171975     
          77          78   2.4386064858374352     
          79          80   2.4363615668290670     
          80          81   1.3356880843951067     
          79          82  0.19207793507396831     
          81          82   2.3520762948907441     
          82          83   1.3357097423763995     
          81          84  0.19208369927382768     
          83          84   2.4363256908135766     
          85          86   2.4363285874380662     
          86          87   1.3357081447998913     
          85          88  0.19209212521677776     
          87          88   2.3520849526787977     
          88          89   1.3356710503220914     
          87          90  0.19209260502959935     
          89          90   2.4364249804217648     
          91          92   2.4392428987714094     
          92          93   1.3331879977796188     
          91          94  0.19232197193106110     
          93          94   2.3562611151375039     
          94          95   1.3322429041917945     
          41          96   1.1875801317466987     
          93          96  0.19251219012121568     
          95          96   2.4422436305749486     
          98          99   1.6490483971656311     
          99         100   1.1756639482934683     
          78         101   1.1912819536796722     
         100         101   1.2453805812481777     
         101         102   1.2454163415648669     
         102         103   1.1756597090551701     
         103         104   1.6490422319821509     
         104         105   1.1679460245842570     
          97         106  0.52797666183905301     
         102         106   1.2912750679976488     
         105         106   1.2478009295959589     
         105         107   1.3541062479201074     
         107         108   1.3538810663310090     
         108         109   1.1681692707164479     
         109         110   1.6487098292643942     
         110         111   1.1759243474762793     
          97         112  0.52799042086679793     
         108         112   1.2477610435402584     
         111         112   1.2914307444913329     
          79         113   1.1924620424176711     
         111         113   1.2448157505794335     
         113         114   1.2449091315756784     
         114         115   1.1759281580903713     
         115         116   1.6487209041867323     
         116         117   1.1681309720758617     
          97         118  0.52802991568024249     
         114         118   1.2914105088594376     
         117         118   1.2478045893338006     
         117         119   1.3538758731528819     
          98         120   1.1679332719871736     
         119         120   1.3541098563082010     
          97         121  0.52788220544599318     
         100         121   1.2912951513164699     
         120         121   1.2478115115221347     
          98         122  0.97233344936670141     
          99         123  0.97077406079175910     
         103         124  0.97077153321377607     
         104         125  0.97233194520056432     
         107         126  0.96350541041033788     
         109         127  0.97233833026207062     
         110         128  0.97077230559966110     
         115         129  0.97076516987355843     
         116         130  0.97233783605096979     
         119         131  0.96350635988952704     
         133         134   1.6487677093336695     
         134         135   1.1758178519283466     
          84         136   1.1924377679447449     
         135         136   1.2448240400558328     
         136         137   1.2448422352129165     
         137         138   1.1758825856575246     
         138         139   1.6487136267994655     
         139         140   1.1681798332597373     
         132         141  0.52821780441923338     
         137         141   1.2914813753439516     
         140         141   1.2475410970666243     
         140         142   1.3540262999606536     
         142         143   1.3540314713795680     
         143         144   1.1681752956611597     
         144         145   1.6487258917315906     
         145         146   1.1758635191351470     
         132         147  0.52810914584698498     
         143         147   1.2475489240523414     
         146         147   1.2915177537595464     
          85         148   1.1924503315705992     
         146         148   1.2448175327565982     
         148         149   1.2448401054632821     
         149         150   1.1758423942044902     
         150         151   1.6487397878582013     
         151         152   1.1681787645141977     
         132         153  0.52819648552631826     
         149         153   1.2915148449392440     
         152         153   1.2475348112082054     
         152         154   1.3540227730853953     
         133         155   1.1681572628369410     
         154         155   1.3540591050191604     
         132         156  0.52811924174341796     
         135         156   1.2915558998098671     
         155         156   1.2475239163950251     
         133         157  0.97233020730054576     
         134         158  0.97075996272199716     
         138         159  0.97075650404689195     
         139         160  0.97233121127308186     
         142         161  0.96351217117122401     
         144         162  0.97233181804998137     
         145         163  0.97075887358218127     
         150         164  0.97075757864346701     
         151         165  0.97233014984455490     
         154         166  0.96351067030449633     
         168         169   1.6488093523457339     
         169         170   1.1758404907653748     
          90         171   1.1923973939435550     
         170         171   1.2447877302062915     
         171         172   1.2450698817021388     
         172         173   1.1759000757046414     
         173         174   1.6487564605515086     
         174         175   1.1680916006219888     
         167         176  0.52823178505660828     
         172         176   1.2913312826702645     
         175         176   1.2477974584708662     
         175         177   1.3539430028422452     
         177         178   1.3540328141834899     
         178         179   1.1678882140187565     
         179         180   1.6491286770388736     
         180         181   1.1755869400953960     
         167         182  0.52812762990394335     
         178         182   1.2479356218540354     
         181         182   1.2910593158320967     
          91         183   1.1906530849947665     
         181         183   1.2457605347777188     
         183         184   1.2456261586687019     
         184         185   1.1756297660681696     
         185         186   1.6490830210170291     
         186         187   1.1679155824737333     
         167         188  0.52804178117004252     
         184         188   1.2911114510163257     
         187         188   1.2479188256089291     
         187         189   1.3540258378429380     
         168         190   1.1680905942292454     
         189         190   1.3539715504590637     
         167         191  0.52816924749672622     
         170         191   1.2914647210152688     
         190         191   1.2477424603210214     
         168         192  0.97233564885624335     
         169         193  0.97076461044788565     
         173         194  0.97076420020402487     
         174         195  0.97233612824719839     
         177         196  0.96350872028240941     
         179         197  0.97233138454679968     
         180         198  0.97076622139893998     
         185         199  0.97076809125044461     
         186         200  0.97233146419983107     
         189         201  0.96350595200581046     
