    0.56211358
   -0.05458317
   -0.05440344
    0.06951873
    0.01162208
    0.06958023
   -0.05421688
   -0.05456902
    0.06407875
   -0.21400029
   -0.06069972
    0.06524533
   -0.05356618
   -0.05528540
    0.07022541
   -0.21282717
   -0.05935285
    0.07023469
   -0.05529064
   -0.05356858
    0.06523712
   -0.21285518
   -0.06069040
    0.06405235
   -0.21388174
    0.03037552
    0.03204434
    0.03180887
    0.03034036
    0.04920169
    0.03051205
    0.03080866
    0.04712325
    0.03080448
    0.03051194
    0.04921958
    0.56204065
   -0.05454991
   -0.05437721
    0.06952331
    0.01157392
    0.06955139
   -0.05432530
   -0.05454238
    0.06415344
   -0.21407284
   -0.06071703
    0.06526205
   -0.05357022
   -0.05528975
    0.07022254
   -0.21280217
   -0.05937105
    0.07022716
   -0.05529398
   -0.05357187
    0.06525650
   -0.21284274
   -0.06072048
    0.06410961
   -0.21392267
    0.03037158
    0.03214176
    0.03204529
    0.03033564
    0.04917542
    0.03050772
    0.03081096
    0.04712594
    0.03080336
    0.03050067
    0.04918617
   -0.03066663
   -0.03080656
   -0.03073618
   -0.03071382
   -0.03077116
   -0.03063511
    0.56702240
   -0.05453410
   -0.05443843
    0.06982936
    0.01144677
    0.06983998
   -0.05429784
   -0.05451976
    0.06372351
   -0.21521403
   -0.05926523
    0.06368085
   -0.05453552
   -0.05445896
    0.06984906
   -0.21516782
    0.01140158
    0.06985953
   -0.05438994
   -0.05454145
    0.06369177
   -0.21518391
   -0.05925715
    0.06372712
   -0.21521769
    0.03035089
    0.03183250
    0.03164948
    0.03035048
    0.04985428
    0.03036569
    0.03185760
    0.03172194
    0.03036028
    0.04985614
    0.56689403
   -0.05454234
   -0.05439985
    0.06985124
    0.01138387
    0.06984269
   -0.05445474
   -0.05454364
    0.06370676
   -0.21512475
   -0.05928469
    0.06381272
   -0.05451022
   -0.05442860
    0.06981615
   -0.21532484
    0.01140746
    0.06981933
   -0.05439146
   -0.05449649
    0.06378285
   -0.21522837
   -0.05930145
    0.06370720
   -0.21517035
    0.03035221
    0.03176132
    0.03183072
    0.03036130
    0.04982669
    0.03033651
    0.03186608
    0.03192213
    0.03035113
    0.04982568
