           2           3   1.6447486558274580     
           3           4   1.1813931861661493     
           4           5   1.2620838731632866     
           5           6   1.2625220870316487     
           6           7   1.1814077584949871     
           7           8   1.6447155468324335     
           8           9   1.1707386162245026     
           1          10  0.65636880477284798     
           6          10   1.2561616662448205     
           9          10   1.2176815246115800     
           9          11   1.3606068080518168     
          11          12   1.3612995903733325     
          12          13   1.1627068087878571     
          13          14   1.6598340723657350     
          14          15   1.1639276857654399     
           1          16  0.65982256177913556     
          12          16   1.2265155469863367     
          15          16   1.2386790496668150     
          15          17   1.3579943941774764     
          17          18   1.3579406855488505     
          18          19   1.1639460956276779     
          19          20   1.6597627810465114     
          20          21   1.1627861653549640     
           1          22  0.65969045254083158     
          18          22   1.2387337743326405     
          21          22   1.2265238247030299     
          21          23   1.3612175445739800     
           2          24   1.1707279033244340     
          23          24   1.3607389150955900     
           1          25  0.65676090724793079     
           4          25   1.2561973733730987     
          24          25   1.2174417056714368     
           2          26  0.97224177768610454     
           3          27  0.96858783567043127     
           7          28  0.96883529497547061     
           8          29  0.97224555228902121     
          11          30  0.96297162214501286     
          13          31  0.97215942292939017     
          14          32  0.97242941390205528     
          17          33  0.96495425831869952     
          19          34  0.97243148342678887     
          20          35  0.97216004664910283     
          23          36  0.96296639293460040     
          38          39   1.6451536224953782     
          39          40   1.1809836757934149     
          40          41   1.2630950733043997     
          41          42   1.2632044863152978     
          42          43   1.1810608339615138     
          43          44   1.6450550665767381     
          44          45   1.1705960667231485     
          37          46  0.65586194806757181     
          42          46   1.2560526039736730     
          45          46   1.2179359891930985     
          45          47   1.3606397971840805     
          47          48   1.3613904109134918     
          48          49   1.1627063557196313     
          49          50   1.6598761825696353     
          50          51   1.1638937854487219     
          37          52  0.65987248883794170     
          48          52   1.2265041544729927     
          51          52   1.2386743628537087     
          51          53   1.3580472980723881     
          53          54   1.3579508456164489     
          54          55   1.1639637380348997     
          55          56   1.6597541584637858     
          56          57   1.1627989435084194     
          37          58  0.65971919469224094     
          54          58   1.2387081227974557     
          57          58   1.2265559409634130     
          57          59   1.3612399157263175     
          38          60   1.1705648237380422     
          59          60   1.3608310358755829     
          37          61  0.65678096898614269     
          40          61   1.2558926422807781     
          60          61   1.2175913878653013     
          38          62  0.97224159702979307     
          39          63  0.96927523422466477     
          43          64  0.96951311800683504     
          44          65  0.97224666941838367     
          47          66  0.96298065095960195     
          49          67  0.97215941596718003     
          50          68  0.97242940773728048     
          53          69  0.96495051950942945     
          55          70  0.97243163343208239     
          56          71  0.97216056559875008     
          59          72  0.96297777680369379     
           5          73   1.1686244989208610     
          73          74   2.5822019304336581     
          75          76   2.5788982169473185     
          41          78   1.1668157508326047     
          77          78   2.5831984970779005     
          80          81   1.6440424921835533     
          81          82   1.1815350743761537     
          74          83   1.1700106177021177     
          82          83   1.2599859673831975     
          83          84   1.2603995406492285     
          84          85   1.1815052907210764     
          85          86   1.6440712566019329     
          86          87   1.1715088722943434     
          79          88  0.65236275029945379     
          84          88   1.2586679809194441     
          87          88   1.2160777475912261     
          87          89   1.3605599177779348     
          89          90   1.3606791166405763     
          90          91   1.1716312399458497     
          91          92   1.6437774069486817     
          92          93   1.1817908361392759     
          79          94  0.65238511907128038     
          90          94   1.2158160896881156     
          93          94   1.2590683106263392     
          75          95   1.1717766264557703     
          93          95   1.2592988477515230     
          95          96   1.2594142252315061     
          96          97   1.1817710103002999     
          97          98   1.6437728666970344     
          98          99   1.1716339605942956     
          79         100  0.65223437449959132     
          96         100   1.2590581807582069     
          99         100   1.2159398749326520     
          99         101   1.3606208189453821     
          80         102   1.1715187985406343     
         101         102   1.3606335169064863     
          79         103  0.65210258245055985     
          82         103   1.2589015611671039     
         102         103   1.2160261370967826     
          80         104  0.97224204345474430     
          81         105  0.96864593306703661     
          85         106  0.96887935412160597     
          86         107  0.97224242349205758     
          89         108  0.96270363173598095     
          91         109  0.97224306712511632     
          92         110  0.96864648368995632     
          97         111  0.96863930799557663     
          98         112  0.97224406940918773     
         101         113  0.96270457913566376     
         115         116   1.6437680198388021     
         116         117   1.1817963432943543     
          76         118   1.1717150248710264     
         117         118   1.2594760401749192     
         118         119   1.2593594410236650     
         119         120   1.1817212691519059     
         120         121   1.6438623399116890     
         121         122   1.1715720739300204     
         114         123  0.65235813249868657     
         119         123   1.2590811495352747     
         122         123   1.2158767513976974     
         122         124   1.3607937151648712     
         124         125   1.3605429790155523     
         125         126   1.1713709429238810     
         126         127   1.6443586855105981     
         127         128   1.1812060978571861     
         114         129  0.65150688966763104     
         125         129   1.2164565876447018     
         128         129   1.2586849341834192     
          77         130   1.1681967703568159     
         128         130   1.2608897761970728     
         130         131   1.2612003729470500     
         131         132   1.1811271815489310     
         132         133   1.6444672183733413     
         133         134   1.1713180644666590     
         114         135  0.65236079573761363     
         131         135   1.2584236455204205     
         134         135   1.2161999480752801     
         134         136   1.3606986969687629     
         115         137   1.1716414549685426     
         136         137   1.3606218991306469     
         114         138  0.65237406143896526     
         117         138   1.2589583986985795     
         137         138   1.2159701338174154     
         115         139  0.97224313561945874     
         116         140  0.96863237007346736     
         120         141  0.96864256818500194     
         121         142  0.97224004514561002     
         124         143  0.96271782452844068     
         126         144  0.97224430579374466     
         127         145  0.96934962244873402     
         132         146  0.96953868362870332     
         133         147  0.97223975230922055     
         136         148  0.96271853435098753     
