   -0.29230169
   -0.05219186
   -0.05052954
    0.07360767
    0.02522237
    0.07358221
   -0.05059001
   -0.05219441
    0.07310326
   -0.04789610
   -0.04146231
    0.07424707
   -0.05126533
   -0.05134373
    0.07456259
   -0.04693152
   -0.04324808
    0.07456807
   -0.05134088
   -0.05126960
    0.07424910
   -0.04690697
   -0.04146693
    0.07310867
   -0.04789367
    0.03520929
    0.03742032
    0.03742239
    0.03523080
    0.04903812
    0.03571017
    0.03561877
    0.04838165
    0.03561929
    0.03571164
    0.04903149
   -0.02026273
   -0.00949487
   -0.00206527
   -0.00205985
   -0.00943047
   -0.02031859
   -0.29341524
   -0.05218571
   -0.05054656
    0.07356539
    0.02530399
    0.07356621
   -0.05055341
   -0.05216826
    0.07304524
   -0.04759970
   -0.04133434
    0.07419024
   -0.05127756
   -0.05133583
    0.07450690
   -0.04656724
   -0.04311232
    0.07449378
   -0.05134185
   -0.05126215
    0.07420661
   -0.04656653
   -0.04132811
    0.07303230
   -0.04756917
    0.03522097
    0.03736180
    0.03735605
    0.03523172
    0.04896856
    0.03570082
    0.03562406
    0.04832161
    0.03561437
    0.03571655
    0.04895631
