           2           3   1.6452238179482797     
           3           4   1.1787397149203283     
           4           5   1.2517753870791457     
           5           6   1.2514077520207425     
           6           7   1.1787058250806997     
           7           8   1.6452943600940211     
           8           9   1.1698539440548064     
           1          10  0.75279593729167571     
           6          10   1.2617547668703499     
           9          10   1.2267283439975614     
           9          11   1.3552556689304531     
          11          12   1.3534340383516521     
          12          13   1.1612040062644875     
          13          14   1.6610798457917952     
          14          15   1.1605170514190137     
           1          16  0.75104584814938180     
          12          16   1.2393639111470529     
          15          16   1.2422930969999375     
          15          17   1.3529899801577281     
          17          18   1.3529776877580253     
          18          19   1.1605343046797876     
          19          20   1.6611125726499238     
          20          21   1.1611419723464205     
           1          22  0.75110733598429635     
          18          22   1.2422925084343444     
          21          22   1.2393311866305829     
          21          23   1.3535114386144365     
           2          24   1.1699022305527180     
          23          24   1.3551566516594913     
           1          25  0.75296750001415824     
           4          25   1.2615595705970661     
          24          25   1.2267816351854088     
           2          26  0.97179688443518508     
           3          27  0.96994350840285903     
           7          28  0.96993777903811562     
           8          29  0.97179763354500526     
          11          30  0.96377480730926923     
          13          31  0.97169376463271007     
          14          32  0.97172122652933157     
          17          33  0.96410217449640323     
          19          34  0.97172070543941647     
          20          35  0.97169590535942396     
          23          36  0.96377530229130925     
           5          37   1.1824305273764188     
          37          38   2.4488402120374362     
          38          39   1.3285329857668475     
          37          40  0.19374119254390681     
          39          40   2.3629633492992221     
          40          41   1.3286604680359744     
          39          42  0.19367255676734943     
          41          42   2.4483211777870686     
          44          45   1.6447827323738859     
          45          46   1.1788226188659008     
          42          47   1.1833371681212048     
          46          47   1.2509729517093626     
          47          48   1.2504433643035742     
          48          49   1.1790048076712014     
          49          50   1.6448140613103379     
          50          51   1.1699073086980913     
          43          52  0.75283153509793954     
          48          52   1.2619997448291131     
          51          52   1.2262351510676750     
          51          53   1.3551281456932407     
          53          54   1.3525815742516110     
          54          55   1.1614332532090681     
          55          56   1.6606917974443731     
          56          57   1.1606150068746581     
          43          58  0.75128447084853478     
          54          58   1.2394433914634468     
          57          58   1.2418493101275458     
          57          59   1.3527366330626962     
          59          60   1.3522579555369485     
          60          61   1.1607751289254424     
          61          62   1.6606707564067515     
          62          63   1.1612790462103444     
          43          64  0.75133705620173263     
          60          64   1.2422557800640246     
          63          64   1.2389862144351391     
          63          65   1.3531339653081358     
          44          66   1.1701356483422880     
          65          66   1.3545470779217581     
          43          67  0.75301322293604156     
          46          67   1.2614198414666968     
          66          67   1.2266474879021205     
          44          68  0.97180125527487671     
          45          69  0.97000454017940896     
          49          70  0.97001894465861249     
          50          71  0.97180298884635363     
          53          72  0.96386866831808571     
          55          73  0.97170148089651132     
          56          74  0.97172593898498338     
          59          75  0.96418808999975036     
          61          76  0.97172421127924624     
          62          77  0.97169863364473341     
          65          78  0.96386626442158763     
