    0.19821025
   -0.05059277
   -0.04907301
    0.07875515
    0.01668984
    0.07877012
   -0.04902065
   -0.05059384
    0.07716952
   -0.17169583
   -0.04949211
    0.07848982
   -0.04958818
   -0.04975178
    0.07914316
   -0.16989404
   -0.05127567
    0.07914674
   -0.04975434
   -0.04958952
    0.07848998
   -0.16989857
   -0.04947700
    0.07716805
   -0.17169736
    0.03455780
    0.03663478
    0.03663119
    0.03455015
    0.05002471
    0.03519735
    0.03511002
    0.04930315
    0.03510881
    0.03519690
    0.05003500
    0.19819375
   -0.05059004
   -0.04906016
    0.07873329
    0.01669990
    0.07876102
   -0.04901002
   -0.05059666
    0.07719255
   -0.17172729
   -0.04951934
    0.07849521
   -0.04958483
   -0.04975079
    0.07914715
   -0.16990146
   -0.05128517
    0.07914684
   -0.04975335
   -0.04958562
    0.07849232
   -0.16988882
   -0.04950608
    0.07718471
   -0.17169794
    0.03456833
    0.03662897
    0.03662248
    0.03455007
    0.05001859
    0.03519399
    0.03510620
    0.04929738
    0.03510472
    0.03519152
    0.05003016
   -0.01922742
   -0.00978069
   -0.00198908
   -0.00178864
   -0.00987635
   -0.01892061
   -0.01898307
   -0.00977600
   -0.00184727
   -0.00183557
   -0.00978112
   -0.01898404
   -0.01887397
   -0.00986044
   -0.00175252
   -0.00194732
   -0.00975921
   -0.01918540
    0.20025650
   -0.05060767
   -0.04940872
    0.07911548
    0.01660223
    0.07914669
   -0.04937953
   -0.05060741
    0.07664176
   -0.17330184
   -0.04723285
    0.07662618
   -0.05060269
   -0.04938166
    0.07912363
   -0.17325739
    0.01669317
    0.07912788
   -0.04936328
   -0.05060306
    0.07662394
   -0.17326655
   -0.04723229
    0.07663783
   -0.17328641
    0.03401191
    0.03586674
    0.03586584
    0.03400377
    0.05020335
    0.03403206
    0.03595108
    0.03594390
    0.03402955
    0.05020080
    0.20023567
   -0.05059898
   -0.04938563
    0.07911966
    0.01668501
    0.07913554
   -0.04934894
   -0.05060235
    0.07663347
   -0.17327786
   -0.04726096
    0.07666141
   -0.05060362
   -0.04937749
    0.07911975
   -0.17331678
    0.01661294
    0.07911081
   -0.04938657
   -0.05060086
    0.07665687
   -0.17330710
   -0.04725426
    0.07662765
   -0.17325460
    0.03403540
    0.03595230
    0.03593972
    0.03402194
    0.05019211
    0.03400892
    0.03585516
    0.03586561
    0.03401293
    0.05019955
