           2           3   1.6501174618331775     
           3           4   1.1750710818406644     
           4           5   1.2480934400386596     
           5           6   1.2484523182911027     
           6           7   1.1749334657111548     
           7           8   1.6501909554739673     
           8           9   1.1669949903454564     
           1          10  0.53311769780085749     
           6          10   1.2885584432042727     
           9          10   1.2485711546026521     
           9          11   1.3550676402200836     
          11          12   1.3517657428443630     
          12          13   1.1580207388268031     
          13          14   1.6659387084921862     
          14          15   1.1575812868684918     
           1          16  0.53434610496526380     
          12          16   1.2631885698351288     
          15          16   1.2651760982114608     
          15          17   1.3515343491539760     
          17          18   1.3514900702707218     
          18          19   1.1575821902708916     
          19          20   1.6659181452498442     
          20          21   1.1580407149984353     
           1          22  0.53422915289826411     
          18          22   1.2652231281228961     
          21          22   1.2631904642984562     
          21          23   1.3517497385680959     
           2          24   1.1669963793607459     
          23          24   1.3551047661119122     
           1          25  0.53304793639519021     
           4          25   1.2885761127613713     
          24          25   1.2485286760517740     
           2          26  0.97229706304963626     
           3          27  0.97067260152712942     
           7          28  0.97068268869492080     
           8          29  0.97229846237893558     
          11          30  0.96380098454211116     
          13          31  0.97219296699302149     
          14          32  0.97221462460556518     
          17          33  0.96419153890584164     
          19          34  0.97221548918085565     
          20          35  0.97219262013190177     
          23          36  0.96379705312550246     
          38          39   1.6502763213356784     
          39          40   1.1749376311578903     
          40          41   1.2484035656281804     
          41          42   1.2488095912188939     
          42          43   1.1749590610906038     
          43          44   1.6502250451842166     
          44          45   1.1669426172697219     
          37          46  0.53295268067231294     
          42          46   1.2882539705867169     
          45          46   1.2488156650926747     
          45          47   1.3549258098215229     
          47          48   1.3518649104808427     
          48          49   1.1579758006205072     
          49          50   1.6659951132198327     
          50          51   1.1575521721407545     
          37          52  0.53428592128398311     
          48          52   1.2631711566859627     
          51          52   1.2652031052069181     
          51          53   1.3515490429731769     
          53          54   1.3515062182853177     
          54          55   1.1575759956676972     
          55          56   1.6659401009431378     
          56          57   1.1580256130488016     
          37          58  0.53417699532452867     
          54          58   1.2652211342856881     
          57          58   1.2632017886382556     
          57          59   1.3517749354162081     
          38          60   1.1669138446827620     
          59          60   1.3550510471214166     
          37          61  0.53297216814634030     
          40          61   1.2884193188912800     
          60          61   1.2486828730072803     
          38          62  0.97229538124909654     
          39          63  0.97066372191399852     
          43          64  0.97068455916503893     
          44          65  0.97230086720101028     
          47          66  0.96380413807297016     
          49          67  0.97219290963466654     
          50          68  0.97221421437682676     
          53          69  0.96419365451424155     
          55          70  0.97221488730096239     
          56          71  0.97219275565072361     
          59          72  0.96380219275694234     
           5          73   1.1884280468718891     
          73          74   2.4412556820746159     
          74          75   1.3331596350743262     
          73          76  0.19260782336788856     
          75          76   2.3552046047210977     
          76          77   1.3341618654794740     
          75          78  0.19246742850654280     
          77          78   2.4382311051967807     
          79          80   2.4362918981848809     
          80          81   1.3357656244726397     
          79          82  0.19211535350512182     
          81          82   2.3519849540248305     
          82          83   1.3358268470545793     
          81          84  0.19217381055922028     
          83          84   2.4362708483406372     
          85          86   2.4388562637472937     
          86          87   1.3335267362141747     
          85          88  0.19238721834033068     
          87          88   2.3558232061485613     
          88          89   1.3325721875314915     
          41          90   1.1877549556529605     
          87          90  0.19256990524137432     
          89          90   2.4418677974270580     
          92          93   1.6491008748554195     
          93          94   1.1755417320997805     
          78          95   1.1914519683430573     
          94          95   1.2452189478135076     
          95          96   1.2453997656912275     
          96          97   1.1755287214275127     
          97          98   1.6490889165046743     
          98          99   1.1679775638116294     
          91         100  0.52771232746238328     
          96         100   1.2915616744319209     
          99         100   1.2477336188055430     
          99         101   1.3541420081320685     
         101         102   1.3539639799787044     
         102         103   1.1680201822443661     
         103         104   1.6489553364705465     
         104         105   1.1756932466386978     
          91         106  0.52767038858379889     
         102         106   1.2477896730260025     
         105         106   1.2916724467723957     
          79         107   1.1924697534200237     
         105         107   1.2448214723010451     
         107         108   1.2449398408366643     
         108         109   1.1756672225934270     
         109         110   1.6489503416298759     
         110         111   1.1680455202660838     
          91         112  0.52767306003962133     
         108         112   1.2916716210607662     
         111         112   1.2477978455590970     
         111         113   1.3539516291236500     
          92         114   1.1679748824134970     
         113         114   1.3541285869366542     
          91         115  0.52770533054147017     
          94         115   1.2915779388223489     
         114         115   1.2477454998636444     
          92         116  0.97234173539359181     
          93         117  0.97077981801030755     
          97         118  0.97077071883439903     
          98         119  0.97233863743332505     
         101         120  0.96352990381500803     
         103         121  0.97234143626987601     
         104         122  0.97075774448074348     
         109         123  0.97077111038014430     
         110         124  0.97234305306405111     
         113         125  0.96353099076562598     
         127         128   1.6490204273201989     
         128         129   1.1756403085859557     
          84         130   1.1924288606983218     
         129         130   1.2447993345057742     
         130         131   1.2450341530557489     
         131         132   1.1756704968106191     
         132         133   1.6489821892423575     
         133         134   1.1679948312170139     
         126         135  0.52764803702171426     
         131         135   1.2916105090285737     
         134         135   1.2478434884950134     
         134         136   1.3539860608244090     
         136         137   1.3540605832560555     
         137         138   1.1679056699103734     
         138         139   1.6492007645121904     
         139         140   1.1754663132499314     
         126         141  0.52767695164843931     
         137         141   1.2479028602862758     
         140         141   1.2913572872548020     
          85         142   1.1908134507887298     
         140         142   1.2456254709876924     
         142         143   1.2456131482648181     
         143         144   1.1754497611014505     
         144         145   1.6492031638237394     
         145         146   1.1679136216530785     
         126         147  0.52758122990641854     
         143         147   1.2913853718066017     
         146         147   1.2479207816947153     
         146         148   1.3540273402578913     
         127         149   1.1679871908665937     
         148         149   1.3540449118932725     
         126         150  0.52766863450749280     
         129         150   1.2917100392216248     
         149         150   1.2477627824105841     
         127         151  0.97234074212710253     
         128         152  0.97076223091348979     
         132         153  0.97076659988543890     
         133         154  0.97234358230555251     
         136         155  0.96353498329476017     
         138         156  0.97233984844920684     
         139         157  0.97076562910310160     
         144         158  0.97077565982626945     
         145         159  0.97233872332844240     
         148         160  0.96353265359557749     
