   -0.05481299
   -0.05310798
    0.08700566
    0.01184347
    0.06416220
   -0.04981298
   -0.05182620
    0.06422949
   -0.08109068
   -0.05501267
    0.08674515
   -0.05376573
   -0.05381664
    0.08646564
   -0.32096664
   -0.05679004
    0.06500872
   -0.05109168
   -0.05089630
    0.06561408
   -0.08097647
   -0.05498599
    0.08548076
   -0.32474343
    0.01847804
    0.02065435
    0.04324398
    0.04137645
    0.21408105
    0.04692256
    0.01941195
    0.01942691
    0.04610967
    0.04186264
    0.04181304
    0.21436317
    0.04695375
   -0.05481115
   -0.05308041
    0.08711661
    0.01184832
    0.06416115
   -0.04983646
   -0.05182010
    0.06417421
   -0.08102829
   -0.05499739
    0.08672180
   -0.05376495
   -0.05381855
    0.08649390
   -0.32099100
   -0.05677698
    0.06503403
   -0.05109716
   -0.05090001
    0.06557911
   -0.08091008
   -0.05495504
    0.08544277
   -0.32478166
    0.01847998
    0.02062677
    0.04325266
    0.04139967
    0.21406883
    0.04692177
    0.01942003
    0.01942429
    0.04612666
    0.04186368
    0.04182107
    0.21434399
    0.04693983
   -0.02191651
   -0.01135925
   -0.01071173
   -0.02252452
   -0.02256010
   -0.01074632
   -0.01141602
   -0.02193554
   -0.05460295
   -0.05296883
    0.08681277
    0.01204720
    0.06354985
   -0.05014287
   -0.05185693
    0.06401556
   -0.08135159
   -0.05286014
    0.08518076
   -0.05460362
   -0.05296184
    0.08685705
   -0.32407342
    0.01204050
    0.06354772
   -0.05014820
   -0.05185459
    0.06399757
   -0.08134702
   -0.05287363
    0.08519356
   -0.32409473
    0.01855693
    0.02062139
    0.04292112
    0.04116043
    0.21436936
    0.04760068
    0.01855054
    0.02059433
    0.04291131
    0.04116630
    0.21436362
    0.04760361
