           1           2   1.7164825966524238     
           2           3   1.1215530088200303     
           3           4   1.2433953043728729     
           4           5   1.2482377862652951     
           5           6   1.2373039727977369     
           6           7   1.5922397345183321     
           7           8   1.2242292159086756     
           5           9   1.2259114008975276     
           8           9   1.2019899750428931     
           8          10   1.3441684986217388     
          10          11   1.3573501869473248     
          11          12   1.1068537370954554     
          12          13   1.7309190581564580     
          13          14   1.1088293651031498     
          11          15   1.3238256333899789     
          14          15   1.3253769113708644     
          14          16   1.3536566407690078     
          16          17   1.3465654476750257     
          17          18   1.2156969596768101     
          18          19   1.6079968877183641     
          19          20   1.2153199863083284     
          17          21   1.2097841768945627     
          20          21   1.2111255126295772     
          20          22   1.3418926156092683     
           1          23   1.1149827499117395     
          22          23   1.3666123032379136     
           3          24   1.3620071248630738     
          23          24   1.2989050397061273     
           1          25  0.97278744373899562     
           2          26  0.97152421364684161     
           6          27  0.97185544787459599     
           7          28  0.97293093990675161     
           9          29  0.90011136122051016     
          10          30  0.96372726862051761     
          12          31  0.97274362867339914     
          13          32  0.97279172415335058     
          16          33  0.96472259001662497     
          18          34  0.97290138506951029     
          19          35  0.97283507403256753     
          21          36  0.90041506443076869     
          22          37  0.96356300828700858     
          38          39   1.7164099644363164     
          39          40   1.1214625726820224     
          40          41   1.2429955397891748     
          41          42   1.2478365634504680     
          42          43   1.2373822174964468     
          43          44   1.5920863393360736     
          44          45   1.2243715039491097     
          42          46   1.2260460805664404     
          45          46   1.2018752778421997     
          45          47   1.3441351234005829     
          47          48   1.3573283412072656     
          48          49   1.1069194650104281     
          49          50   1.7309015571818196     
          50          51   1.1087728351575150     
          48          52   1.3237812296725635     
          51          52   1.3254081678310712     
          51          53   1.3536804385792687     
          53          54   1.3465007280886536     
          54          55   1.2157241459646255     
          55          56   1.6078474762696520     
          56          57   1.2155164133287713     
          54          58   1.2097948308616155     
          57          58   1.2111133706754265     
          57          59   1.3416584995294358     
          38          60   1.1150899240962533     
          59          60   1.3669156202247750     
          40          61   1.3626045493475591     
          60          61   1.2984330182212136     
          38          62  0.97278913298498149     
          39          63  0.97150931689454434     
          43          64  0.97185758273733225     
          44          65  0.97293261682073195     
          46          66  0.90024428090032904     
          47          67  0.96375832502704561     
          49          68  0.97274340864433739     
          50          69  0.97278904667033284     
          53          70  0.96469669885922327     
          55          71  0.97290072018839768     
          56          72  0.97283563678186502     
          58          73  0.90054263334192131     
          59          74  0.96359317377975751     
           4          75   1.1912686450462595     
          75          76   2.4615912390294286     
          76          77   1.3102236364571751     
          75          78  0.20157195038252002     
          77          78   2.4593340466952136     
          79          80   2.4586107998356246     
          80          81   1.3109986173610306     
          41          82   1.1920080989998221     
          79          82  0.20173815740513290     
          81          82   2.4608118333713334     
          83          84   1.7155458556724938     
          84          85   1.1234939215705737     
          78          86   1.1950242566261671     
          85          86   1.2418087040223611     
          86          87   1.2437300830147273     
          87          88   1.2413432420410841     
          88          89   1.5873349586648708     
          89          90   1.2279860069024775     
          87          91   1.2264670517173228     
          90          91   1.2031789662331598     
          90          92   1.3356883115661522     
          92          93   1.3714020159087252     
          93          94   1.1149802002269507     
          94          95   1.7155333200083338     
          95          96   1.1234831140559201     
          93          97   1.2951123587747877     
          96          97   1.3627687748799895     
          79          98   1.1957517374329214     
          96          98   1.2414050198784747     
          98          99   1.2435063546007872     
          99         100   1.2413503294129185     
         100         101   1.5873498612443464     
         101         102   1.2279492292320071     
          99         103   1.2266147498327276     
         102         103   1.2030674802549397     
         102         104   1.3358591362052326     
          83         105   1.1149853836195776     
         104         105   1.3711551986895401     
          85         106   1.3623609998441635     
         105         106   1.2953786505056850     
          83         107  0.97277261381423352     
          84         108  0.97164060558558263     
          88         109  0.97203822883089797     
          89         110  0.97292903084186433     
          91         111  0.89771652316059047     
          92         112  0.96302816507655409     
          94         113  0.97277558750039339     
          95         114  0.97164609525706669     
         100         115  0.97204033418931135     
         101         116  0.97293212727515188     
         103         117  0.89774762768589300     
         104         118  0.96303070405563862     
