    0.24463982
   -0.05198641
   -0.05039969
    0.07726314
    0.01698887
    0.07731053
   -0.05033058
   -0.05199226
    0.07563067
   -0.17680639
   -0.04974307
    0.07691043
   -0.05101553
   -0.05115748
    0.07742629
   -0.17476756
   -0.05150613
    0.07742642
   -0.05115719
   -0.05101583
    0.07690818
   -0.17477706
   -0.04973116
    0.07562100
   -0.17675874
    0.03371110
    0.03543387
    0.03545378
    0.03368559
    0.04922311
    0.03428578
    0.03420874
    0.04858572
    0.03420717
    0.03428537
    0.04923625
    0.24463589
   -0.05198323
   -0.05040520
    0.07724292
    0.01698655
    0.07729402
   -0.05033188
   -0.05198752
    0.07565852
   -0.17685128
   -0.04977742
    0.07691610
   -0.05101993
   -0.05115914
    0.07742589
   -0.17478052
   -0.05151658
    0.07742665
   -0.05115937
   -0.05102036
    0.07691601
   -0.17480134
   -0.04976507
    0.07564406
   -0.17677837
    0.03372128
    0.03547713
    0.03547954
    0.03368548
    0.04921025
    0.03428107
    0.03420469
    0.04857708
    0.03420122
    0.03427985
    0.04922305
   -0.02037698
   -0.01000878
   -0.00929696
   -0.02113653
   -0.02056527
   -0.00958593
   -0.00943389
   -0.02071704
   -0.02071982
   -0.00943166
   -0.00958985
   -0.02056855
   -0.02109269
   -0.00926450
   -0.00998711
   -0.02032055
    0.24636047
   -0.05181996
   -0.05037451
    0.07746129
    0.01739767
    0.07748651
   -0.05035005
   -0.05182237
    0.07515432
   -0.17688962
   -0.04761989
    0.07509806
   -0.05178653
   -0.05043248
    0.07755214
   -0.17688025
    0.01706075
    0.07755500
   -0.05043342
   -0.05178783
    0.07509679
   -0.17689896
   -0.04761505
    0.07514447
   -0.17684239
    0.03382399
    0.03553896
    0.03558185
    0.03380933
    0.04993216
    0.03381793
    0.03542945
    0.03544057
    0.03381529
    0.04993635
    0.24639214
   -0.05178605
   -0.05039941
    0.07755002
    0.01723551
    0.07754418
   -0.05041116
   -0.05178580
    0.07510819
   -0.17682753
   -0.04753683
    0.07511001
   -0.05178451
   -0.05039961
    0.07754201
   -0.17684938
    0.01723677
    0.07754752
   -0.05040821
   -0.05178881
    0.07511088
   -0.17683210
   -0.04753445
    0.07511069
   -0.17685274
    0.03385441
    0.03549797
    0.03549623
    0.03386039
    0.05000155
    0.03385617
    0.03550435
    0.03548804
    0.03385690
    0.05000213
    0.24635022
   -0.05179020
   -0.05043811
    0.07754709
    0.01705615
    0.07755166
   -0.05041649
   -0.05178621
    0.07510608
   -0.17689712
   -0.04765121
    0.07517353
   -0.05181128
   -0.05037221
    0.07744385
   -0.17686819
    0.01740540
    0.07747819
   -0.05034568
   -0.05181519
    0.07518382
   -0.17691092
   -0.04765114
    0.07511234
   -0.17688887
    0.03381974
    0.03543087
    0.03544481
    0.03381635
    0.04992678
    0.03383533
    0.03558847
    0.03562375
    0.03381957
    0.04992858
