           2           3   1.6504031617260408     
           3           4   1.1793554465757565     
           4           5   1.2515642752696856     
           5           6   1.2520550637504790     
           6           7   1.1793161994361581     
           7           8   1.6504124604414798     
           8           9   1.1710796528334244     
           1          10  0.48904794707902877     
           6          10   1.2860335829554312     
           9          10   1.2467969781358830     
           9          11   1.3576315746344501     
          11          12   1.3538710488358423     
          12          13   1.1627904396647246     
          13          14   1.6656109213822941     
          14          15   1.1620564790404717     
           1          16  0.49134839370431899     
          12          16   1.2609600832895291     
          15          16   1.2632271178830576     
          15          17   1.3540762026137110     
          17          18   1.3540857223313056     
          18          19   1.1620277480482899     
          19          20   1.6656362994296467     
          20          21   1.1627723714149185     
           1          22  0.49127796720589101     
          18          22   1.2632459048250626     
          21          22   1.2609842583712374     
          21          23   1.3538641738731383     
           2          24   1.1710935702520027     
          23          24   1.3576775951221509     
           1          25  0.48900091640974586     
           4          25   1.2861352119688867     
          24          25   1.2467105379467813     
           2          26  0.97242436444453562     
           3          27  0.97097513414510028     
           7          28  0.97097712506509148     
           8          29  0.97242749142993556     
          11          30  0.96390906452168046     
          13          31  0.97233828000624500     
          14          32  0.97235752894552896     
          17          33  0.96423900685605712     
          19          34  0.97235685128440874     
          20          35  0.97233720034313176     
          23          36  0.96390441072045208     
          38          39   1.6505902897248768     
          39          40   1.1791664485559585     
          40          41   1.2520631416433385     
          41          42   1.2525676604597911     
          42          43   1.1792303969609639     
          43          44   1.6505248180853491     
          44          45   1.1710234333738987     
          37          46  0.48905915269648259     
          42          46   1.2857151866067762     
          45          46   1.2469668760741555     
          45          47   1.3575560340969872     
          47          48   1.3539344125425832     
          48          49   1.1627784199332001     
          49          50   1.6656189128191041     
          50          51   1.1620696487222189     
          37          52  0.49140046816947508     
          48          52   1.2609516326989680     
          51          52   1.2632002623244505     
          51          53   1.3541010822639090     
          53          54   1.3541231016458821     
          54          55   1.1620434952879148     
          55          56   1.6656355387110582     
          56          57   1.1627682312761392     
          37          58  0.49129967350600401     
          54          58   1.2632103250047257     
          57          58   1.2609912682271935     
          57          59   1.3539026347668590     
          38          60   1.1710172928207736     
          59          60   1.3576432897666619     
          37          61  0.48902331364326318     
          40          61   1.2859100709629403     
          60          61   1.2468340890341343     
          38          62  0.97242224289501211     
          39          63  0.97096119056816166     
          43          64  0.97097181974274627     
          44          65  0.97242603791881732     
          47          66  0.96390952172893729     
          49          67  0.97234006332216028     
          50          68  0.97235827922263485     
          53          69  0.96423689069883811     
          55          70  0.97235726261060884     
          56          71  0.97233921854319028     
          59          72  0.96390524079917916     
           5          73   1.1844434034326128     
          73          74   2.4702971757860199     
          74          75   1.3049661698982808     
          73          76  0.20282861447945577     
          75          76   2.4687400148578429     
          77          78   2.4660441705073182     
          78          79   1.3071968516137853     
          77          80  0.20241431314087527     
          79          80   2.4659662070222885     
          81          82   2.4660509613656867     
          82          83   1.3071380614726764     
          81          84  0.20241463283266803     
          83          84   2.4661648919339996     
          85          86   2.4696341098837036     
          86          87   1.3039618597417892     
          41          88   1.1833905284006530     
          85          88  0.20259923765574062     
          87          88   2.4711928117816271     
          90          91   1.6479115013422168     
          91          92   1.1809392424569649     
          76          93   1.1866916885480692     
          92          93   1.2493741122757507     
          93          94   1.2496554093444818     
          94          95   1.1809514987733005     
          95          96   1.6479123483611096     
          96          97   1.1732210029904273     
          89          98  0.48874925121587864     
          94          98   1.2871310802886202     
          97          98   1.2450778144832941     
          97          99   1.3557646805778625     
          99         100   1.3566685904758846     
         100         101   1.1731135574888247     
         101         102   1.6480001014780585     
         102         103   1.1809048147320698     
          89         104  0.48885704041331796     
         100         104   1.2444035393814863     
         103         104   1.2877558120857664     
          77         105   1.1880404300142788     
         103         105   1.2487505928875069     
         105         106   1.2487984817326421     
         106         107   1.1808857496724308     
         107         108   1.6480192609837587     
         108         109   1.1730957814251861     
          89         110  0.48878705599200178     
         106         110   1.2877493620958156     
         109         110   1.2444509630805429     
         109         111   1.3566414760556773     
          90         112   1.1732580000058341     
         111         112   1.3557983827396685     
          89         113  0.48877113779403419     
          92         113   1.2872477868358640     
         112         113   1.2449908225344766     
          90         114  0.97241500646373857     
          91         115  0.97098249218629129     
          95         116  0.97098083810866387     
          96         117  0.97241734311655126     
          99         118  0.96356895840624013     
         101         119  0.97241272812334734     
         102         120  0.97098877822549201     
         107         121  0.97099110793637200     
         108         122  0.97241434629849544     
         111         123  0.96356820802820253     
         125         126   1.6477868302779659     
         126         127   1.1810626222194305     
          80         128   1.1881686151249118     
         127         128   1.2487362934365980     
         128         129   1.2486659412826502     
         129         130   1.1810735605948466     
         130         131   1.6477780281018890     
         131         132   1.1732767761037886     
         124         133  0.48878041651560905     
         129         133   1.2876741543389649     
         132         133   1.2445859058479543     
         132         134   1.3562211711510195     
         134         135   1.3562023829737719     
         135         136   1.1732600197692977     
         136         137   1.6478131982138129     
         137         138   1.1810304216229652     
         124         139  0.48872872678329143     
         135         139   1.2446237596691674     
         138         139   1.2876616931290255     
          81         140   1.1881309505373197     
         138         140   1.2487655486121108     
         140         141   1.2486682547630734     
         141         142   1.1811054891799180     
         142         143   1.6477522153967148     
         143         144   1.1732862364724383     
         124         145  0.48876687110120248     
         141         145   1.2876544312766025     
         144         145   1.2446027880732144     
         144         146   1.3562016535105099     
         125         147   1.1732648640569268     
         146         147   1.3562165079046167     
         124         148  0.48872045475252063     
         127         148   1.2876715193144124     
         147         148   1.2446146805643292     
         125         149  0.97241396716592232     
         126         150  0.97099137113737355     
         130         151  0.97098620453446172     
         131         152  0.97241390056911925     
         134         153  0.96355543658701004     
         136         154  0.97241320867428760     
         137         155  0.97099226326858068     
         142         156  0.97098577620960880     
         143         157  0.97241412806980432     
         146         158  0.96355520967342834     
         160         161   1.6479922438827761     
         161         162   1.1809493477500332     
          84         163   1.1879500627397657     
         162         163   1.2487705496770689     
         163         164   1.2489177813243248     
         164         165   1.1808288616056268     
         165         166   1.6480900231746376     
         166         167   1.1730538881607362     
         159         168  0.48885962345706258     
         164         168   1.2877082882211057     
         167         168   1.2444715655644867     
         167         169   1.3566788849997513     
         169         170   1.3557412253392787     
         170         171   1.1731616453790330     
         171         172   1.6480995669264096     
         172         173   1.1807713979195886     
         159         174  0.48877349478210963     
         170         174   1.2451584533484010     
         173         174   1.2869787353259163     
          85         175   1.1856430993850529     
         173         175   1.2499040602918206     
         175         176   1.2501251167672671     
         176         177   1.1807964967731013     
         177         178   1.6480970692847623     
         178         179   1.1731118615178806     
         159         180  0.48873220518579874     
         176         180   1.2868920323531969     
         179         180   1.2452288499841817     
         179         181   1.3557391417835736     
         160         182   1.1730983047545405     
         181         182   1.3566726301877550     
         159         183  0.48887620883654531     
         162         183   1.2876711257965523     
         182         183   1.2444511962494598     
         160         184  0.97241442932213784     
         161         185  0.97098916258400159     
         165         186  0.97098946510841233     
         166         187  0.97241393648270746     
         169         188  0.96356992629403582     
         171         189  0.97241276243863628     
         172         190  0.97097696451482030     
         177         191  0.97096475000496418     
         178         192  0.97241383278449289     
         181         193  0.96356980447525786     
