   -0.05495518
   -0.05347675
    0.08628127
    0.01288762
    0.06387656
   -0.04950685
   -0.05184361
    0.06435158
   -0.08091632
   -0.05521908
    0.08674058
   -0.05379654
   -0.05384507
    0.08645609
   -0.32106721
   -0.05692703
    0.06501641
   -0.05114369
   -0.05094278
    0.06550836
   -0.08103700
   -0.05518954
    0.08530151
   -0.32422690
    0.01851849
    0.01940566
    0.04319512
    0.04156620
    0.21411587
    0.04690174
    0.01937049
    0.01937774
    0.04601226
    0.04179179
    0.04172495
    0.21433985
    0.04684997
   -0.05494612
   -0.05344161
    0.08627659
    0.01288105
    0.06382509
   -0.04953490
   -0.05185668
    0.06437815
   -0.08093413
   -0.05522240
    0.08674344
   -0.05379844
   -0.05384643
    0.08644225
   -0.32106889
   -0.05693821
    0.06498876
   -0.05113931
   -0.05094390
    0.06554439
   -0.08106899
   -0.05520239
    0.08533071
   -0.32422189
    0.01851144
    0.01942087
    0.04319576
    0.04155019
    0.21412601
    0.04689496
    0.01936242
    0.01937212
    0.04599892
    0.04178643
    0.04171553
    0.21434725
    0.04684337
   -0.02969867
   -0.03069924
   -0.02994327
   -0.03009053
   -0.03011132
   -0.02990412
   -0.03070995
   -0.02973962
   -0.05474866
   -0.05331505
    0.08601204
    0.01327264
    0.06332916
   -0.04977900
   -0.05191463
    0.06408195
   -0.08123817
   -0.05312753
    0.08493253
   -0.05481239
   -0.05342973
    0.08611499
   -0.32344515
    0.01289462
    0.06350586
   -0.04975299
   -0.05193924
    0.06395009
   -0.08125046
   -0.05304378
    0.08507253
   -0.32333730
    0.01869908
    0.01936760
    0.04304526
    0.04134889
    0.21454801
    0.04767167
    0.01865849
    0.01905592
    0.04256922
    0.04132512
    0.21443160
    0.04768737
   -0.05479658
   -0.05331439
    0.08608637
    0.01307761
    0.06340870
   -0.04983531
   -0.05197489
    0.06396794
   -0.08121584
   -0.05289994
    0.08496702
   -0.05476052
   -0.05335363
    0.08607144
   -0.32320697
    0.01307164
    0.06339447
   -0.04983024
   -0.05193196
    0.06399699
   -0.08126427
   -0.05293848
    0.08491151
   -0.32325000
    0.01868619
    0.01898494
    0.04270668
    0.04133372
    0.21453265
    0.04777119
    0.01872075
    0.01917054
    0.04280905
    0.04134539
    0.21458659
    0.04776070
   -0.05475973
   -0.05343943
    0.08617431
    0.01287076
    0.06351821
   -0.04977190
   -0.05189837
    0.06397711
   -0.08117976
   -0.05312775
    0.08508220
   -0.05475036
   -0.05338908
    0.08606298
   -0.32342640
    0.01325705
    0.06337285
   -0.04972683
   -0.05190669
    0.06406928
   -0.08114075
   -0.05317973
    0.08497710
   -0.32353055
    0.01868672
    0.01924758
    0.04271458
    0.04136902
    0.21437669
    0.04765588
    0.01871033
    0.01950404
    0.04298266
    0.04136062
    0.21443255
    0.04762399
