           1           2   1.7165862482282184     
           2           3   1.1211576540623200     
           3           4   1.2495981342680711     
           4           5   1.2539934249545599     
           5           6   1.2357528427300803     
           6           7   1.5935172306114631     
           7           8   1.2234114634214011     
           5           9   1.2246731277461549     
           8           9   1.2028138315884465     
           8          10   1.3441474505533806     
          10          11   1.3574176779441300     
          11          12   1.1067935927530148     
          12          13   1.7310133679228425     
          13          14   1.1087116382571258     
          11          15   1.3238790140271606     
          14          15   1.3254937620659679     
          14          16   1.3536861229095383     
          16          17   1.3466669021383515     
          17          18   1.2155017364209597     
          18          19   1.6082872254057747     
          19          20   1.2150756175324722     
          17          21   1.2099036491707476     
          20          21   1.2108044054196041     
          20          22   1.3427998752744079     
           1          23   1.1150732809649184     
          22          23   1.3652367836479891     
           3          24   1.3598795314516257     
          23          24   1.3008179837530180     
           1          25  0.97278109136310631     
           2          26  0.96962141447557981     
           6          27  0.96985512131474438     
           7          28  0.97291045780068652     
           9          29  0.90014658408116133     
          10          30  0.96373740323631230     
          12          31  0.97274472404851886     
          13          32  0.97279567400811595     
          16          33  0.96472446159032721     
          18          34  0.97290497374328400     
          19          35  0.97283827500196907     
          21          36  0.90047314274342960     
          22          37  0.96360454252286321     
          38          39   1.7166743799132884     
          39          40   1.1211357922413270     
          40          41   1.2499198314105233     
          41          42   1.2539711389299950     
          42          43   1.2358178505547481     
          43          44   1.5934684381080848     
          44          45   1.2234067793535943     
          42          46   1.2246271755951064     
          45          46   1.2028855067085737     
          45          47   1.3440898083589985     
          47          48   1.3574801124076907     
          48          49   1.1068056886431303     
          49          50   1.7309938151751956     
          50          51   1.1087378356355619     
          48          52   1.3238121446458084     
          51          52   1.3255441948097602     
          51          53   1.3536163493711482     
          53          54   1.3467413444976890     
          54          55   1.2154845959884577     
          55          56   1.6083660302567209     
          56          57   1.2149681026009100     
          54          58   1.2098539686472367     
          57          58   1.2108501168058889     
          57          59   1.3428845979632000     
          38          60   1.1150000844452521     
          59          60   1.3651148854634390     
          40          61   1.3596172443893217     
          60          61   1.3010226580591651     
          38          62  0.97278199451672231     
          39          63  0.96974354843610100     
          43          64  0.96983068930427707     
          44          65  0.97291072810437962     
          46          66  0.90007813111260404     
          47          67  0.96372935815915572     
          49          68  0.97274443041942504     
          50          69  0.97279798462109301     
          53          70  0.96473529229331589     
          55          71  0.97290518412956095     
          56          72  0.97283670422851454     
          58          73  0.90040287457454604     
          59          74  0.96359652902751070     
           4          75   1.1761479087521292     
          75          76   2.5665331863054224     
          77          78   2.5576595657793337     
          79          80   2.5591890001642303     
          41          82   1.1758752303287858     
          81          82   2.5668874672229816     
          83          84   1.7158078787672868     
          84          85   1.1230073847733442     
          76          86   1.1790195203305407     
          85          86   1.2483008417094708     
          86          87   1.2499428890933495     
          87          88   1.2396789595894508     
          88          89   1.5886097432518969     
          89          90   1.2271447644725573     
          87          91   1.2251764977198432     
          90          91   1.2041724256478668     
          90          92   1.3355347620712130     
          92          93   1.3714853544199683     
          93          94   1.1152297706688232     
          94          95   1.7152038088714396     
          95          96   1.1234119020308149     
          93          97   1.2951337073612459     
          96          97   1.3630718368979484     
          77          98   1.1863634170472905     
          96          98   1.2439577460188755     
          98          99   1.2474815899606058     
          99         100   1.2404725716203002     
         100         101   1.5880404368260672     
         101         102   1.2272273576091337     
          99         103   1.2262821697937156     
         102         103   1.2033841226965694     
         102         104   1.3366934986424368     
          83         105   1.1149420414538058     
         104         105   1.3696583250354157     
          85         106   1.3599166923059958     
         105         106   1.2975585513284933     
          83         107  0.97276127431387216     
          84         108  0.96970180960227625     
          88         109  0.97007714511082299     
          89         110  0.97291073179464926     
          91         111  0.89762458391505273     
          92         112  0.96301794608591251     
          94         113  0.97275526861784845     
          95         114  0.96824273104403513     
         100         115  0.96887676912774334     
         101         116  0.97291513717897316     
         103         117  0.89757988139966438     
         104         118  0.96302640055098143     
         119         120   1.7150662198487940     
         120         121   1.1236142054022722     
          78         122   1.1865835176892432     
         121         122   1.2441885877280321     
         122         123   1.2468927864217230     
         123         124   1.2409214642562811     
         124         125   1.5874608266853807     
         125         126   1.2276797219510354     
         123         127   1.2262945254344477     
         126         127   1.2036989397943014     
         126         128   1.3356091564018786     
         128         129   1.3711143176152225     
         129         130   1.1151539450645453     
         130         131   1.7153861312883139     
         131         132   1.1233046899823445     
         129         133   1.2956978538078323     
         132         133   1.3621510569314397     
          79         134   1.1843166508936473     
         132         134   1.2452548112752639     
         134         135   1.2478517820046151     
         135         136   1.2405552465735146     
         136         137   1.5877349180184401     
         137         138   1.2275633541333000     
         135         139   1.2259857143131647     
         138         139   1.2038121229184879     
         138         140   1.3355232145009248     
         119         141   1.1152692423800077     
         140         141   1.3713602833362764     
         121         142   1.3627989164086702     
         141         142   1.2952530057098484     
         119         143  0.97275530546974853     
         120         144  0.96853994367705332     
         124         145  0.96858903620997994     
         125         146  0.97291205468758402     
         127         147  0.89731559130355254     
         128         148  0.96298633730805527     
         130         149  0.97275686532377947     
         131         150  0.96921797230638873     
         136         151  0.96955568341411646     
         137         152  0.97291444643060132     
         139         153  0.89736017541100932     
         140         154  0.96298665426441332     
         155         156   1.7156674258549998     
         156         157   1.1228924130373752     
          80         158   1.1838883719878233     
         157         158   1.2451692589447956     
         158         159   1.2485475120761738     
         159         160   1.2399442648632581     
         160         161   1.5884502684910116     
         161         162   1.2270850312670634     
         159         163   1.2259270524734156     
         162         163   1.2033527705342140     
         162         164   1.3368752751604513     
         164         165   1.3695450456258342     
         165         166   1.1149106098089518     
         166         167   1.7159966028748466     
         167         168   1.1227706107883888     
         165         169   1.2976588360416852     
         168         169   1.3599167152343774     
          81         170   1.1785624065780729     
         168         170   1.2484114508599280     
         170         171   1.2503268976966977     
         171         172   1.2395388747587750     
         172         173   1.5886904362392511     
         173         174   1.2271826898053699     
         171         175   1.2250760482015011     
         174         175   1.2040698331848525     
         174         176   1.3357009905343955     
         155         177   1.1151073688761148     
         176         177   1.3712379073660830     
         157         178   1.3625679587435902     
         177         178   1.2955702861448257     
         155         179  0.97275518055787635     
         156         180  0.96918512501458731     
         160         181  0.96954695474556252     
         161         182  0.97291474272803968     
         163         183  0.89800422109373601     
         164         184  0.96307067155115500     
         166         185  0.97275935797810131     
         167         186  0.96964464949573292     
         172         187  0.97019824319991277     
         173         188  0.97291264829681845     
         175         189  0.89804225744287103     
         176         190  0.96307142095394649     
