    0.56123849
   -0.05637995
   -0.05344041
    0.06501026
    0.00949781
    0.06504928
   -0.05348295
   -0.05638146
    0.06873161
   -0.21441434
   -0.05804507
    0.06967221
   -0.05521967
   -0.05374318
    0.06569924
   -0.21310006
   -0.06218051
    0.06570155
   -0.05374366
   -0.05522040
    0.06967076
   -0.21310842
   -0.05804211
    0.06871984
   -0.21437630
    0.03055582
    0.03362417
    0.03378913
    0.03053919
    0.04763346
    0.03067236
    0.03017213
    0.04808357
    0.03016960
    0.03067207
    0.04763878
   -0.03165955
   -0.03166658
    0.56126025
   -0.05637916
   -0.05352075
    0.06498860
    0.00949897
    0.06505687
   -0.05339653
   -0.05638229
    0.06873553
   -0.21442976
   -0.05805254
    0.06967639
   -0.05521861
   -0.05373997
    0.06569849
   -0.21311211
   -0.06217959
    0.06569951
   -0.05374611
   -0.05522055
    0.06966223
   -0.21310462
   -0.05803317
    0.06870928
   -0.21435352
    0.03056152
    0.03375185
    0.03365166
    0.03053728
    0.04762843
    0.03067280
    0.03017259
    0.04808297
    0.03017058
    0.03067276
    0.04764404
