           2           3   1.6464447778522282     
           3           4   1.1783154182359139     
           4           5   1.2690270304309363     
           5           6   1.2690973655990252     
           6           7   1.1782815769024404     
           7           8   1.6464682072814374     
           8           9   1.1718473155442473     
           1          10  0.65441072691271540     
           6          10   1.2455307313071764     
           9          10   1.2275366727201891     
           9          11   1.3584404254589226     
          11          12   1.3599166886017824     
          12          13   1.1644090071867619     
          13          14   1.6598207476540632     
          14          15   1.1622703568007549     
           1          16  0.66014132752489263     
          12          16   1.2348061196877458     
          15          16   1.2294082858720929     
          15          17   1.3604236857402761     
          17          18   1.3603819733883644     
          18          19   1.1622857090904748     
          19          20   1.6597895464691672     
          20          21   1.1644377928200604     
           1          22  0.66006981046590296     
          18          22   1.2294369664243587     
          21          22   1.2348161456621201     
          21          23   1.3598865733152183     
           2          24   1.1718495303571330     
          23          24   1.3584808937895860     
           1          25  0.65455614214992375     
           4          25   1.2455145918957635     
          24          25   1.2274696029207040     
           2          26  0.97246986600108853     
           3          27  0.96670517085889940     
           7          28  0.96673778410321121     
           8          29  0.97247072562398329     
          11          30  0.96460798228549971     
          13          31  0.97242129920213793     
          14          32  0.97221325995576791     
          17          33  0.96332124173049438     
          19          34  0.97221411140121572     
          20          35  0.97242135706121957     
          23          36  0.96460646295087615     
           5          37   1.1559995149516300     
          37          38   2.5967044582923089     
          40          41   1.6463952509189215     
          41          42   1.1783540314735961     
          38          43   1.1560070539082961     
          42          43   1.2687642013249179     
          43          44   1.2693457821749339     
          44          45   1.1782634871306465     
          45          46   1.6464895722483575     
          46          47   1.1718277596755877     
          39          48  0.65449178488482362     
          44          48   1.2453972271907581     
          47          48   1.2275969852069069     
          47          49   1.3584039860712569     
          49          50   1.3599368544139148     
          50          51   1.1643966922677718     
          51          52   1.6598301544591090     
          52          53   1.1622678108837470     
          39          54  0.66013125586934773     
          50          54   1.2348004029143902     
          53          54   1.2294081751964538     
          53          55   1.3604272042339314     
          55          56   1.3603756083210357     
          56          57   1.1622883842219227     
          57          58   1.6597801681360287     
          58          59   1.1644523837732392     
          39          60  0.66011294672881815     
          56          60   1.2294165864595354     
          59          60   1.2348000132729220     
          59          61   1.3598684433970063     
          40          62   1.1718846648412273     
          61          62   1.3585104154153267     
          39          63  0.65463867532378117     
          42          63   1.2455797469824559     
          62          63   1.2273582896667525     
          40          64  0.97246909565537298     
          41          65  0.96675643294889024     
          45          66  0.96669372413880006     
          46          67  0.97247191045171011     
          49          68  0.96460908127154033     
          51          69  0.97242179196255285     
          52          70  0.97221380562645421     
          55          71  0.96332024091158286     
          57          72  0.97221450908673068     
          58          73  0.97242196125000802     
          61          74  0.96460316093230791     
