    0.24436860
   -0.05214418
   -0.05042404
    0.07670780
    0.01825695
    0.07667161
   -0.05066774
   -0.05212403
    0.07559325
   -0.17632117
   -0.05000440
    0.07680264
   -0.05108543
   -0.05123860
    0.07737407
   -0.17477685
   -0.05172692
    0.07736484
   -0.05121967
   -0.05108122
    0.07681376
   -0.17474442
   -0.05003888
    0.07562175
   -0.17642536
    0.03373627
    0.03469510
    0.03509644
    0.03374827
    0.04911225
    0.03415313
    0.03408408
    0.04843427
    0.03409356
    0.03416630
    0.04910536
    0.24434889
   -0.05211301
   -0.05051006
    0.07666434
    0.01823338
    0.07668552
   -0.05055591
   -0.05211958
    0.07563594
   -0.17638959
   -0.05004234
    0.07680679
   -0.05107978
   -0.05122995
    0.07736531
   -0.17474629
   -0.05175518
    0.07736493
   -0.05122908
   -0.05107821
    0.07681061
   -0.17475566
   -0.05004613
    0.07564417
   -0.17638324
    0.03375647
    0.03486089
    0.03498433
    0.03374016
    0.04909311
    0.03415724
    0.03408674
    0.04842889
    0.03408666
    0.03416102
    0.04909839
   -0.02857348
   -0.02918381
   -0.02875149
   -0.02873390
   -0.02917199
   -0.02855773
    0.24582376
   -0.05198168
   -0.05041569
    0.07692597
    0.01850280
    0.07686438
   -0.05064997
   -0.05197243
    0.07515880
   -0.17631770
   -0.04818991
    0.07517530
   -0.05189748
   -0.05054226
    0.07692680
   -0.17641723
    0.01822406
    0.07689653
   -0.05056144
   -0.05190307
    0.07518403
   -0.17640173
   -0.04821819
    0.07518768
   -0.17640852
    0.03388967
    0.03491367
    0.03527748
    0.03389422
    0.04980522
    0.03389773
    0.03508295
    0.03502471
    0.03392494
    0.04980281
    0.24580303
   -0.05190701
   -0.05053919
    0.07691413
    0.01819859
    0.07688097
   -0.05056122
   -0.05188414
    0.07519159
   -0.17641667
   -0.04823654
    0.07521345
   -0.05195307
   -0.05042711
    0.07690707
   -0.17638353
    0.01847099
    0.07684199
   -0.05060236
   -0.05194462
    0.07520112
   -0.17636549
   -0.04821799
    0.07518245
   -0.17640524
    0.03390991
    0.03498304
    0.03509602
    0.03391010
    0.04978563
    0.03389135
    0.03501644
    0.03524559
    0.03391039
    0.04979937
