           2           3   1.6511107422059519     
           3           4   1.1784515782823164     
           4           5   1.2584130921149246     
           5           6   1.2578262832748326     
           6           7   1.1783821689388601     
           7           8   1.6511019817269865     
           8           9   1.1708187329902475     
           1          10  0.48903319720781402     
           6          10   1.2844558016323033     
           9          10   1.2481247027637252     
           9          11   1.3567903335173719     
          11          12   1.3545746208917528     
          12          13   1.1626680776081848     
          13          14   1.6657373588678104     
          14          15   1.1619879745359132     
           1          16  0.49161844578961333     
          12          16   1.2606647693733453     
          15          16   1.2633310751927420     
          15          17   1.3540460290842629     
          17          18   1.3542293690904532     
          18          19   1.1619259510969762     
          19          20   1.6658560974857330     
          20          21   1.1625546449999280     
           1          22  0.49178286088322837     
          18          22   1.2632116594827574     
          21          22   1.2606619689900573     
          21          23   1.3547205478770448     
           2          24   1.1707164324577941     
          23          24   1.3565642469353385     
           1          25  0.48889013898276046     
           4          25   1.2840745470849435     
          24          25   1.2485322269310617     
           2          26  0.97241766696172582     
           3          27  0.96819040450593452     
           7          28  0.96831904686804737     
           8          29  0.97240810709346581     
          11          30  0.96392415271905230     
          13          31  0.97234700991162104     
          14          32  0.97236779169688248     
          17          33  0.96426002416155265     
          19          34  0.97236294056978989     
          20          35  0.97234417108624083     
          23          36  0.96392809397429402     
          38          39   1.6513527828892567     
          39          40   1.1782019368794674     
          40          41   1.2587197527568219     
          41          42   1.2586417015927247     
          42          43   1.1782337464733008     
          43          44   1.6512698368095466     
          44          45   1.1707050033793289     
          37          46  0.48894143739770352     
          42          46   1.2840965918935590     
          45          46   1.2484648603357602     
          45          47   1.3566144510336713     
          47          48   1.3547348071457557     
          48          49   1.1625787280717945     
          49          50   1.6658557895683046     
          50          51   1.1619243692129502     
          37          52  0.49178004409402715     
          48          52   1.2606278985833017     
          51          52   1.2632759785330090     
          51          53   1.3541629996809241     
          53          54   1.3541548239005363     
          54          55   1.1619147516403749     
          55          56   1.6658509472240783     
          56          57   1.1625890038275759     
          37          58  0.49177721187329859     
          54          58   1.2632994993894171     
          57          58   1.2605952262577302     
          57          59   1.3547564698840528     
          38          60   1.1706305133155674     
          59          60   1.3565982325999975     
          37          61  0.48889699058642766     
          40          61   1.2839937251368188     
          60          61   1.2485579245430845     
          38          62  0.97241404687066879     
          39          63  0.96861385661632993     
          43          64  0.96869461254765976     
          44          65  0.97241470286755949     
          47          66  0.96393577410988718     
          49          67  0.97234395769991266     
          50          68  0.97236519206139171     
          53          69  0.96426049493338784     
          55          70  0.97236551347905253     
          56          71  0.97234277146507586     
          59          72  0.96393293204585861     
           5          73   1.1687673556171327     
          73          74   2.5781431184494883     
          75          76   2.5766439329174546     
          41          78   1.1676004730692877     
          77          78   2.5788414603608101     
          80          81   1.6491636585115144     
          81          82   1.1796244973103240     
          74          83   1.1700141986707264     
          82          83   1.2567371763561028     
          83          84   1.2560833570707122     
          84          85   1.1796040789475395     
          85          86   1.6492182868561871     
          86          87   1.1724295786834660     
          79          88  0.48913259708816087     
          84          88   1.2853474088138022     
          87          88   1.2463353045098178     
          87          89   1.3558655431329711     
          89          90   1.3561809526548498     
          90          91   1.1723005206132655     
          91          92   1.6495099935286262     
          92          93   1.1792292398681679     
          79          94  0.48909503677085747     
          90          94   1.2462381833244305     
          93          94   1.2852742970532951     
          75          95   1.1686909717216700     
          93          95   1.2568972995880030     
          95          96   1.2568977884461099     
          96          97   1.1791584945530844     
          97          98   1.6496530981229525     
          98          99   1.1721550411905124     
          79         100  0.48909402044358269     
          96         100   1.2851613524354109     
          99         100   1.2463245167347956     
          99         101   1.3562380911688807     
          80         102   1.1724706461143546     
         101         102   1.3557516521536968     
          79         103  0.48923852558966840     
          82         103   1.2850025372540490     
         102         103   1.2464682349811140     
          80         104  0.97239842421951517     
          81         105  0.96818644790380648     
          85         106  0.96832500975940639     
          86         107  0.97239861217710410     
          89         108  0.96362125263032161     
          91         109  0.97240108111386725     
          92         110  0.96931559077637763     
          97         111  0.96898171246795584     
          98         112  0.97239791411572840     
         101         113  0.96361439284712569     
         115         116   1.6495814174210408     
         116         117   1.1791759704685805     
          76         118   1.1686932822575691     
         117         118   1.2569032499191619     
         118         119   1.2569023998293003     
         119         120   1.1791641906955936     
         120         121   1.6496683932560476     
         121         122   1.1721737566936972     
         114         123  0.48912663543924428     
         119         123   1.2852066897306782     
         122         123   1.2462689959882278     
         122         124   1.3562881569737562     
         124         125   1.3557189603212079     
         125         126   1.1723577358141275     
         126         127   1.6494137726001599     
         127         128   1.1793832626909833     
         114         129  0.48926260666354393     
         125         129   1.2465966426933597     
         128         129   1.2848917183018600     
          77         130   1.1688641514542313     
         128         130   1.2572345254306325     
         130         131   1.2566635720007699     
         131         132   1.1793722367691888     
         132         133   1.6494329402598222     
         133         134   1.1723634037900486     
         114         135  0.48909388944031457     
         131         135   1.2851306822200759     
         134         135   1.2464342402212318     
         134         136   1.3558528827510048     
         115         137   1.1722662046689567     
         136         137   1.3562262715690383     
         114         138  0.48918016314522517     
         117         138   1.2852395212761971     
         137         138   1.2462297253589028     
         115         139  0.97239711899738046     
         116         140  0.96897202607132216     
         120         141  0.96933080520594139     
         121         142  0.97239761916239886     
         124         143  0.96362301871477241     
         126         144  0.97240070832508962     
         127         145  0.96861386909033798     
         132         146  0.96869346175996141     
         133         147  0.97239594776981986     
         136         148  0.96361482974745494     
