   -0.29190304
   -0.05209311
   -0.05060217
    0.07370195
    0.02510751
    0.07372844
   -0.05055015
   -0.05209599
    0.07315735
   -0.04790613
   -0.04135675
    0.07433749
   -0.05120316
   -0.05125367
    0.07463034
   -0.04679957
   -0.04306631
    0.07463026
   -0.05125485
   -0.05120384
    0.07433477
   -0.04681438
   -0.04134905
    0.07315428
   -0.04788451
    0.03540390
    0.03744425
    0.03743350
    0.03539328
    0.04923512
    0.03591668
    0.03583334
    0.04861992
    0.03583290
    0.03591605
    0.04924146
   -0.29194438
   -0.05209847
   -0.05057931
    0.07371133
    0.02510955
    0.07368890
   -0.05056264
   -0.05209263
    0.07316894
   -0.04791454
   -0.04136852
    0.07433684
   -0.05120378
   -0.05125398
    0.07463213
   -0.04680062
   -0.04307631
    0.07462991
   -0.05125290
   -0.05120192
    0.07433579
   -0.04681472
   -0.04136964
    0.07316161
   -0.04787283
    0.03540336
    0.03743354
    0.03742275
    0.03539709
    0.04922884
    0.03591205
    0.03583030
    0.04861129
    0.03582931
    0.03591417
    0.04923259
   -0.01962872
   -0.00952152
   -0.00138089
   -0.00212389
   -0.00884110
   -0.02045644
   -0.01983328
   -0.00910624
   -0.00149837
   -0.00169038
   -0.00892421
   -0.02002863
   -0.01991898
   -0.00896046
   -0.00155780
   -0.00155762
   -0.00895541
   -0.01991657
   -0.02003137
   -0.00892037
   -0.00169430
   -0.00150061
   -0.00910833
   -0.01983901
   -0.02041938
   -0.00881901
   -0.00209686
   -0.00134911
   -0.00950704
   -0.01958589
   -0.28588304
   -0.05191913
   -0.05048569
    0.07403432
    0.02544656
    0.07406001
   -0.05044058
   -0.05192167
    0.07305760
   -0.04968913
   -0.03931447
    0.07301756
   -0.05188047
   -0.05053492
    0.07412980
   -0.04970381
    0.02511025
    0.07411907
   -0.05054721
   -0.05188048
    0.07301270
   -0.04970788
   -0.03930720
    0.07305061
   -0.04966051
    0.03554247
    0.03756671
    0.03756401
    0.03553161
    0.04993011
    0.03553823
    0.03744213
    0.03745041
    0.03554317
    0.04993700
   -0.28571838
   -0.05187166
   -0.05048387
    0.07411498
    0.02532343
    0.07411753
   -0.05049030
   -0.05187383
    0.07304912
   -0.04964068
   -0.03924216
    0.07304320
   -0.05186464
   -0.05049271
    0.07413474
   -0.04966184
    0.02524259
    0.07411430
   -0.05051628
   -0.05186099
    0.07304903
   -0.04968511
   -0.03924216
    0.07305729
   -0.04967920
    0.03560979
    0.03754444
    0.03754984
    0.03561274
    0.05001896
    0.03560902
    0.03751219
    0.03752313
    0.03561227
    0.05001669
   -0.28571605
   -0.05186239
   -0.05051411
    0.07411669
    0.02524036
    0.07413326
   -0.05049459
   -0.05186438
    0.07304740
   -0.04967197
   -0.03924503
    0.07305638
   -0.05187615
   -0.05047476
    0.07412307
   -0.04966066
    0.02532558
    0.07410633
   -0.05049724
   -0.05187209
    0.07305510
   -0.04965799
   -0.03924060
    0.07304860
   -0.04968566
    0.03561217
    0.03752178
    0.03751537
    0.03560946
    0.05001698
    0.03560881
    0.03754753
    0.03754799
    0.03561360
    0.05001946
   -0.28590148
   -0.05187858
   -0.05054186
    0.07412207
    0.02510599
    0.07412849
   -0.05053041
   -0.05187998
    0.07302219
   -0.04973150
   -0.03932556
    0.07306834
   -0.05191948
   -0.05046110
    0.07403142
   -0.04965849
    0.02545218
    0.07403842
   -0.05044841
   -0.05191896
    0.07306913
   -0.04969652
   -0.03932587
    0.07301915
   -0.04968720
    0.03554526
    0.03744737
    0.03744775
    0.03553803
    0.04993054
    0.03554478
    0.03755848
    0.03756388
    0.03554141
    0.04993120
