           2           3   1.6454027536152402     
           3           4   1.1785995670216776     
           4           5   1.2511187284109906     
           5           6   1.2514102483499439     
           6           7   1.1785704624260311     
           7           8   1.6454121359711282     
           8           9   1.1697343267121418     
           1          10  0.75269647874995360     
           6          10   1.2619930594482258     
           9          10   1.2266063159806642     
           9          11   1.3555464182410679     
          11          12   1.3531774937887047     
          12          13   1.1611815301411581     
          13          14   1.6611043065599294     
          14          15   1.1605037305676185     
           1          16  0.75105737332685241     
          12          16   1.2395352858154840     
          15          16   1.2422452788644942     
          15          17   1.3530113758384241     
          17          18   1.3529830661334072     
          18          19   1.1605123564656736     
          19          20   1.6610952256275866     
          20          21   1.1611843767292820     
           1          22  0.75100025331281861     
          18          22   1.2422709591447962     
          21          22   1.2395466863572691     
          21          23   1.3531681629699470     
           2          24   1.1697484390657298     
          23          24   1.3555781495677433     
           1          25  0.75266434225966516     
           4          25   1.2620325042971334     
          24          25   1.2265541867159668     
           2          26  0.97178566216662987     
           3          27  0.96993416228530394     
           7          28  0.96993282921129220     
           8          29  0.97178815184509815     
          11          30  0.96375800567387826     
          13          31  0.97167962314755141     
          14          32  0.97170522541280524     
          17          33  0.96407481636768311     
          19          34  0.97170592131951938     
          20          35  0.97167987499143549     
          23          36  0.96375424371629903     
          38          39   1.6454644554872364     
          39          40   1.1785246309298514     
          40          41   1.2514417148472627     
          41          42   1.2515078631983272     
          42          43   1.1785749323403636     
          43          44   1.6454387696384094     
          44          45   1.1697276414005269     
          37          46  0.75266286919441561     
          42          46   1.2618542453344557     
          45          46   1.2267017240425091     
          45          47   1.3554663704008560     
          47          48   1.3532306920898545     
          48          49   1.1611536438438750     
          49          50   1.6611408195198878     
          50          51   1.1604844304824906     
          37          52  0.75107392350769031     
          48          52   1.2395210510813042     
          51          52   1.2422366350002139     
          51          53   1.3530209454481532     
          53          54   1.3529897016775623     
          54          55   1.1604900321744740     
          55          56   1.6611315958349624     
          56          57   1.1611563897450039     
          37          58  0.75101761721536975     
          54          58   1.2422823596751367     
          57          58   1.2395203870131535     
          57          59   1.3532371240708789     
          38          60   1.1697226420070936     
          59          60   1.3555117184044034     
          37          61  0.75275722006664858     
          40          61   1.2618732806745991     
          60          61   1.2266236116957066     
          38          62  0.97178640944769934     
          39          63  0.96990965631364534     
          43          64  0.96995159885104432     
          44          65  0.97178751649071327     
          47          66  0.96375922810874415     
          49          67  0.97168049933356582     
          50          68  0.97170546272783387     
          53          69  0.96407674780599284     
          55          70  0.97170595216044708     
          56          71  0.97167926878700739     
          59          72  0.96375602937458837     
           5          73   1.1829963162366979     
          73          74   2.4473949538541677     
          74          75   1.3296709977765229     
          73          76  0.19347610513587776     
          75          76   2.3606631613128686     
          76          77   1.3304541276940911     
          75          78  0.19324988771172713     
          77          78   2.4448270304337041     
          79          80   2.4432829560057603     
          80          81   1.3317876167989722     
          79          82  0.19301140969795488     
          81          82   2.3580088307848799     
          82          83   1.3317987098451500     
          81          84  0.19298750592899877     
          83          84   2.4431998308465701     
          85          86   2.4432042229955400     
          86          87   1.3318118758312796     
          85          88  0.19298438263999390     
          87          88   2.3579647517615543     
          88          89   1.3318022619795995     
          87          90  0.19298166223637361     
          89          90   2.4432355581368967     
          91          92   2.4432408227991051     
          92          93   1.3317717201378514     
          91          94  0.19299171348338057     
          93          94   2.3580561257417418     
          94          95   1.3317422736066540     
          93          96  0.19301018322783958     
          95          96   2.4433433907702318     
          97          98   2.4452849099292906     
          98          99   1.3299942845990695     
          97         100  0.19318637742341868     
          99         100   2.3611409494334659     
         100         101   1.3292008017299013     
          41         102   1.1825604607480007     
          99         102  0.19340450454784819     
         101         102   2.4478446319242897     
         104         105   1.6436816197104442     
         105         106   1.1794447352432205     
          78         107   1.1857244355692347     
         106         107   1.2485993230488979     
         107         108   1.2488586037719118     
         108         109   1.1794411867815522     
         109         110   1.6436731156507220     
         110         111   1.1711952683259810     
         103         112  0.74873139477416883     
         108         112   1.2644871593483731     
         111         112   1.2253975652031361     
         111         113   1.3541013616537874     
         113         114   1.3549134606860176     
         114         115   1.1710117068531201     
         115         116   1.6438613767390922     
         116         117   1.1793156651487466     
         103         118  0.74880420233616296     
         114         118   1.2248902901113579     
         117         118   1.2648923766481845     
          79         119   1.1863656780278922     
         117         119   1.2483794086982152     
         119         120   1.2483034910707582     
         120         121   1.1793170722881885     
         121         122   1.6438541557067585     
         122         123   1.1710260201236888     
         103         124  0.74874637983990544     
         120         124   1.2649208885835350     
         123         124   1.2249028912197237     
         123         125   1.3548906583130447     
         104         126   1.1712033751316504     
         125         126   1.3541397245771480     
         103         127  0.74871090911807592     
         106         127   1.2645618276926458     
         126         127   1.2253334240165836     
         104         128  0.97176572787593474     
         105         129  0.96993725201430780     
         109         130  0.96993775920135228     
         110         131  0.97176750298045333     
         113         132  0.96344800675987885     
         115         133  0.97176632122721651     
         116         134  0.96993954646939584     
         121         135  0.96994815917170529     
         122         136  0.97176674801731366     
         125         137  0.96344591289031400     
         139         140   1.6436921915782736     
         140         141   1.1794428679112761     
          84         142   1.1864890744752732     
         141         142   1.2483466337608311     
         142         143   1.2482482410146694     
         143         144   1.1794156722986007     
         144         145   1.6437038806074122     
         145         146   1.1711489806130091     
         138         147  0.74872844252346493     
         143         147   1.2648616174275849     
         146         147   1.2250817120227502     
         146         148   1.3544569920298359     
         148         149   1.3545856443127973     
         149         150   1.1711130973554322     
         150         151   1.6437465889909437     
         151         152   1.1793803850476099     
         138         153  0.74872033921896086     
         149         153   1.2250227382778016     
         152         153   1.2648877515079930     
          85         154   1.1864784193810340     
         152         154   1.2483215221052983     
         154         155   1.2482479212499609     
         155         156   1.1793990306547566     
         156         157   1.6437565654051367     
         157         158   1.1710958604132562     
         138         159  0.74864484097291129     
         155         159   1.2648726403826656     
         158         159   1.2250404400744959     
         158         160   1.3545996297311502     
         139         161   1.1711396330016397     
         160         161   1.3544246201117391     
         138         162  0.74864735622758338     
         141         162   1.2648057318673414     
         161         162   1.2251476198248978     
         139         163  0.97176310758027118     
         140         164  0.96994803718079670     
         144         165  0.96992986476692367     
         145         166  0.97176192427268560     
         148         167  0.96343633453376443     
         150         168  0.97176201612551327     
         151         169  0.96993349229223635     
         156         170  0.96994682474774230     
         157         171  0.97176200722163320     
         160         172  0.96343564335706011     
         174         175   1.6437449912937048     
         175         176   1.1794040605559730     
          90         177   1.1864565080985343     
         176         177   1.2482649282787035     
         177         178   1.2483218836682410     
         178         179   1.1793832961405259     
         179         180   1.6437550188505807     
         180         181   1.1711040807730297     
         173         182  0.74870588360648016     
         178         182   1.2648812404084462     
         181         182   1.2250270226267919     
         181         183   1.3546035598837287     
         183         184   1.3544268345939323     
         184         185   1.1711497492351897     
         185         186   1.6436869073515505     
         186         187   1.1794361627638088     
         173         188  0.74872331309340756     
         184         188   1.2251282015106173     
         187         188   1.2648062859482749     
          91         189   1.1864781575121950     
         187         189   1.2483639821220314     
         189         190   1.2482483522695538     
         190         191   1.1794366804594962     
         191         192   1.6437016176524790     
         192         193   1.1711449232255124     
         173         194  0.74866620180002541     
         190         194   1.2648346407745423     
         193         194   1.2251205347928531     
         193         195   1.3544388071937044     
         174         196   1.1711056812072209     
         195         196   1.3545951634195739     
         173         197  0.74864887019141668     
         176         197   1.2648750381401204     
         196         197   1.2250418706137012     
         174         198  0.97176226595788706     
         175         199  0.96994494518897489     
         179         200  0.96993508749767954     
         180         201  0.97176220319881113     
         183         202  0.96343646898765056     
         185         203  0.97176301203242044     
         186         204  0.96993377908497225     
         191         205  0.96994317951900311     
         192         206  0.97176178969856619     
         195         207  0.96343453374868671     
         209         210   1.6439008655542962     
         210         211   1.1792984123729782     
          96         212   1.1863375646611662     
         211         212   1.2483045758518256     
         212         213   1.2484300168778475     
         213         214   1.1792995262417687     
         214         215   1.6438887866426617     
         215         216   1.1709906621349697     
         208         217  0.74875414299990684     
         213         217   1.2648808874877573     
         216         217   1.2249211240126547     
         216         218   1.3549299678676747     
         218         219   1.3540872152124197     
         219         220   1.1711664287349384     
         220         221   1.6437387263996261     
         221         222   1.1794031169762169     
         208         223  0.74878222180106935     
         219         223   1.2254161144506006     
         222         223   1.2643864463159495     
          97         224   1.1852839476484913     
         222         224   1.2488922777342752     
         224         225   1.2489974135700586     
         225         226   1.1794052740194316     
         226         227   1.6437227788200901     
         227         228   1.1711784211592875     
         208         229  0.74871462883109741     
         225         229   1.2643682587134304     
         228         229   1.2254743037122238     
         228         230   1.3540424631521026     
         209         231   1.1709897509576226     
         230         231   1.3549623213081070     
         208         232  0.74882586767481529     
         211         232   1.2649014063267319     
         231         232   1.2248616247964714     
         209         233  0.97176574545415018     
         210         234  0.96994328884687786     
         214         235  0.96994607977339342     
         215         236  0.97176732634594687     
         218         237  0.96344617106826047     
         220         238  0.97176499608252853     
         221         239  0.96993035807863615     
         226         240  0.96993916216435783     
         227         241  0.97176722449015707     
         230         242  0.96344729001916485     
