    0.10346402
   -0.05303982
   -0.05137707
    0.07263040
    0.01740603
    0.07264071
   -0.05135842
   -0.05304174
    0.07181561
   -0.13125500
   -0.04999038
    0.07291181
   -0.05213044
   -0.05222318
    0.07322345
   -0.12961063
   -0.05172873
    0.07322078
   -0.05222686
   -0.05213070
    0.07290246
   -0.12957247
   -0.04998322
    0.07180990
   -0.13126246
    0.03423806
    0.03625900
    0.03629763
    0.03423692
    0.04984864
    0.03473443
    0.03463666
    0.04923316
    0.03463984
    0.03473863
    0.04985248
    0.10348154
   -0.05304078
   -0.05136544
    0.07261000
    0.01740187
    0.07261547
   -0.05136614
   -0.05303438
    0.07182372
   -0.13124315
   -0.05001712
    0.07291321
   -0.05213040
   -0.05221975
    0.07322429
   -0.12963611
   -0.05174515
    0.07321928
   -0.05222522
   -0.05212763
    0.07290353
   -0.12958566
   -0.05001162
    0.07182292
   -0.13126809
    0.03424587
    0.03628625
    0.03631670
    0.03424277
    0.04983989
    0.03473072
    0.03463451
    0.04922467
    0.03463659
    0.03473895
    0.04984373
   -0.02119641
   -0.00977053
   -0.00954249
   -0.02139475
   -0.02116877
   -0.00958985
   -0.00954682
   -0.02119779
   -0.02120324
   -0.00954276
   -0.00959359
   -0.02117046
   -0.02135864
   -0.00951890
   -0.00975381
   -0.02116052
    0.10305752
   -0.05297816
   -0.05147347
    0.07289413
    0.01746054
    0.07291889
   -0.05143290
   -0.05297675
    0.07164255
   -0.13193585
   -0.04798763
    0.07162841
   -0.05295755
   -0.05147712
    0.07295193
   -0.13200369
    0.01738060
    0.07296844
   -0.05148042
   -0.05296264
    0.07160466
   -0.13193535
   -0.04797178
    0.07162564
   -0.13187515
    0.03409781
    0.03599369
    0.03601945
    0.03408292
    0.05023960
    0.03409990
    0.03599604
    0.03600656
    0.03411029
    0.05025049
    0.10298034
   -0.05295562
   -0.05145206
    0.07297196
    0.01743187
    0.07294520
   -0.05150141
   -0.05296075
    0.07160674
   -0.13187790
   -0.04790356
    0.07160985
   -0.05296041
   -0.05146846
    0.07295765
   -0.13189821
    0.01743416
    0.07294406
   -0.05148192
   -0.05296108
    0.07161096
   -0.13187041
   -0.04790596
    0.07161750
   -0.13194733
    0.03410886
    0.03598201
    0.03602043
    0.03412688
    0.05028806
    0.03411429
    0.03600598
    0.03600253
    0.03412383
    0.05028021
    0.10304885
   -0.05295765
   -0.05145982
    0.07295607
    0.01737125
    0.07293866
   -0.05148668
   -0.05296281
    0.07161166
   -0.13192325
   -0.04799475
    0.07164631
   -0.05297259
   -0.05148340
    0.07288564
   -0.13194448
    0.01746475
    0.07291014
   -0.05142239
   -0.05297598
    0.07165696
   -0.13196210
   -0.04800723
    0.07161750
   -0.13193824
    0.03410275
    0.03599178
    0.03601544
    0.03411413
    0.05024622
    0.03410430
    0.03602888
    0.03602241
    0.03408469
    0.05023303
