           2           3   1.6417617457541136     
           3           4   1.1831019486460019     
           4           5   1.2575703461779035     
           5           6   1.2577908701524725     
           6           7   1.1830951237181133     
           7           8   1.6417772417533119     
           8           9   1.1741540020803636     
           1          10  0.72183614410871166     
           6          10   1.2612597265770173     
           9          10   1.2276865127485102     
           9          11   1.3593618993556080     
          11          12   1.3585706729522398     
          12          13   1.1657543809577466     
          13          14   1.6573022620364004     
          14          15   1.1651718514579315     
           1          16  0.72391960806199684     
          12          16   1.2387460590901560     
          15          16   1.2417582050487947     
          15          17   1.3576610135150888     
          17          18   1.3576494955269685     
          18          19   1.1651849437583219     
          19          20   1.6572864252584392     
          20          21   1.1657631892375737     
           1          22  0.72411288779340122     
          18          22   1.2417280202650283     
          21          22   1.2386455029236139     
          21          23   1.3586232309321919     
           2          24   1.1741895957802375     
          23          24   1.3593320102985205     
           1          25  0.72166748411957349     
           4          25   1.2613872720886770     
          24          25   1.2276956017265390     
           2          26  0.97198507180390192     
           3          27  0.97019342444183665     
           7          28  0.97019180442548036     
           8          29  0.97198498618715312     
          11          30  0.96326462214200859     
          13          31  0.97188324130363990     
          14          32  0.97191233872343674     
          17          33  0.96355898683097652     
          19          34  0.97191044164869822     
          20          35  0.97188105266114622     
          23          36  0.96326235729564735     
          38          39   1.6418068086894855     
          39          40   1.1830363108181110     
          40          41   1.2579274351819543     
          41          42   1.2580143919490265     
          42          43   1.1830384231831312     
          43          44   1.6418591803439551     
          44          45   1.1741085873154478     
          37          46  0.72200314397843690     
          42          46   1.2610902108206687     
          45          46   1.2276693156234311     
          45          47   1.3593840746007897     
          47          48   1.3585513824966433     
          48          49   1.1657655637438797     
          49          50   1.6573132440834719     
          50          51   1.1651498158041167     
          37          52  0.72391420621002456     
          48          52   1.2387665152279577     
          51          52   1.2417128383929921     
          51          53   1.3577050817558372     
          53          54   1.3576189742417177     
          54          55   1.1651806006841428     
          55          56   1.6573181393465204     
          56          57   1.1657251763238361     
          37          58  0.72416403841541932     
          54          58   1.2417472837974854     
          57          58   1.2385687824669360     
          57          59   1.3587267596251178     
          38          60   1.1741983556693183     
          59          60   1.3592085834915757     
          37          61  0.72182479803754318     
          40          61   1.2611068433871593     
          60          61   1.2277941919401345     
          38          62  0.97198537603433377     
          39          63  0.97018821661558130     
          43          64  0.97018441466274186     
          44          65  0.97198209350136489     
          47          66  0.96326445364498603     
          49          67  0.97188416059810778     
          50          68  0.97191347697868102     
          53          69  0.96355942188463395     
          55          70  0.97191044152012607     
          56          71  0.97188145263257997     
          59          72  0.96326395930099673     
           5          73   1.1778274303139045     
          73          74   2.4779973256417427     
          74          75   1.3003581351984419     
          73          76  0.20392889888982507     
          75          76   2.4764724556016064     
          77          78   2.4738859144724308     
          78          79   1.3024710358661913     
          77          80  0.20355464114937985     
          79          80   2.4738169473819456     
          81          82   2.4738651364892457     
          82          83   1.3024421476034225     
          81          84  0.20355651610287637     
          83          84   2.4739481063977418     
          85          86   2.4769491281347245     
          86          87   1.2997972490048217     
          41          88   1.1772216907682480     
          85          88  0.20377994832926372     
          87          88   2.4784817405849746     
          90          91   1.6409010717345656     
          91          92   1.1833729714509273     
          76          93   1.1798560937853471     
          92          93   1.2552884105208513     
          93          94   1.2556271005936595     
          94          95   1.1833364091123271     
          95          96   1.6409466735898375     
          96          97   1.1749879890849082     
          89          98  0.71839697846198747     
          94          98   1.2639861369449668     
          97          98   1.2262622479360652     
          97          99   1.3590984836409588     
          99         100   1.3591135279764706     
         100         101   1.1750548204515059     
         101         102   1.6407468958649400     
         102         103   1.1835228891440641     
          89         104  0.71790408069750644     
         100         104   1.2262621934029030     
         103         104   1.2643475891464400     
          77         105   1.1811510601709025     
         103         105   1.2548648961612152     
         105         106   1.2547317004147911     
         106         107   1.1834861921409952     
         107         108   1.6407325275438247     
         108         109   1.1751078088384737     
          89         110  0.71814182996417397     
         106         110   1.2644644475703264     
         109         110   1.2260694697539340     
         109         111   1.3591838441257482     
          90         112   1.1750461417438924     
         111         112   1.3590864338689341     
          89         113  0.71841718766041762     
          92         113   1.2640931282617187     
         112         113   1.2261901184613471     
          90         114  0.97198241275672792     
          91         115  0.97022592148412912     
          95         116  0.97022505835309525     
          96         117  0.97198343549280963     
          99         118  0.96301663911573709     
         101         119  0.97198507538394674     
         102         120  0.97024481666075002     
         107         121  0.97021172575111470     
         108         122  0.97198512555700345     
         111         123  0.96301237460137978     
         125         126   1.6407308342899329     
         126         127   1.1835078321252528     
          80         128   1.1812560746455076     
         127         128   1.2548634984438587     
         128         129   1.2545543242348369     
         129         130   1.1835548541647860     
         130         131   1.6406799717443534     
         131         132   1.1751375149955263     
         124         133  0.71815145784839096     
         129         133   1.2644721273790460     
         132         133   1.2260432305675526     
         132         134   1.3591416469176563     
         134         135   1.3590862285169352     
         135         136   1.1751093805657877     
         136         137   1.6407125835126952     
         137         138   1.1835256942200139     
         124         139  0.71806346252791187     
         135         139   1.2261528242232540     
         138         139   1.2644408865279426     
          81         140   1.1812337936626163     
         138         140   1.2547705550754649     
         140         141   1.2546748372653096     
         141         142   1.1835532185143269     
         142         143   1.6406920086332857     
         143         144   1.1751238508759025     
         124         145  0.71821665926385947     
         141         145   1.2644107121622170     
         144         145   1.2260688665420085     
         144         146   1.3591282943879124     
         125         147   1.1750912156413884     
         146         147   1.3590773354808439     
         124         148  0.71790745657090116     
         127         148   1.2644618863335348     
         147         148   1.2262091317813628     
         125         149  0.97198596210603949     
         126         150  0.97023796712513588     
         130         151  0.97022230667907361     
         131         152  0.97198305178992050     
         134         153  0.96300661944315724     
         136         154  0.97198365881516735     
         137         155  0.97023274049475661     
         142         156  0.97022709978691235     
         143         157  0.97198350059146565     
         146         158  0.96300932769547309     
         160         161   1.6407691872509909     
         161         162   1.1834986676260162     
          84         163   1.1811188202140399     
         162         163   1.2549012850494483     
         163         164   1.2547599578456854     
         164         165   1.1835444646222120     
         165         166   1.6407142017939111     
         166         167   1.1750937300665798     
         159         168  0.71826493684531501     
         164         168   1.2643024024375686     
         167         168   1.2260950338398062     
         167         169   1.3591777493600243     
         169         170   1.3590700469571568     
         170         171   1.1749828061824754     
         171         172   1.6410299155994796     
         172         173   1.1832547323327676     
         159         174  0.71825126181591892     
         170         174   1.2262866434723514     
         173         174   1.2639874787507841     
          85         175   1.1792589556412127     
         173         175   1.2555502094443522     
         175         176   1.2559309278233020     
         176         177   1.1832617494829401     
         177         178   1.6410093372626864     
         178         179   1.1749775306505312     
         159         180  0.71839315130821502     
         176         180   1.2638182960763493     
         179         180   1.2263577629333404     
         179         181   1.3590109610920214     
         160         182   1.1750465116173876     
         181         182   1.3592036648209613     
         159         183  0.71823769140385185     
         162         183   1.2643100754888503     
         182         183   1.2261251581563857     
         160         184  0.97198413170369624     
         161         185  0.97022721337153572     
         165         186  0.97023210802583248     
         166         187  0.97198409235656713     
         169         188  0.96301202136568531     
         171         189  0.97198305242480632     
         172         190  0.97021901932044108     
         177         191  0.97022062720074553     
         178         192  0.97198356439829237     
         181         193  0.96301701897105185     
