    0.56245200
   -0.05458293
   -0.05436956
    0.06956817
    0.01162078
    0.06956718
   -0.05424371
   -0.05456000
    0.06405713
   -0.21389970
   -0.06070740
    0.06527046
   -0.05357094
   -0.05529100
    0.07023533
   -0.21282954
   -0.05935155
    0.07027367
   -0.05528486
   -0.05354396
    0.06525388
   -0.21288554
   -0.06068527
    0.06410656
   -0.21401753
    0.03038110
    0.03199069
    0.03186795
    0.03040588
    0.04924781
    0.03055023
    0.03085543
    0.04717204
    0.03086095
    0.03054771
    0.04926884
    0.56232995
   -0.05454929
   -0.05428588
    0.06954398
    0.01159785
    0.06950948
   -0.05442897
   -0.05454505
    0.06413241
   -0.21398815
   -0.06073012
    0.06525169
   -0.05355758
   -0.05527867
    0.07026061
   -0.21279504
   -0.05938697
    0.07027733
   -0.05527797
   -0.05355418
    0.06525985
   -0.21284147
   -0.06073008
    0.06416583
   -0.21403868
    0.03037722
    0.03204250
    0.03222204
    0.03039431
    0.04923640
    0.03055410
    0.03086219
    0.04716782
    0.03085946
    0.03054616
    0.04922992
   -0.03065609
   -0.03079257
   -0.03069460
   -0.03071795
   -0.03074230
   -0.03072029
   -0.03076956
   -0.03062170
    0.56736914
   -0.05452521
   -0.05445947
    0.06979440
    0.01145689
    0.06987705
   -0.05426990
   -0.05452394
    0.06372999
   -0.21527780
   -0.05923957
    0.06371803
   -0.05452899
   -0.05447153
    0.06989359
   -0.21525011
    0.01138426
    0.06987322
   -0.05443131
   -0.05451832
    0.06371778
   -0.21524361
   -0.05925229
    0.06372408
   -0.21514806
    0.03041356
    0.03188299
    0.03161845
    0.03037791
    0.04988426
    0.03039802
    0.03193386
    0.03184562
    0.03041233
    0.04990380
    0.56799394
   -0.05453107
   -0.05436779
    0.06988351
    0.01139874
    0.06981474
   -0.05453727
   -0.05453575
    0.06365362
   -0.21526092
   -0.05917299
    0.06361370
   -0.05455787
   -0.05444858
    0.06984417
   -0.21522829
    0.01143249
    0.06989300
   -0.05434117
   -0.05455555
    0.06363479
   -0.21529518
   -0.05918818
    0.06366220
   -0.21531833
    0.03039944
    0.03176279
    0.03193094
    0.03043400
    0.04995322
    0.03043519
    0.03172131
    0.03162889
    0.03040094
    0.04992648
    0.56738775
   -0.05454865
   -0.05440023
    0.06985641
    0.01142897
    0.06989498
   -0.05438918
   -0.05456852
    0.06369771
   -0.21523196
   -0.05926105
    0.06375065
   -0.05448444
   -0.05432055
    0.06986133
   -0.21527735
    0.01140950
    0.06978603
   -0.05448847
   -0.05449998
    0.06373604
   -0.21515934
   -0.05924960
    0.06369145
   -0.21523381
    0.03040459
    0.03166940
    0.03170634
    0.03039033
    0.04987823
    0.03038485
    0.03184226
    0.03202802
    0.03041220
    0.04989950
