           2           3   1.6444747104758357     
           3           4   1.1816106698563047     
           4           5   1.2619759651759421     
           5           6   1.2623685663290729     
           6           7   1.1814075810985585     
           7           8   1.6447623441716586     
           8           9   1.1706813902186073     
           1          10  0.65700771522475809     
           6          10   1.2560930065325921     
           9          10   1.2174083998897602     
           9          11   1.3608243674089247     
          11          12   1.3610746142887946     
          12          13   1.1627863416173720     
          13          14   1.6596815004943646     
          14          15   1.1640681205588237     
           1          16  0.65993789034146966     
          12          16   1.2266315806822885     
          15          16   1.2385312625533818     
          15          17   1.3579804845611556     
          17          18   1.3579726632680102     
          18          19   1.1638966232577848     
          19          20   1.6598392609377157     
          20          21   1.1627581697397404     
           1          22  0.65971844365905663     
          18          22   1.2388190159928270     
          21          22   1.2263657759303448     
          21          23   1.3614584672806291     
           2          24   1.1709046258315328     
          23          24   1.3604591752378097     
           1          25  0.65614863382740074     
           4          25   1.2563068746168111     
          24          25   1.2176982833188612     
           2          26  0.97225039678265679     
           3          27  0.96848538685855268     
           7          28  0.96867043876180270     
           8          29  0.97224398616080920     
          11          30  0.96296725648867609     
          13          31  0.97216739774511307     
          14          32  0.97242750631891639     
          17          33  0.96493965340921062     
          19          34  0.97242517967610820     
          20          35  0.97215899023117158     
          23          36  0.96296841514516052     
          38          39   1.6449339813729427     
          39          40   1.1812254609068891     
          40          41   1.2632909359078091     
          41          42   1.2629309634047257     
          42          43   1.1812147715005294     
          43          44   1.6448944998993267     
          44          45   1.1707311394911550     
          37          46  0.65653665179484122     
          42          46   1.2558406734558714     
          45          46   1.2177932664799713     
          45          47   1.3604834599638822     
          47          48   1.3615278406578404     
          48          49   1.1626054302560609     
          49          50   1.6599591103594213     
          50          51   1.1638575580459443     
          37          52  0.65997763717337798     
          48          52   1.2264278101373491     
          51          52   1.2387307597044954     
          51          53   1.3580300501870965     
          53          54   1.3579407458415682     
          54          55   1.1639162870116082     
          55          56   1.6598782652518407     
          56          57   1.1626805135423659     
          37          58  0.65982580071375230     
          54          58   1.2388129232157303     
          57          58   1.2263840263247339     
          57          59   1.3615601570495173     
          38          60   1.1706366221377487     
          59          60   1.3604042662374300     
          37          61  0.65621221317765188     
          40          61   1.2557680233810808     
          60          61   1.2180737777867516     
          38          62  0.97224988622432662     
          39          63  0.96949966543278865     
          43          64  0.96923763622241599     
          44          65  0.97224354738477903     
          47          66  0.96297352079010257     
          49          67  0.97216019523200381     
          50          68  0.97242383507282226     
          53          69  0.96495065499448118     
          55          70  0.97242550285406870     
          56          71  0.97216114668000553     
          59          72  0.96297860737252050     
           5          73   1.1688959007967774     
          73          74   2.5820260189253990     
          75          76   2.5785715626841164     
          77          78   2.5778114248528796     
          41          80   1.1669471496789816     
          79          80   2.5831169603827484     
          82          83   1.6439850038818151     
          83          84   1.1815816089122777     
          74          85   1.1702802363263205     
          84          85   1.2599239583129878     
          85          86   1.2602092518409178     
          86          87   1.1817035283602471     
          87          88   1.6438244308162067     
          88          89   1.1716661735993308     
          81          90  0.65222351177997917     
          86          90   1.2588110817147040     
          89          90   1.2160131769558502     
          89          91   1.3605493372625348     
          91          92   1.3607093010295301     
          92          93   1.1716578872123591     
          93          94   1.6437637117344719     
          94          95   1.1817674657227648     
          81          96  0.65200817203794692     
          92          96   1.2159224361654486     
          95          96   1.2592043180708461     
          75          97   1.1717403904913257     
          95          97   1.2592976241707823     
          97          98   1.2594428891654812     
          98          99   1.1816758474122278     
          99         100   1.6438808003432490     
         100         101   1.1715653658490808     
          81         102  0.65197368856202209     
          98         102   1.2591537517359193     
         101         102   1.2159589624800458     
         101         103   1.3607363525029588     
          82         104   1.1715757489978160     
         103         104   1.3605887711742395     
          81         105  0.65257717378909541     
          84         105   1.2587418159819208     
         104         105   1.2159182136265230     
          82         106  0.97223622848897018     
          83         107  0.96851780907998641     
          87         108  0.96873091399799249     
          88         109  0.97224135934556344     
          91         110  0.96270403359501799     
          93         111  0.97224467543527371     
          94         112  0.96870322881372772     
          99         113  0.96886654869245448     
         100         114  0.97224203854183922     
         103         115  0.96269996469580366     
         117         118   1.6437352279309516     
         118         119   1.1817584580245206     
          76         120   1.1718548570885488     
         119         120   1.2594365553833056     
         120         121   1.2590219514209220     
         121         122   1.1818375058509185     
         122         123   1.6436627767957670     
         123         124   1.1717364130371382     
         116         125  0.65218196976662579     
         121         125   1.2591075674567940     
         124         125   1.2157463963003787     
         124         126   1.3605716777561274     
         126         127   1.3607449734358477     
         127         128   1.1718289999168390     
         128         129   1.6434879267804035     
         129         130   1.1820063788835220     
         116         131  0.65235493816945678     
         127         131   1.2154810930477395     
         130         131   1.2594221213774990     
          77         132   1.1733108584360363     
         130         132   1.2583881642970018     
         132         133   1.2587461150060946     
         133         134   1.1820874205736494     
         134         135   1.6434138106458578     
         135         136   1.1718533222530538     
         116         137  0.65222013788524424     
         133         137   1.2592819303096126     
         136         137   1.2156999862765476     
         136         138   1.3605732229003888     
         117         139   1.1716985549227044     
         138         139   1.3606422361337531     
         116         140  0.65221844752542524     
         119         140   1.2591147369477920     
         139         140   1.2157800001989045     
         117         141  0.97224520914099544     
         118         142  0.96888116037120797     
         122         143  0.96871689204762956     
         123         144  0.97224266542901983     
         126         145  0.96267873730154185     
         128         146  0.97224256209221327     
         129         147  0.96788162706138459     
         134         148  0.96805206472278871     
         135         149  0.97224668685530380     
         138         150  0.96269364413207414     
         152         153   1.6435286674985576     
         153         154   1.1820020814734040     
          78         155   1.1732022059219287     
         154         155   1.2586079090105036     
         155         156   1.2588038692778987     
         156         157   1.1820802414680145     
         157         158   1.6434181279428319     
         158         159   1.1718523228829421     
         151         160  0.65220421058507771     
         156         160   1.2592085259217365     
         159         160   1.2159186065096284     
         159         161   1.3604483283883355     
         161         162   1.3608190813963725     
         162         163   1.1712945981383960     
         163         164   1.6444431234266907     
         164         165   1.1811667838933082     
         151         166  0.65234627237120657     
         162         166   1.2160345929922391     
         165         166   1.2585479842506979     
          79         167   1.1684217420841456     
         165         167   1.2611173781223253     
         167         168   1.2606791413610270     
         168         169   1.1811896773137516     
         169         170   1.6444086726884293     
         170         171   1.1713433139331242     
         151         172  0.65266781322826284     
         168         172   1.2585113557848853     
         171         172   1.2159473386378761     
         171         173   1.3607457914517296     
         152         174   1.1717730993976674     
         173         174   1.3605745965877574     
         151         175  0.65190547480597894     
         154         175   1.2593807099480550     
         174         175   1.2158942516180011     
         152         176  0.97224666858777220     
         153         177  0.96804192137880762     
         157         178  0.96787893383099077     
         158         179  0.97224980104556702     
         161         180  0.96270332979915918     
         163         181  0.97223893232117120     
         164         182  0.96956695642618607     
         169         183  0.96930055850212671     
         170         184  0.97223534173894699     
         173         185  0.96269790636289621     
