   -0.05462319
   -0.05307636
    0.08727846
    0.01133494
    0.06418835
   -0.04995316
   -0.05171216
    0.06436583
   -0.08113058
   -0.05485205
    0.08688360
   -0.05368820
   -0.05370975
    0.08653628
   -0.32076723
   -0.05654136
    0.06504985
   -0.05095671
   -0.05080381
    0.06581547
   -0.08081095
   -0.05484979
    0.08567328
   -0.32487931
    0.01878644
    0.02124705
    0.04339033
    0.04154487
    0.21413083
    0.04714734
    0.01964497
    0.01967623
    0.04637733
    0.04211458
    0.04206940
    0.21442375
    0.04721382
   -0.05462469
   -0.05312388
    0.08723670
    0.01132176
    0.06419656
   -0.04990801
   -0.05171843
    0.06439329
   -0.08119950
   -0.05485598
    0.08690124
   -0.05368851
   -0.05370808
    0.08651313
   -0.32073434
   -0.05653824
    0.06502880
   -0.05095727
   -0.05080829
    0.06583507
   -0.08084066
   -0.05484248
    0.08567431
   -0.32482392
    0.01880087
    0.02127322
    0.04336198
    0.04151723
    0.21414375
    0.04714617
    0.01964053
    0.01968284
    0.04637336
    0.04211548
    0.04206610
    0.21447262
    0.04723581
   -0.02011994
   -0.01197922
   -0.00291893
   -0.00376019
   -0.01095158
   -0.02100063
   -0.02026805
   -0.01125760
   -0.00290784
   -0.00319091
   -0.01096903
   -0.02053640
   -0.02029549
   -0.01109343
   -0.00293228
   -0.00304024
   -0.01098360
   -0.02040392
   -0.02030930
   -0.01107093
   -0.00296118
   -0.00299086
   -0.01104336
   -0.02034270
   -0.02034282
   -0.01103573
   -0.00299240
   -0.00296552
   -0.01106101
   -0.02031011
   -0.02039664
   -0.01100013
   -0.00304322
   -0.00293703
   -0.01110354
   -0.02029194
   -0.02052565
   -0.01099173
   -0.00318879
   -0.00290998
   -0.01125147
   -0.02027677
   -0.02101481
   -0.01093062
   -0.00375328
   -0.00291650
   -0.01194586
   -0.02015184
   -0.05439299
   -0.05292089
    0.08712248
    0.01196943
    0.06366009
   -0.05015934
   -0.05171649
    0.06419704
   -0.08118295
   -0.05259976
    0.08539200
   -0.05435237
   -0.05298223
    0.08723977
   -0.32406974
    0.01150393
    0.06378522
   -0.05025800
   -0.05165609
    0.06411237
   -0.08124275
   -0.05253046
    0.08538905
   -0.32396947
    0.01901931
    0.02138603
    0.04329062
    0.04149901
    0.21443009
    0.04800325
    0.01903977
    0.02128166
    0.04317645
    0.04150400
    0.21442156
    0.04802655
   -0.05433965
   -0.05295623
    0.08723178
    0.01184013
    0.06377572
   -0.05018587
   -0.05165968
    0.06414684
   -0.08107984
   -0.05246968
    0.08539714
   -0.05432939
   -0.05298496
    0.08725907
   -0.32396079
    0.01167022
    0.06380967
   -0.05020128
   -0.05164077
    0.06414160
   -0.08113673
   -0.05244231
    0.08539701
   -0.32391090
    0.01913516
    0.02141246
    0.04331360
    0.04160224
    0.21442771
    0.04812851
    0.01914214
    0.02137266
    0.04325231
    0.04159079
    0.21442418
    0.04813185
   -0.05432509
   -0.05296831
    0.08726567
    0.01180779
    0.06384049
   -0.05017238
   -0.05163582
    0.06412959
   -0.08104811
   -0.05245228
    0.08541515
   -0.05432276
   -0.05290940
    0.08730515
   -0.32399161
    0.01175063
    0.06380499
   -0.05024377
   -0.05162659
    0.06411406
   -0.08100464
   -0.05242093
    0.08540195
   -0.32392545
    0.01917954
    0.02142778
    0.04331424
    0.04163143
    0.21437662
    0.04814391
    0.01914722
    0.02136883
    0.04332130
    0.04165758
    0.21441212
    0.04817858
   -0.05431880
   -0.05291423
    0.08732899
    0.01180133
    0.06385431
   -0.05023368
   -0.05162280
    0.06408447
   -0.08091899
   -0.05242228
    0.08540088
   -0.05431865
   -0.05293902
    0.08732490
   -0.32399526
    0.01179134
    0.06385945
   -0.05020970
   -0.05162101
    0.06409181
   -0.08095521
   -0.05243551
    0.08540681
   -0.32401104
    0.01916323
    0.02139330
    0.04334995
    0.04167809
    0.21434270
    0.04816962
    0.01917729
    0.02140797
    0.04334020
    0.04166661
    0.21432777
    0.04815587
   -0.05432078
   -0.05295853
    0.08731914
    0.01175195
    0.06386009
   -0.05020868
   -0.05162655
    0.06408971
   -0.08097196
   -0.05243124
    0.08539685
   -0.05432702
   -0.05297108
    0.08729890
   -0.32396343
    0.01181520
    0.06386338
   -0.05017766
   -0.05163542
    0.06409871
   -0.08097792
   -0.05244625
    0.08540104
   -0.32399759
    0.01916689
    0.02139654
    0.04332006
    0.04165395
    0.21435366
    0.04816191
    0.01917793
    0.02142825
    0.04333006
    0.04164662
    0.21434178
    0.04814792
   -0.05433040
   -0.05296738
    0.08727978
    0.01167663
    0.06381003
   -0.05021614
   -0.05163329
    0.06412710
   -0.08110338
   -0.05244678
    0.08539955
   -0.05434078
   -0.05291150
    0.08725616
   -0.32396184
    0.01184129
    0.06374930
   -0.05022254
   -0.05165318
    0.06414308
   -0.08103741
   -0.05245981
    0.08540094
   -0.32397845
    0.01913955
    0.02137107
    0.04326170
    0.04160004
    0.21440452
    0.04812518
    0.01911764
    0.02139613
    0.04333029
    0.04162155
    0.21442513
    0.04813400
   -0.05435189
   -0.05295610
    0.08721258
    0.01150543
    0.06375056
   -0.05027890
   -0.05165795
    0.06413319
   -0.08128606
   -0.05251890
    0.08538750
   -0.05439568
   -0.05294692
    0.08708013
   -0.32390851
    0.01195069
    0.06364622
   -0.05013239
   -0.05172067
    0.06422710
   -0.08128891
   -0.05260394
    0.08540324
   -0.32403357
    0.01902186
    0.02126562
    0.04316878
    0.04150233
    0.21449616
    0.04804892
    0.01902789
    0.02139957
    0.04326178
    0.04146860
    0.21446938
    0.04799760
