           1           2   1.7166150556163120     
           2           3   1.1214736428323229     
           3           4   1.2421616245366756     
           4           5   1.2470976308824395     
           5           6   1.2373225868382542     
           6           7   1.5923903433019597     
           7           8   1.2240317434017880     
           5           9   1.2260009447988138     
           8           9   1.2018075706942399     
           8          10   1.3446134332309971     
          10          11   1.3569787129322974     
          11          12   1.1068040478784376     
          12          13   1.7309579057289270     
          13          14   1.1088703360519661     
          11          15   1.3241798888986134     
          14          15   1.3250692029300657     
          14          16   1.3538602323575286     
          16          17   1.3465980633680679     
          17          18   1.2156877191317816     
          18          19   1.6081514901449125     
          19          20   1.2151689403812733     
          17          21   1.2097060377464295     
          20          21   1.2114969211908240     
          20          22   1.3415891743139765     
           1          23   1.1148712581773368     
          22          23   1.3670748351844328     
           3          24   1.3623153380075552     
          23          24   1.2983792390251570     
           1          25  0.97278226481821206     
           2          26  0.97142030960839953     
           6          27  0.97182112185635228     
           7          28  0.97291147736387074     
           9          29  0.89996825072346043     
          10          30  0.96368077352696224     
          12          31  0.97273816398789770     
          13          32  0.97278719955772908     
          16          33  0.96470205764822770     
          18          34  0.97287920246045034     
          19          35  0.97280979628300479     
          21          36  0.90027164343120869     
          22          37  0.96351564640944320     
          38          39   1.7165680164081643     
          39          40   1.1215538497548647     
          40          41   1.2416933161051740     
          41          42   1.2473115574962872     
          42          43   1.2373671344177588     
          43          44   1.5923822066723545     
          44          45   1.2239666384278181     
          42          46   1.2259421168532496     
          45          46   1.2019030398220751     
          45          47   1.3446091713267165     
          47          48   1.3569345200610803     
          48          49   1.1067560282641833     
          49          50   1.7309565931051440     
          50          51   1.1089249015136353     
          48          52   1.3242726913134839     
          51          52   1.3249542788406292     
          51          53   1.3539222199042560     
          53          54   1.3465266551703567     
          54          55   1.2157458488744528     
          55          56   1.6081187975771831     
          56          57   1.2151487692776237     
          54          58   1.2097136936613127     
          57          58   1.2115696407234038     
          57          59   1.3415137105422326     
          38          60   1.1148834849491858     
          59          60   1.3671848248329728     
          40          61   1.3624450014069953     
          60          61   1.2982192740514702     
          38          62  0.97277836534881434     
          39          63  0.97142177347923220     
          43          64  0.97184096210121507     
          44          65  0.97291290130818597     
          46          66  0.89986592975300050     
          47          67  0.96366769694574061     
          49          68  0.97273777872226230     
          50          69  0.97278697386698065     
          53          70  0.96471716561300414     
          55          71  0.97288064453455880     
          56          72  0.97280894567362342     
          58          73  0.90015076419826490     
          59          74  0.96349492461163133     
           4          75   1.1940825420473631     
          75          76   2.4344830444217456     
          76          77   1.3371004858070705     
          75          78  0.19172730946907510     
          77          78   2.3489774147035218     
          78          79   1.3382299238804527     
          77          80  0.19139850269875996     
          79          80   2.4308073818433300     
          81          82   2.4281254103052934     
          82          83   1.3405296450448856     
          81          84  0.19105235575133372     
          83          84   2.3447456779759785     
          84          85   1.3405617782361170     
          83          86  0.19102780907928535     
          85          86   2.4280064007703541     
          87          88   2.4278833251405958     
          88          89   1.3406501208346233     
          87          90  0.19101749011997615     
          89          90   2.3445949585176757     
          90          91   1.3406331064844701     
          89          92  0.19100673044426680     
          91          92   2.4279198377188287     
          93          94   2.4280210333649221     
          94          95   1.3405778990056951     
          93          96  0.19101795486011544     
          95          96   2.3447205934987245     
          96          97   1.3405609855979668     
          95          98  0.19101825689007401     
          97          98   2.4280622779597696     
          99         100   2.4279948485146514     
         100         101   1.3406068210619770     
          99         102  0.19102321419853441     
         101         102   2.3446495890211740     
         102         103   1.3406103166062120     
         101         104  0.19102306894007581     
         103         104   2.4279826619295117     
         105         106   2.4279642602015894     
         106         107   1.3406105715042278     
         105         108  0.19101751637679346     
         107         108   2.3446413583984773     
         108         109   1.3406216618570079     
         107         110  0.19102024012058061     
         109         110   2.4279375688032467     
         111         112   2.4281511749059730     
         112         113   1.3404578672369052     
         111         114  0.19101645738954379     
         113         114   2.3448828851450454     
         114         115   1.3404429315113469     
         113         116  0.19103385359089092     
         115         116   2.4281970726906663     
         117         118   2.4306692845771858     
         118         119   1.3383096789130000     
         117         120  0.19138109096426226     
         119         120   2.3489003746020156     
         120         121   1.3371916720511963     
          41         122   1.1943462808416330     
         119         122  0.19172022194936067     
         121         122   2.4343242483165759     
         123         124   1.7155146013685130     
         124         125   1.1234899910546892     
          80         126   1.1986105457426854     
         125         126   1.2401729578353402     
         126         127   1.2423703687440275     
         127         128   1.2417215527375713     
         128         129   1.5869304760861729     
         129         130   1.2283335787251000     
         127         131   1.2264697179309694     
         130         131   1.2034010522859573     
         130         132   1.3349376887768056     
         132         133   1.3724819302785942     
         133         134   1.1148340676236785     
         134         135   1.7158002233534153     
         135         136   1.1232158265131404     
         133         137   1.2938970830288270     
         136         137   1.3639435797480530     
          81         138   1.1999295630685576     
         136         138   1.2390742005237518     
         138         139   1.2419548690014890     
         139         140   1.2414782360412313     
         140         141   1.5872137446514745     
         141         142   1.2280367070844496     
         139         143   1.2269917025428283     
         142         143   1.2027350891184010     
         142         144   1.3361106126926718     
         123         145   1.1150484603566280     
         144         145   1.3711370079559471     
         125         146   1.3627210476106215     
         145         146   1.2949787378406912     
         123         147  0.97276316227428872     
         124         148  0.97152822616850343     
         128         149  0.97198630720281920     
         129         150  0.97290419082397006     
         131         151  0.89777585841553131     
         132         152  0.96297764207534564     
         134         153  0.97276052738900043     
         135         154  0.97153131859351249     
         140         155  0.97199351569887749     
         141         156  0.97290298955272569     
         143         157  0.89778964724038346     
         144         158  0.96297728650103576     
         159         160   1.7155976002004190     
         160         161   1.1233590147266890     
          86         162   1.2000845264715276     
         161         162   1.2391431443203487     
         162         163   1.2418050630406732     
         163         164   1.2417988711142667     
         164         165   1.5867564652786055     
         165         166   1.2284716939138907     
         163         167   1.2268527706170040     
         166         167   1.2031017979522169     
         166         168   1.3351001784124679     
         168         169   1.3723728323846063     
         169         170   1.1149412106752470     
         170         171   1.7157235566004179     
         171         172   1.1232421644770041     
         169         173   1.2938198065353386     
         172         173   1.3640040983848820     
          87         174   1.2001265032358424     
         172         174   1.2388519778753930     
         174         175   1.2419455863639877     
         175         176   1.2416539075141242     
         176         177   1.5869331530278341     
         177         178   1.2282995189008326     
         175         179   1.2269130148373888     
         178         179   1.2029508229673529     
         178         180   1.3355047220061178     
         159         181   1.1150088551306887     
         180         181   1.3719154990080062     
         161         182   1.3636719076705037     
         181         182   1.2941854161253137     
         159         183  0.97275937941073165     
         160         184  0.97152314139798124     
         164         185  0.97198295694218084     
         165         186  0.97289865604495385     
         167         187  0.89790465078759918     
         168         188  0.96297023499188594     
         170         189  0.97275640260492202     
         171         190  0.97151653149905959     
         176         191  0.97199410687131593     
         177         192  0.97289834024240229     
         179         193  0.89787543145490345     
         180         194  0.96297035253161878     
         195         196   1.7156713042276863     
         196         197   1.1232729309129612     
          92         198   1.2001021257984512     
         197         198   1.2389592086287728     
         198         199   1.2419229031177514     
         199         200   1.2416875164667271     
         200         201   1.5868581708387195     
         201         202   1.2284185102003846     
         199         203   1.2268988645906136     
         202         203   1.2029788801597945     
         202         204   1.3353055711682986     
         204         205   1.3721173719982160     
         205         206   1.1149119488387724     
         206         207   1.7157218462792543     
         207         208   1.1232426183972262     
         205         209   1.2941317127865355     
         208         209   1.3637566332476196     
          93         210   1.2000268180315978     
         208         210   1.2393934710551942     
         210         211   1.2415327531340847     
         211         212   1.2416786758016864     
         212         213   1.5868782102138477     
         213         214   1.2284127070804960     
         211         215   1.2270325737429641     
         214         215   1.2028692057438384     
         214         216   1.3354069958077781     
         195         217   1.1149882562876914     
         216         217   1.3720959195173801     
         197         218   1.3638573427137461     
         217         218   1.2940214475432450     
         195         219  0.97275724587133017     
         196         220  0.97151966444375104     
         200         221  0.97197977604754560     
         201         222  0.97289740746764530     
         203         223  0.89802935861452393     
         204         224  0.96297796316779039     
         206         225  0.97276028793468283     
         207         226  0.97151982612383336     
         212         227  0.97197417270649011     
         213         228  0.97289388596336512     
         215         229  0.89799865487667330     
         216         230  0.96296755251703314     
         231         232   1.7157376569505982     
         232         233   1.1231764789051359     
          98         234   1.1999432175943925     
         233         234   1.2394347338150937     
         234         235   1.2415626621602676     
         235         236   1.2416427863569679     
         236         237   1.5868520661501369     
         237         238   1.2285113788796309     
         235         239   1.2270518782504309     
         238         239   1.2027816088400833     
         238         240   1.3353785059552163     
         240         241   1.3721335500093641     
         241         242   1.1149825072803308     
         242         243   1.7157262412497956     
         243         244   1.1231683174185074     
         241         245   1.2940166291621062     
         244         245   1.3639231911756529     
          99         246   1.2000045571282469     
         244         246   1.2391810975292139     
         246         247   1.2417562289402353     
         247         248   1.2416202688617570     
         248         249   1.5868791023973943     
         249         250   1.2284734752473667     
         247         251   1.2269819855588529     
         250         251   1.2028126754810831     
         250         252   1.3354058329470297     
         231         253   1.1149488016042715     
         252         253   1.3720525690856646     
         233         254   1.3637838916272931     
         253         254   1.2941557534346517     
         231         255  0.97276086450690713     
         232         256  0.97152546473480295     
         236         257  0.97195630322136728     
         237         258  0.97289434420583087     
         239         259  0.89823251820845784     
         240         260  0.96298753672429327     
         242         261  0.97275952096785911     
         243         262  0.97151861144762308     
         248         263  0.97196360795444536     
         249         264  0.97289590532780701     
         251         265  0.89824188135998151     
         252         266  0.96299138806748852     
         267         268   1.7157743706352893     
         268         269   1.1231383145396621     
         104         270   1.2000199477985407     
         269         270   1.2391136461270371     
         270         271   1.2417908159465001     
         271         272   1.2416242933064210     
         272         273   1.5868601294045996     
         273         274   1.2284851478534562     
         271         275   1.2269840862896990     
         274         275   1.2028301273938728     
         274         276   1.3353949276193422     
         276         277   1.3721079946687640     
         277         278   1.1149918039099820     
         278         279   1.7157176619732915     
         279         280   1.1231898651345453     
         277         281   1.2940074840260376     
         280         281   1.3639226955218049     
         105         282   1.2000471033604381     
         280         282   1.2389985438546545     
         282         283   1.2419125805899047     
         283         284   1.2416650049808038     
         284         285   1.5868089074812131     
         285         286   1.2285262776500241     
         283         287   1.2269166766941124     
         286         287   1.2029158623156058     
         286         288   1.3352555895562299     
         267         289   1.1149471070414689     
         288         289   1.3722350217161827     
         269         290   1.3639806685035154     
         289         290   1.2939496207201069     
         267         291  0.97275850210369752     
         268         292  0.97150929002377606     
         272         293  0.97197276951420686     
         273         294  0.97289637951867924     
         275         295  0.89821086664277550     
         276         296  0.96298792047571047     
         278         297  0.97275793628086427     
         279         298  0.97151070790985572     
         284         299  0.97197340972468560     
         285         300  0.97289768461839066     
         287         301  0.89822122114645686     
         288         302  0.96299129193804700     
         303         304   1.7157272415840255     
         304         305   1.1232284440488156     
         110         306   1.2001067766425999     
         305         306   1.2389553345039048     
         306         307   1.2418723751686411     
         307         308   1.2416210757070865     
         308         309   1.5869734266686706     
         309         310   1.2282878782425768     
         307         311   1.2269493632555410     
         310         311   1.2028950804014662     
         310         312   1.3355563025859394     
         312         313   1.3718469144384404     
         313         314   1.1150148494839149     
         314         315   1.7155746812571269     
         315         316   1.1233702675236734     
         313         317   1.2942726336096491     
         316         317   1.3635864950200389     
         111         318   1.2000202894942185     
         316         318   1.2394149038695303     
         318         319   1.2415881685234715     
         319         320   1.2418069145299160     
         320         321   1.5867711493636347     
         321         322   1.2284708038410130     
         319         323   1.2268986660183772     
         322         323   1.2030523667847175     
         322         324   1.3351314856936929     
         303         325   1.1149342756877927     
         324         325   1.3723540415410223     
         305         326   1.3639925759321956     
         325         326   1.2938620070545359     
         303         327  0.97275835639982566     
         304         328  0.97151676502836404     
         308         329  0.97198897123003514     
         309         330  0.97289785292153497     
         311         331  0.89793067220320788     
         312         332  0.96297326042571341     
         314         333  0.97276155484310689     
         315         334  0.97152289573918327     
         320         335  0.97197692176948192     
         321         336  0.97289589414135014     
         323         337  0.89791724588471367     
         324         338  0.96296903504284781     
         339         340   1.7157538910248586     
         340         341   1.1233246533756713     
         116         342   1.1999745117971077     
         341         342   1.2392411619872494     
         342         343   1.2417457349229823     
         343         344   1.2415317043739931     
         344         345   1.5872029254087807     
         345         346   1.2279966832673888     
         343         347   1.2270711804827346     
         346         347   1.2027811479245221     
         346         348   1.3360727178009875     
         348         349   1.3712150562383671     
         349         350   1.1150698136366000     
         350         351   1.7154464026281728     
         351         352   1.1235895377724709     
         349         353   1.2948442261859086     
         352         353   1.3628094873285042     
         117         354   1.1988844420339779     
         352         354   1.2398135028197144     
         354         355   1.2424744285454361     
         355         356   1.2417848661266979     
         356         357   1.5869283887839534     
         357         358   1.2282485240922378     
         355         359   1.2264261388834485     
         358         359   1.2035097731226925     
         358         360   1.3349386554379739     
         339         361   1.1147950811138629     
         360         361   1.3724053949505053     
         341         362   1.3637547981921250     
         361         362   1.2940371704176798     
         339         363  0.97276140719936377     
         340         364  0.97154617416831679     
         344         365  0.97199592836924409     
         345         366  0.97290093193550564     
         347         367  0.89755695141518888     
         348         368  0.96295423093385768     
         350         369  0.97276046557203333     
         351         370  0.97152668037173739     
         356         371  0.97200647575596522     
         357         372  0.97290522866658202     
         359         373  0.89754962646738101     
         360         374  0.96296147647216523     
