    0.24460164
   -0.05201169
   -0.05039654
    0.07722308
    0.01701811
    0.07726221
   -0.05032571
   -0.05201915
    0.07559896
   -0.17683101
   -0.04979390
    0.07686318
   -0.05103342
   -0.05118456
    0.07738957
   -0.17477911
   -0.05158460
    0.07739496
   -0.05118597
   -0.05103147
    0.07685993
   -0.17481601
   -0.04977900
    0.07558641
   -0.17675429
    0.03364233
    0.03540811
    0.03544166
    0.03361064
    0.04914611
    0.03421080
    0.03413049
    0.04849217
    0.03412414
    0.03420719
    0.04915745
    0.24458499
   -0.05200548
   -0.05039463
    0.07719472
    0.01700408
    0.07725343
   -0.05033990
   -0.05201661
    0.07562342
   -0.17685336
   -0.04982864
    0.07687123
   -0.05103697
   -0.05118417
    0.07738739
   -0.17479818
   -0.05159486
    0.07738767
   -0.05118610
   -0.05103254
    0.07686542
   -0.17480513
   -0.04982169
    0.07561306
   -0.17679649
    0.03365007
    0.03546556
    0.03548787
    0.03362551
    0.04913467
    0.03420518
    0.03412455
    0.04848355
    0.03412203
    0.03420534
    0.04914040
   -0.02057072
   -0.01000677
   -0.00951942
   -0.02112592
   -0.02106778
   -0.00947462
   -0.00997761
   -0.02050186
    0.24629045
   -0.05185586
   -0.05042648
    0.07742303
    0.01719238
    0.07746852
   -0.05038218
   -0.05185779
    0.07511540
   -0.17699986
   -0.04779245
    0.07512949
   -0.05184748
   -0.05043394
    0.07740734
   -0.17694930
    0.01719329
    0.07745529
   -0.05038046
   -0.05184581
    0.07513421
   -0.17702159
   -0.04778714
    0.07510862
   -0.17693161
    0.03369859
    0.03542616
    0.03548675
    0.03368763
    0.04976802
    0.03371598
    0.03550651
    0.03551214
    0.03368920
    0.04976956
