           2           3   1.6504650621013806     
           3           4   1.1792742101655067     
           4           5   1.2516058239325536     
           5           6   1.2520465965282099     
           6           7   1.1793294662975036     
           7           8   1.6504367001959792     
           8           9   1.1710398433795013     
           1          10  0.48896381589618154     
           6          10   1.2859933257783949     
           9          10   1.2469414639176093     
           9          11   1.3574928528903258     
          11          12   1.3539839425220599     
          12          13   1.1627416118338527     
          13          14   1.6656852120722636     
          14          15   1.1619995361574000     
           1          16  0.49145748997846228     
          12          16   1.2608945385243422     
          15          16   1.2632344097952752     
          15          17   1.3541106543899109     
          17          18   1.3540177774008060     
          18          19   1.1619670833592401     
          19          20   1.6657031075036426     
          20          21   1.1627334247893266     
           1          22  0.49127188517909481     
          18          22   1.2633547903492990     
          21          22   1.2608939202854439     
          21          23   1.3539935209634204     
           2          24   1.1710945625667892     
          23          24   1.3575157587055124     
           1          25  0.48896958702637033     
           4          25   1.2861377669747971     
          24          25   1.2468122794907317     
           2          26  0.97242680473355358     
           3          27  0.97097185532344554     
           7          28  0.97098270588868785     
           8          29  0.97243011708714755     
          11          30  0.96392103778895688     
          13          31  0.97234056317438666     
          14          32  0.97236064695620206     
          17          33  0.96425331798586689     
          19          34  0.97236272476843721     
          20          35  0.97233914837805824     
          23          36  0.96391874178238601     
          38          39   1.6506827124473622     
          39          40   1.1790902264906811     
          40          41   1.2522225483846912     
          41          42   1.2525174872682370     
          42          43   1.1791902309716482     
          43          44   1.6506050234617105     
          44          45   1.1709555570040322     
          37          46  0.48898834210438913     
          42          46   1.2857384144266411     
          45          46   1.2470576387870209     
          45          47   1.3574770311033302     
          47          48   1.3540184375262860     
          48          49   1.1627035793225753     
          49          50   1.6657196007992427     
          50          51   1.1619952611088213     
          37          52  0.49144242110791059     
          48          52   1.2609360399139442     
          51          52   1.2632071929568394     
          51          53   1.3541477762983491     
          53          54   1.3540648238246553     
          54          55   1.1619843313079468     
          55          56   1.6657076216636135     
          56          57   1.1627312195471204     
          37          58  0.49140248233424200     
          54          58   1.2632901592001302     
          57          58   1.2608881940128838     
          57          59   1.3540448213893626     
          38          60   1.1709761792224695     
          59          60   1.3574350136794402     
          37          61  0.48892280959213708     
          40          61   1.2858543576925008     
          60          61   1.2470409623105259     
          38          62  0.97242750131123012     
          39          63  0.97097278058948677     
          43          64  0.97096324376519005     
          44          65  0.97242887312137816     
          47          66  0.96392217470692931     
          49          67  0.97234177531869659     
          50          68  0.97236052110189397     
          53          69  0.96425097225810974     
          55          70  0.97236199931755118     
          56          71  0.97234019752343359     
          59          72  0.96392391985760084     
           5          73   1.1844548177233185     
          73          74   2.4704051178693729     
          74          75   1.3048988021139643     
          73          76  0.20289228256148906     
          75          76   2.4689232940498780     
          77          78   2.4698843586901145     
          78          79   1.3037912828855280     
          41          80   1.1832809605538814     
          77          80  0.20262510959733107     
          79          80   2.4713922107180029     
          82          83   1.6481078773675941     
          83          84   1.1808559180632268     
          76          85   1.1865229994117323     
          84          85   1.2494261892118130     
          85          86   1.2498801236574364     
          86          87   1.1806870741083535     
          87          88   1.6482097015352486     
          88          89   1.1730424812168265     
          81          90  0.48883930287593169     
          86          90   1.2872176922474712     
          89          90   1.2448953841415720     
          89          91   1.3562734027348964     
          91          92   1.3561263073177823     
          92          93   1.1730124631778656     
          93          94   1.6482848685363063     
          94          95   1.1806646812981156     
          81          96  0.48889194587305873     
          92          96   1.2450198142151492     
          95          96   1.2869675733924648     
          77          97   1.1853926039203408     
          95          97   1.2499454868741102     
          97          98   1.2503449056574185     
          98          99   1.1805987454782509     
          99         100   1.6483122382025384     
         100         101   1.1729881638848925     
          81         102  0.48883629392856981     
          98         102   1.2869535028594108     
         101         102   1.2450243605616917     
         101         103   1.3561926965804423     
          82         104   1.1730789608298631     
         103         104   1.3562189881301965     
          81         105  0.48890536144125663     
          84         105   1.2871995448431712     
         104         105   1.2448801401515626     
          82         106  0.97242131195270209     
          83         107  0.97098483932951085     
          87         108  0.97098784265651317     
          88         109  0.97242224098509689     
          91         110  0.96359739130134459     
          93         111  0.97241894858412659     
          94         112  0.97097017313949507     
          99         113  0.97097936914989114     
         100         114  0.97241632339172646     
         103         115  0.96359376757124338     
