   -0.05501919
   -0.05359373
    0.08613495
    0.01293101
    0.06392295
   -0.04939368
   -0.05191892
    0.06437031
   -0.08100911
   -0.05512530
    0.08676453
   -0.05379586
   -0.05384531
    0.08639439
   -0.32094582
   -0.05691457
    0.06496270
   -0.05115969
   -0.05096304
    0.06552850
   -0.08112789
   -0.05512747
    0.08523041
   -0.32410485
    0.01846931
    0.01928773
    0.04298242
    0.04149060
    0.21413138
    0.04693711
    0.01935375
    0.01937652
    0.04598116
    0.04177435
    0.04169711
    0.21445837
    0.04690847
   -0.05491271
   -0.05335649
    0.08627294
    0.01288718
    0.06379311
   -0.04957424
   -0.05184272
    0.06440331
   -0.08093850
   -0.05528608
    0.08673246
   -0.05380315
   -0.05385142
    0.08644936
   -0.32113846
   -0.05697978
    0.06501619
   -0.05114915
   -0.05094611
    0.06551425
   -0.08108246
   -0.05526321
    0.08536402
   -0.32428908
    0.01849933
    0.01941550
    0.04331068
    0.04154875
    0.21411493
    0.04685164
    0.01932809
    0.01933462
    0.04596102
    0.04175917
    0.04169456
    0.21427760
    0.04679683
   -0.02977650
   -0.03067881
   -0.03011462
   -0.03001315
   -0.03068753
   -0.02972172
   -0.05479945
   -0.05325938
    0.08580652
    0.01319842
    0.06324888
   -0.04980531
   -0.05201931
    0.06419000
   -0.08164151
   -0.05303537
    0.08494341
   -0.05483510
   -0.05331516
    0.08595371
   -0.32316811
    0.01294174
    0.06334889
   -0.04979501
   -0.05198917
    0.06404271
   -0.08162462
   -0.05302341
    0.08498639
   -0.32311473
    0.01861271
    0.01900836
    0.04286121
    0.04120656
    0.21475656
    0.04768505
    0.01860156
    0.01893049
    0.04255822
    0.04121848
    0.21467432
    0.04770235
   -0.05483231
   -0.05336690
    0.08610895
    0.01293425
    0.06350492
   -0.04976255
   -0.05195298
    0.06394044
   -0.08127612
   -0.05313245
    0.08511547
   -0.05470960
   -0.05337337
    0.08596857
   -0.32339695
    0.01318521
    0.06329450
   -0.04972848
   -0.05189564
    0.06414653
   -0.08134790
   -0.05320942
    0.08494048
   -0.32348398
    0.01860152
    0.01898827
    0.04263153
    0.04129788
    0.21438051
    0.04764035
    0.01868706
    0.01963451
    0.04293531
    0.04132559
    0.21457571
    0.04761691
