           1           2   1.7159445366559303     
           2           3   1.1218520182135403     
           3           4   1.2473210797193333     
           4           5   1.2528258217391839     
           5           6   1.2365408879601134     
           6           7   1.5928682493647379     
           7           8   1.2235979249328961     
           5           9   1.2250150918123108     
           8           9   1.2029178997223882     
           8          10   1.3438634771268083     
          10          11   1.3575511889284133     
          11          12   1.1067021614488459     
          12          13   1.7309661139821615     
          13          14   1.1088822130097571     
          11          15   1.3238485567655445     
          14          15   1.3253672590603247     
          14          16   1.3536652672443961     
          16          17   1.3464791414512152     
          17          18   1.2156729347658266     
          18          19   1.6081319156019349     
          19          20   1.2150696798025000     
          17          21   1.2099272352325510     
          20          21   1.2109877782560465     
          20          22   1.3424644798806538     
           1          23   1.1153017989252443     
          22          23   1.3657011686444074     
           3          24   1.3608760882073727     
          23          24   1.2999535736797925     
           1          25  0.97277566076942801     
           2          26  0.96854115997702050     
           6          27  0.96912694693393331     
           7          28  0.97291515194595579     
           9          29  0.89978792075666658     
          10          30  0.96367216677611101     
          12          31  0.97274467187412261     
          13          32  0.97279979787692417     
          16          33  0.96477968109824053     
          18          34  0.97290996902770666     
          19          35  0.97283888843747568     
          21          36  0.90012623707043327     
          22          37  0.96353311710217415     
          38          39   1.7168424496273504     
          39          40   1.1210428425607475     
          40          41   1.2511914168269116     
          41          42   1.2546223909725864     
          42          43   1.2354923574599925     
          43          44   1.5937889828921299     
          44          45   1.2232685633769016     
          42          46   1.2243966853068906     
          45          46   1.2029399861881676     
          45          47   1.3441370819991927     
          47          48   1.3574974946029155     
          48          49   1.1067907741229088     
          49          50   1.7310217517381679     
          50          51   1.1087066957479275     
          48          52   1.3238243285895650     
          51          52   1.3256100713552805     
          51          53   1.3535810410086959     
          53          54   1.3468521883110118     
          54          55   1.2153673481362985     
          55          56   1.6085321479063046     
          56          57   1.2148577610976388     
          54          58   1.2098731962516422     
          57          58   1.2107074939272287     
          57          59   1.3432363558509011     
          38          60   1.1149112335208535     
          59          60   1.3646184986983638     
          40          61   1.3586887128516925     
          60          61   1.3017248193835316     
          38          62  0.97278576504205028     
          39          63  0.97013447188891000     
          43          64  0.97035629362284481     
          44          65  0.97290847375223533     
          46          66  0.90013066098847638     
          47          67  0.96374489042864653     
          49          68  0.97274703453625022     
          50          69  0.97279799728896643     
          53          70  0.96473114918939651     
          55          71  0.97290397334227985     
          56          72  0.97283973538143842     
          58          73  0.90050248235188335     
          59          74  0.96361505290202454     
           4          75   1.1799149163245519     
          75          76   2.5638320255602753     
          77          78   2.5579436345500506     
          41          80   1.1737440808557180     
          79          80   2.5682743058834827     
          81          82   1.7150923189954339     
          82          83   1.1239337037190407     
          76          84   1.1828694029419475     
          83          84   1.2463685985747377     
          84          85   1.2483515532564182     
          85          86   1.2404667195250931     
          86          87   1.5881298758098512     
          87          88   1.2270890098841283     
          85          89   1.2257183562956970     
          88          89   1.2043846507313978     
          88          90   1.3354428826616334     
          90          91   1.3713525032023681     
          91          92   1.1151979191089962     
          92          93   1.7149735375771766     
          93          94   1.1238704735279756     
          91          95   1.2953508795245996     
          94          95   1.3625870158362878     
          77          96   1.1866955916256663     
          94          96   1.2440494311189481     
          96          97   1.2470536147604954     
          97          98   1.2408292278539617     
          98          99   1.5878631198419015     
          99         100   1.2271398166847216     
          97         101   1.2262877730420936     
         100         101   1.2038306911884695     
         100         102   1.3362072358603807     
          81         103   1.1151335420531996     
         102         103   1.3701393885473363     
          83         104   1.3605620084839436     
         103         104   1.2968137716970578     
          81         105  0.97276176322033636     
          82         106  0.96903217734168279     
          86         107  0.96898120179006186     
          87         108  0.97291461517238031     
          89         109  0.89628739914229283     
          90         110  0.96290549831359384     
          92         111  0.97276077077202705     
          93         112  0.96855671220929351     
          98         113  0.96867726259758835     
          99         114  0.97291863664044742     
         101         115  0.89643065806348787     
         102         116  0.96290944142457247     
         117         118   1.7152076656077839     
         118         119   1.1234356144146194     
          78         120   1.1862496193086793     
         119         120   1.2441560520192321     
         120         121   1.2475092899364657     
         121         122   1.2404548046411568     
         122         123   1.5881327317292846     
         123         124   1.2271566758148218     
         121         125   1.2262118499581811     
         124         125   1.2033758292948267     
         124         126   1.3368467787721485     
         126         127   1.3693295788163036     
         127         128   1.1147886994300193     
         128         129   1.7160965191818016     
         129         130   1.1228228666905102     
         127         131   1.2981056003655245     
         130         131   1.3590475343870756     
          79         132   1.1766437409617034     
         130         132   1.2493660275839811     
         132         133   1.2510292151279221     
         133         134   1.2392298089662421     
         134         135   1.5890878097529972     
         135         136   1.2268175058910193     
         133         137   1.2248813673711487     
         136         137   1.2042381512588105     
         136         138   1.3358197736751229     
         117         139   1.1151984875262027     
         138         139   1.3711581037793339     
         119         140   1.3628690186370105     
         139         140   1.2954524350774788     
         117         141  0.97275738875233009     
         118         142  0.96828162344436608     
         122         143  0.96886508779905001     
         123         144  0.97291886881812228     
         125         145  0.89764907784501791     
         126         146  0.96303667799207027     
         128         147  0.97275929781168124     
         129         148  0.97020728579142879     
         134         149  0.97058504156162073     
         135         150  0.97291256245999536     
         137         151  0.89755654794478645     
         138         152  0.96303249138869007     
