    0.10390530
   -0.05301815
   -0.05136279
    0.07262409
    0.01741692
    0.07264439
   -0.05133032
   -0.05302184
    0.07182947
   -0.13123972
   -0.04997056
    0.07293679
   -0.05210463
   -0.05219633
    0.07324876
   -0.12965389
   -0.05170111
    0.07325213
   -0.05220043
   -0.05210506
    0.07292966
   -0.12965677
   -0.04995945
    0.07182174
   -0.13122068
    0.03430190
    0.03629972
    0.03632721
    0.03429456
    0.04990995
    0.03479905
    0.03470167
    0.04929553
    0.03470082
    0.03479783
    0.04991584
    0.10389173
   -0.05301563
   -0.05135800
    0.07260688
    0.01741650
    0.07263902
   -0.05133156
   -0.05301546
    0.07183755
   -0.13125878
   -0.04998979
    0.07294039
   -0.05210758
   -0.05219284
    0.07324517
   -0.12965502
   -0.05171210
    0.07324982
   -0.05220077
   -0.05210405
    0.07293625
   -0.12965893
   -0.04998814
    0.07184201
   -0.13123281
    0.03430846
    0.03633804
    0.03634031
    0.03430024
    0.04990085
    0.03479573
    0.03470102
    0.04929096
    0.03469855
    0.03479775
    0.04990957
   -0.02116456
   -0.00972359
   -0.00948928
   -0.02137064
   -0.02110928
   -0.00953345
   -0.00946224
   -0.02116002
   -0.02108218
   -0.00945969
   -0.00943865
   -0.02109926
   -0.02110354
   -0.00943874
   -0.00946013
   -0.02108148
   -0.02117128
   -0.00946138
   -0.00954207
   -0.02111730
   -0.02133759
   -0.00946383
   -0.00970853
   -0.02112958
    0.10336110
   -0.05295758
   -0.05144080
    0.07291079
    0.01749396
    0.07293265
   -0.05142024
   -0.05295715
    0.07166581
   -0.13195595
   -0.04795641
    0.07164016
   -0.05293767
   -0.05145310
    0.07296997
   -0.13195513
    0.01739718
    0.07296169
   -0.05146383
   -0.05293675
    0.07163528
   -0.13195435
   -0.04794929
    0.07165656
   -0.13192425
    0.03414845
    0.03602035
    0.03605594
    0.03413825
    0.05030719
    0.03416479
    0.03603359
    0.03603746
    0.03416396
    0.05031324
    0.10320795
   -0.05293595
   -0.05145297
    0.07296909
    0.01748378
    0.07296183
   -0.05145446
   -0.05293550
    0.07164385
   -0.13190793
   -0.04785829
    0.07163983
   -0.05293114
   -0.05145530
    0.07296327
   -0.13188546
    0.01745987
    0.07296512
   -0.05145551
   -0.05293207
    0.07163506
   -0.13187406
   -0.04785236
    0.07163831
   -0.13190081
    0.03417780
    0.03603816
    0.03603689
    0.03418139
    0.05036764
    0.03418897
    0.03603624
    0.03603809
    0.03418903
    0.05036664
    0.10315470
   -0.05293018
   -0.05144116
    0.07297363
    0.01748538
    0.07295564
   -0.05146103
   -0.05293109
    0.07164457
   -0.13187317
   -0.04784175
    0.07164621
   -0.05293254
   -0.05143402
    0.07297588
   -0.13188861
    0.01748717
    0.07295015
   -0.05146670
   -0.05293023
    0.07164347
   -0.13186456
   -0.04783684
    0.07164452
   -0.13188675
    0.03418824
    0.03603737
    0.03604050
    0.03419715
    0.05038020
    0.03418861
    0.03603764
    0.03604167
    0.03419710
    0.05038188
    0.10321959
   -0.05293117
   -0.05144465
    0.07296217
    0.01745582
    0.07296669
   -0.05146253
   -0.05293092
    0.07163855
   -0.13189031
   -0.04785561
    0.07164118
   -0.05293505
   -0.05144729
    0.07296990
   -0.13191063
    0.01748526
    0.07295546
   -0.05145458
   -0.05293770
    0.07164491
   -0.13190091
   -0.04786309
    0.07163942
   -0.13187825
    0.03418732
    0.03603062
    0.03604321
    0.03419021
    0.05036516
    0.03417611
    0.03604158
    0.03603670
    0.03418246
    0.05036683
    0.10335329
   -0.05293620
   -0.05144439
    0.07296418
    0.01738822
    0.07296380
   -0.05146224
   -0.05293591
    0.07164072
   -0.13195997
   -0.04797368
    0.07167180
   -0.05295098
   -0.05144156
    0.07290115
   -0.13193879
    0.01749214
    0.07291194
   -0.05141650
   -0.05295607
    0.07168083
   -0.13196229
   -0.04798032
    0.07164454
   -0.13195427
    0.03416468
    0.03602939
    0.03604426
    0.03416504
    0.05030696
    0.03415508
    0.03606621
    0.03606254
    0.03414470
    0.05030077
