           2           3   1.6417093668360345     
           3           4   1.1831717840757627     
           4           5   1.2575158227351824     
           5           6   1.2577707184916291     
           6           7   1.1831438564964161     
           7           8   1.6417242833601886     
           8           9   1.1741810778044726     
           1          10  0.72200019207835986     
           6          10   1.2612085336909500     
           9          10   1.2276458748891350     
           9          11   1.3593148010123164     
          11          12   1.3585420343731864     
          12          13   1.1657338045442083     
          13          14   1.6573218431494903     
          14          15   1.1651530997586252     
           1          16  0.72388506984296985     
          12          16   1.2387446310797117     
          15          16   1.2417472771006910     
          15          17   1.3576641370866385     
          17          18   1.3575807502800497     
          18          19   1.1651759866683087     
          19          20   1.6572824018974472     
          20          21   1.1657681600519496     
           1          22  0.72386537908663384     
          18          22   1.2418037821226697     
          21          22   1.2386968935656408     
          21          23   1.3585539922255307     
           2          24   1.1741988864099651     
          23          24   1.3593380013050029     
           1          25  0.72194875344179055     
           4          25   1.2612886180748633     
          24          25   1.2275981390554058     
           2          26  0.97197914227415949     
           3          27  0.97019421899054237     
           7          28  0.97019587961602971     
           8          29  0.97198075984017285     
          11          30  0.96325873560373387     
          13          31  0.97188007395807152     
          14          32  0.97190768750619883     
          17          33  0.96355544725479281     
          19          34  0.97190857961404276     
          20          35  0.97187920552286289     
          23          36  0.96325469414495957     
          38          39   1.6418334402188925     
          39          40   1.1830422753294645     
          40          41   1.2578998777007604     
          41          42   1.2580062169910977     
          42          43   1.1830649568294078     
          43          44   1.6418320488212410     
          44          45   1.1741262333711411     
          37          46  0.72204842191688068     
          42          46   1.2611252386085985     
          45          46   1.2276079132740920     
          45          47   1.3593972062417687     
          47          48   1.3584990088496778     
          48          49   1.1657654546934593     
          49          50   1.6573100614870406     
          50          51   1.1651522587413818     
          37          52  0.72394967953760769     
          48          52   1.2387770117758370     
          51          52   1.2416567171783017     
          51          53   1.3577249750949494     
          53          54   1.3575679413784809     
          54          55   1.1651774209761210     
          55          56   1.6573185378301720     
          56          57   1.1657214816895867     
          37          58  0.72390212992349290     
          54          58   1.2418182271481655     
          57          58   1.2386503261251247     
          57          59   1.3586495391233657     
          38          60   1.1741602095388273     
          59          60   1.3592351513030321     
          37          61  0.72201153928103812     
          40          61   1.2610247721261589     
          60          61   1.2277486674767326     
          38          62  0.97197759613307833     
          39          63  0.97018560836287993     
          43          64  0.97019047969535388     
          44          65  0.97198024263362992     
          47          66  0.96325628925208062     
          49          67  0.97188029002340270     
          50          68  0.97190810040179609     
          53          69  0.96355292183108088     
          55          70  0.97190903365592662     
          56          71  0.97188033445524402     
          59          72  0.96325570578275688     
           5          73   1.1778214672228857     
          73          74   2.4780665977830600     
          74          75   1.3002958601773882     
          73          76  0.20387718113083825     
          75          76   2.4765124952478268     
          77          78   2.4739000569198817     
          78          79   1.3024458133628096     
          77          80  0.20350398332132613     
          79          80   2.4738124633306162     
          81          82   2.4737397588414289     
          82          83   1.3024695793965451     
          81          84  0.20341207810497280     
          83          84   2.4737216409093437     
          85          86   2.4737385334289068     
          86          87   1.3024508554687788     
          85          88  0.20340876809834377     
          87          88   2.4737691477591937     
          89          90   2.4739066807532013     
          90          91   1.3023696547634611     
          89          92  0.20349570492435654     
          91          92   2.4740084888581473     
          93          94   2.4770416662435535     
          94          95   1.2997163377008254     
          41          96   1.1772003344441317     
          93          96  0.20373882730315357     
          95          96   2.4785659021473796     
          98          99   1.6409214305687159     
          99         100   1.1833810286959854     
          76         101   1.1798700966749973     
         100         101   1.2553312126976668     
         101         102   1.2555506606147331     
         102         103   1.1833554924175347     
         103         104   1.6409397211132848     
         104         105   1.1749892008053333     
          97         106  0.71826716037406968     
         102         106   1.2640451593766655     
         105         106   1.2262913819001757     
         105         107   1.3590520724118675     
         107         108   1.3591395257012999     
         108         109   1.1750774073988821     
         109         110   1.6407184802821733     
         110         111   1.1835520911784716     
          97         112  0.71814439561199894     
         108         112   1.2261443040278908     
         111         112   1.2643352106432060     
          77         113   1.1811438357865065     
         111         113   1.2548342000464323     
         113         114   1.2547397933028170     
         114         115   1.1835561364898535     
         115         116   1.6407172264803176     
         116         117   1.1750792976663056     
          97         118  0.71809850842378464     
         114         118   1.2643770317564464     
         117         118   1.2261373111196860     
         117         119   1.3591453909883562     
          98         120   1.1750111024080856     
         119         120   1.3590623170269955     
          97         121  0.71828259786790505     
         100         121   1.2640936837294290     
         120         121   1.2262428850607079     
          98         122  0.97197988401682411     
          99         123  0.97022910678674545     
         103         124  0.97022316859926561     
         104         125  0.97198081996819075     
         107         126  0.96300508971199317     
         109         127  0.97198084658514983     
         110         128  0.97022808016144702     
         115         129  0.97022900833010595     
         116         130  0.97197974808750398     
         119         131  0.96300255887794650     
         133         134   1.6407015133360128     
         134         135   1.1835653026511546     
          80         136   1.1812694060010251     
         135         136   1.2546790838064334     
         136         137   1.2546938125979579     
         137         138   1.1835558658105940     
         138         139   1.6407200656039818     
         139         140   1.1750799082820822     
         132         141  0.71797539371225627     
         137         141   1.2644622328656672     
         140         141   1.2261729603109330     
         140         142   1.3590677654986492     
         142         143   1.3590693865622647     
         143         144   1.1750854317281125     
         144         145   1.6406810613228506     
         145         146   1.1836064221120095     
         132         147  0.71806535833883656     
         143         147   1.2261598921008883     
         146         147   1.2644103510426921     
          81         148   1.1812972797538761     
         146         148   1.2546763636442302     
         148         149   1.2546247471556089     
         149         150   1.1836000189468456     
         150         151   1.6406734840602941     
         151         152   1.1751076644463507     
         132         153  0.71806718623838273     
         149         153   1.2644745144046603     
         152         153   1.2261281296065674     
         152         154   1.3590701587084628     
         133         155   1.1750955618269283     
         154         155   1.3590752422312735     
         132         156  0.71801298564537008     
         135         156   1.2644817086816591     
         155         156   1.2261398293161934     
         133         157  0.97198059757778643     
         134         158  0.97022914965324014     
         138         159  0.97023179947651628     
         139         160  0.97198061136550140     
         142         161  0.96299540035863862     
         144         162  0.97197792874330469     
         145         163  0.97023013831441940     
         150         164  0.97023140384733420     
         151         165  0.97197911791628144     
         154         166  0.96299493016522242     
         168         169   1.6406927250074403     
         169         170   1.1835953739142362     
          84         171   1.1813261140284848     
         170         171   1.2547048974298314     
         171         172   1.2545707370639489     
         172         173   1.1836011353308822     
         173         174   1.6406916141675099     
         174         175   1.1750861378953088     
         167         176  0.71798973853736126     
         172         176   1.2644874009953655     
         175         176   1.2261538803667482     
         175         177   1.3590674291936051     
         177         178   1.3590404352182648     
         178         179   1.1750690232423346     
         179         180   1.6406917494271627     
         180         181   1.1836002549140967     
         167         182  0.71800973920363353     
         178         182   1.2262004073965409     
         181         182   1.2644217543623559     
          85         183   1.1813168079587943     
         181         183   1.2547584376466463     
         183         184   1.2545250909375878     
         184         185   1.1836069976781411     
         185         186   1.6406859476171940     
         186         187   1.1750939890612004     
         167         188  0.71798621743199120     
         184         188   1.2645079918704383     
         187         188   1.2261500052221217     
         187         189   1.3590591921079942     
         168         190   1.1750729573655536     
         189         190   1.3590469999126438     
         167         191  0.71798432128584411     
         170         191   1.2644590458703622     
         190         191   1.2261896085010409     
         168         192  0.97197936405549246     
         169         193  0.97022965099725100     
         173         194  0.97023452862000492     
         174         195  0.97197885038745213     
         177         196  0.96299224719094512     
         179         197  0.97197923053119939     
         180         198  0.97022909196536855     
         185         199  0.97023489805875840     
         186         200  0.97197880817768856     
         189         201  0.96299213012047491     
         203         204   1.6407095980514677     
         204         205   1.1835852508760891     
          88         206   1.1812800473966090     
         205         206   1.2547007142647075     
         206         207   1.2546162178210860     
         207         208   1.1836085659460498     
         208         209   1.6406644318928238     
         209         210   1.1751130354128043     
         202         211  0.71803639446980216     
         207         211   1.2644660957691047     
         210         211   1.2261253966598940     
         210         212   1.3590762637961427     
         212         213   1.3590720333471096     
         213         214   1.1750951967033447     
         214         215   1.6406936652141040     
         215         216   1.1835779904275641     
         202         217  0.71800872170051799     
         213         217   1.2261471861249980     
         216         217   1.2644575055661900     
          89         218   1.1812279545522197     
         216         218   1.2547184376998384     
         218         219   1.2547010194062784     
         219         220   1.1835466584344274     
         220         221   1.6407343747355334     
         221         222   1.1750707797928885     
         202         223  0.71799448866806903     
         219         223   1.2644481569813493     
         222         223   1.2261876330255261     
         222         224   1.3590538920049078     
         203         225   1.1750674292388621     
         224         225   1.3590760596037830     
         202         226  0.71808036712192014     
         205         226   1.2644168921678083     
         225         226   1.2261673941069124     
         203         227  0.97197778319303119     
         204         228  0.97023129718008960     
         208         229  0.97023097040743000     
         209         230  0.97197886155230495     
         212         231  0.96299312096767353     
         214         232  0.97197988056871287     
         215         233  0.97023021535465515     
         220         234  0.97023084262711667     
         221         235  0.97198111151129007     
         224         236  0.96299677715993104     
         238         239   1.6407563051649459     
         239         240   1.1835375109601263     
          92         241   1.1810802197296968     
         240         241   1.2548632837314171     
         241         242   1.2548043049684043     
         242         243   1.1835403097402493     
         243         244   1.6407380812180956     
         244         245   1.1750659146651898     
         237         246  0.71813832318617221     
         242         246   1.2643297815458288     
         245         246   1.2261290649989554     
         245         247   1.3591642759068707     
         247         248   1.3590541442051574     
         248         249   1.1749433581223392     
         249         250   1.6410546400401196     
         250         251   1.1832578113610794     
         237         252  0.71833159103366107     
         248         252   1.2263028769326592     
         251         252   1.2639298297157513     
          93         253   1.1792290346701111     
         251         253   1.2556584849453845     
         253         254   1.2558381257843301     
         254         255   1.1832907150204108     
         255         256   1.6410165905435528     
         256         257   1.1749582616715597     
         237         258  0.71833847629521941     
         254         258   1.2638399002912402     
         257         258   1.2263758053466813     
         257         259   1.3589937691554470     
         238         260   1.1750443988242132     
         259         260   1.3591825448074273     
         237         261  0.71820222693304858     
         240         261   1.2642945300040203     
         260         261   1.2261389256101791     
         238         262  0.97198059253593561     
         239         263  0.97022878149024638     
         243         264  0.97023051900453872     
         244         265  0.97197972381128117     
         247         266  0.96300234744517821     
         249         267  0.97197766532756602     
         250         268  0.97021411569846050     
         255         269  0.97022510760378555     
         256         270  0.97198113818048615     
         259         271  0.96300661129737331     
