    0.24466943
   -0.05202721
   -0.05043785
    0.07733052
    0.01661248
    0.07726236
   -0.05050976
   -0.05202195
    0.07563743
   -0.17707260
   -0.04982179
    0.07687206
   -0.05104121
   -0.05119835
    0.07740637
   -0.17486160
   -0.05162638
    0.07741671
   -0.05118766
   -0.05104204
    0.07688727
   -0.17496777
   -0.04982955
    0.07563467
   -0.17701055
    0.03358930
    0.03575179
    0.03575202
    0.03360246
    0.04911700
    0.03418512
    0.03409181
    0.04843352
    0.03407888
    0.03417444
    0.04909866
   -0.01961556
   -0.01073979
   -0.00259185
   -0.00259047
   -0.01074357
   -0.01962339
    0.24469831
   -0.05202042
   -0.05047280
    0.07729834
    0.01660953
    0.07729331
   -0.05046469
   -0.05202102
    0.07564848
   -0.17708823
   -0.04982941
    0.07689961
   -0.05104070
   -0.05119225
    0.07741191
   -0.17494203
   -0.05161620
    0.07741808
   -0.05119535
   -0.05104383
    0.07687144
   -0.17494712
   -0.04981373
    0.07561483
   -0.17696944
    0.03360740
    0.03574299
    0.03574917
    0.03359196
    0.04910713
    0.03417831
    0.03408180
    0.04843398
    0.03408059
    0.03417165
    0.04910497
