           2           3   1.6501589868961886     
           3           4   1.1795738388454988     
           4           5   1.2511972341560764     
           5           6   1.2507023859845487     
           6           7   1.1796743350227996     
           7           8   1.6501047924365078     
           8           9   1.1712891703153610     
           1          10  0.48887003140068608     
           6          10   1.2857621798594034     
           9          10   1.2469282786826359     
           9          11   1.3572370812002892     
          11          12   1.3542398686000343     
          12          13   1.1627585107932152     
          13          14   1.6656615395663836     
          14          15   1.1620436224908397     
           1          16  0.49152177750331527     
          12          16   1.2607351253421615     
          15          16   1.2632619862107783     
          15          17   1.3540939291423941     
          17          18   1.3541263552774270     
          18          19   1.1620121262761687     
          19          20   1.6657075301201738     
          20          21   1.1627027732715278     
           1          22  0.49120746339777099     
          18          22   1.2632839703472056     
          21          22   1.2608711095655829     
          21          23   1.3541710236234217     
           2          24   1.1712750179696096     
          23          24   1.3573195558550673     
           1          25  0.48922025888896181     
           4          25   1.2857158839301883     
          24          25   1.2468331185805765     
           2          26  0.97243565013333000     
           3          27  0.97087872620578997     
           7          28  0.97092042452522653     
           8          29  0.97243436690114371     
          11          30  0.96391566934140849     
          13          31  0.97234310334435492     
          14          32  0.97236359530944660     
          17          33  0.96425595874364967     
          19          34  0.97236526981654137     
          20          35  0.97234681772271569     
          23          36  0.96391658613424214     
           5          37   1.1867054219264808     
          37          38   2.4441568753857421     
          38          39   1.3310054875542492     
          37          40  0.19301219776159909     
          39          40   2.3592138303404329     
          40          41   1.3309676888155293     
          39          42  0.19297058499588920     
          41          42   2.4441007088460922     
          44          45   1.6499727094724808     
          45          46   1.1797557654043023     
          42          47   1.1867872799965740     
          46          47   1.2507376246771083     
          47          48   1.2510182199994884     
          48          49   1.1796139880180332     
          49          50   1.6501485034473431     
          50          51   1.1712276140120235     
          43          52  0.48897318509999671     
          48          52   1.2857034563318770     
          51          52   1.2469438570325093     
          51          53   1.3572807755781007     
          53          54   1.3541542216686293     
          54          55   1.1626553155822710     
          55          56   1.6657705037908577     
          56          57   1.1619597679866696     
          43          58  0.49115510025592735     
          54          58   1.2609277829107057     
          57          58   1.2632857287633712     
          57          59   1.3541676416508381     
          59          60   1.3540317554021097     
          60          61   1.1620511114746694     
          61          62   1.6656434852915165     
          62          63   1.1627584571452294     
          43          64  0.49126230537412108     
          60          64   1.2633228889548735     
          63          64   1.2608216531358658     
          63          65   1.3541475546159563     
          44          66   1.1713955950757067     
          65          66   1.3573247536827364     
          43          67  0.48936670974182200     
          46          67   1.2857487714398179     
          66          67   1.2466918943795571     
          44          68  0.97243352215189205     
          45          69  0.97090078072365471     
          49          70  0.97090777088744107     
          50          71  0.97243410444243750     
          53          72  0.96392201550025558     
          55          73  0.97234483517753878     
          56          74  0.97236370228580349     
          59          75  0.96425807234590133     
          61          76  0.97236625637422669     
          62          77  0.97234624374100764     
          65          78  0.96391472503006059     
