    0.19883858
   -0.05052462
   -0.04899398
    0.07876923
    0.01676021
    0.07878914
   -0.04896226
   -0.05052629
    0.07722453
   -0.17155161
   -0.04946068
    0.07855038
   -0.04950148
   -0.04967886
    0.07922024
   -0.16975605
   -0.05125175
    0.07921991
   -0.04968009
   -0.04950202
    0.07854793
   -0.16975245
   -0.04945296
    0.07721839
   -0.17152697
    0.03475141
    0.03678364
    0.03678564
    0.03474068
    0.05023385
    0.03541318
    0.03533169
    0.04951716
    0.03533197
    0.03541260
    0.05024027
    0.19881294
   -0.05052301
   -0.04898087
    0.07876736
    0.01676571
    0.07877732
   -0.04895160
   -0.05052294
    0.07724000
   -0.17156287
   -0.04948595
    0.07854989
   -0.04950178
   -0.04967361
    0.07922173
   -0.16975291
   -0.05125793
    0.07922129
   -0.04967412
   -0.04950218
    0.07855008
   -0.16975098
   -0.04947998
    0.07723717
   -0.17155448
    0.03475365
    0.03677800
    0.03677737
    0.03474520
    0.05022638
    0.03541146
    0.03533178
    0.04951073
    0.03533133
    0.03541143
    0.05023154
   -0.01918758
   -0.00963794
   -0.00187277
   -0.00166571
   -0.00974994
   -0.01887144
   -0.01896702
   -0.00960893
   -0.00174755
   -0.00168858
   -0.00966165
   -0.01890547
   -0.01894461
   -0.00962166
   -0.00171578
   -0.00170855
   -0.00962985
   -0.01893719
   -0.01893699
   -0.00963195
   -0.00170934
   -0.00171760
   -0.00962414
   -0.01894416
   -0.01891017
   -0.00966328
   -0.00169509
   -0.00175053
   -0.00961430
   -0.01897539
   -0.01882681
   -0.00972731
   -0.00163191
   -0.00183737
   -0.00961919
   -0.01914048
    0.20090286
   -0.05052916
   -0.04934673
    0.07914326
    0.01664523
    0.07917504
   -0.04930277
   -0.05053083
    0.07666909
   -0.17315766
   -0.04722329
    0.07666297
   -0.05053434
   -0.04930723
    0.07917268
   -0.17310805
    0.01676920
    0.07917402
   -0.04930026
   -0.05053663
    0.07666546
   -0.17311872
   -0.04721720
    0.07666810
   -0.17313973
    0.03420159
    0.03601186
    0.03601243
    0.03419116
    0.05040133
    0.03422600
    0.03611430
    0.03611676
    0.03422327
    0.05040606
    0.20114947
   -0.05051427
   -0.04930835
    0.07918342
    0.01668089
    0.07917618
   -0.04932324
   -0.05051698
    0.07663331
   -0.17307311
   -0.04718284
    0.07663734
   -0.05052048
   -0.04929824
    0.07918151
   -0.17306876
    0.01672411
    0.07916541
   -0.04931512
   -0.05051970
    0.07663619
   -0.17306159
   -0.04718105
    0.07663424
   -0.17308280
    0.03423857
    0.03609279
    0.03609369
    0.03424349
    0.05044974
    0.03424606
    0.03611557
    0.03611904
    0.03425075
    0.05044871
    0.20121879
   -0.05051550
   -0.04930882
    0.07917192
    0.01670041
    0.07918355
   -0.04930992
   -0.05051701
    0.07663308
   -0.17305691
   -0.04718166
    0.07663399
   -0.05051677
   -0.04930492
    0.07918183
   -0.17305518
    0.01670208
    0.07917758
   -0.04931461
   -0.05051485
    0.07663496
   -0.17305674
   -0.04718140
    0.07663475
   -0.17305098
    0.03425877
    0.03611744
    0.03612227
    0.03425768
    0.05046217
    0.03425671
    0.03611688
    0.03612412
    0.03426021
    0.05046394
    0.20114291
   -0.05052052
   -0.04929657
    0.07917975
    0.01671911
    0.07916783
   -0.04932036
   -0.05051909
    0.07663722
   -0.17306359
   -0.04717942
    0.07663723
   -0.05051660
   -0.04930253
    0.07918377
   -0.17307938
    0.01668173
    0.07917085
   -0.04932906
   -0.05051639
    0.07663576
   -0.17307253
   -0.04717907
    0.07664088
   -0.17307392
    0.03424428
    0.03611160
    0.03612278
    0.03425112
    0.05044721
    0.03423627
    0.03609033
    0.03609758
    0.03424434
    0.05044720
    0.20088087
   -0.05053168
   -0.04930343
    0.07916776
    0.01676243
    0.07917966
   -0.04929091
   -0.05053493
    0.07666904
   -0.17311505
   -0.04724542
    0.07668579
   -0.05052787
   -0.04933197
    0.07914033
   -0.17315845
    0.01665314
    0.07916399
   -0.04929573
   -0.05053010
    0.07669063
   -0.17317793
   -0.04724971
    0.07666949
   -0.17310774
    0.03422834
    0.03611667
    0.03612113
    0.03422366
    0.05039803
    0.03420501
    0.03600637
    0.03600676
    0.03419603
    0.05039566
