           2           3   1.6498962018391334     
           3           4   1.1752377568300436     
           4           5   1.2482202080151934     
           5           6   1.2484864690911814     
           6           7   1.1752440002519522     
           7           8   1.6498816074646785     
           8           9   1.1671553474921232     
           1          10  0.53375483341944474     
           6          10   1.2881191229257536     
           9          10   1.2485015176772751     
           9          11   1.3549167049659474     
          11          12   1.3519477330277190     
          12          13   1.1581048067383299     
          13          14   1.6658279713940229     
          14          15   1.1576391183982664     
           1          16  0.53490711974681349     
          12          16   1.2628731001227784     
          15          16   1.2650500517508907     
          15          17   1.3515442986746820     
          17          18   1.3515331180031556     
          18          19   1.1576422997985860     
          19          20   1.6658146167171632     
          20          21   1.1581177416115407     
           1          22  0.53488023479168123     
          18          22   1.2650573561537679     
          21          22   1.2628790590686141     
          21          23   1.3519285113821689     
           2          24   1.1671618559588979     
          23          24   1.3549519867971298     
           1          25  0.53374611320628496     
           4          25   1.2882173138412227     
          24          25   1.2484381804353655     
           2          26  0.97228237815767959     
           3          27  0.97065901832742307     
           7          28  0.97066169356621879     
           8          29  0.97228382132932845     
          11          30  0.96377240110584372     
          13          31  0.97217536596432086     
          14          32  0.97219898928386439     
          17          33  0.96416270814496219     
          19          34  0.97219920648410751     
          20          35  0.97217528473106973     
          23          36  0.96377060994375618     
          38          39   1.6500073487142957     
          39          40   1.1751532327983323     
          40          41   1.2485675045226163     
          41          42   1.2487756592980772     
          42          43   1.1751663384834568     
          43          44   1.6499871137208122     
          44          45   1.1671008078440206     
          37          46  0.53367717478451315     
          42          46   1.2879515347477086     
          45          46   1.2486517452536474     
          45          47   1.3548460446525605     
          47          48   1.3519995732959020     
          48          49   1.1580787615297294     
          49          50   1.6658564223922103     
          50          51   1.1576376208377825     
          37          52  0.53495629317802695     
          48          52   1.2628757529843972     
          51          52   1.2650324399919826     
          51          53   1.3515577993570127     
          53          54   1.3515549022558415     
          54          55   1.1576309933715070     
          55          56   1.6658532575434197     
          56          57   1.1580841845110950     
          37          58  0.53489863679121108     
          54          58   1.2650430838755515     
          57          58   1.2628871846238972     
          57          59   1.3519821340771814     
          38          60   1.1670906702302071     
          59          60   1.3548887302193231     
          37          61  0.53364941421475509     
          40          61   1.2880361920610688     
          60          61   1.2485984220800881     
          38          62  0.97228192183397000     
          39          63  0.97064960235173103     
          43          64  0.97066281244613373     
          44          65  0.97228312657691285     
          47          66  0.96377348630947435     
          49          67  0.97217596368620274     
          50          68  0.97219869573056761     
          53          69  0.96416468697167501     
          55          70  0.97219919945474798     
          56          71  0.97217521453615974     
          59          72  0.96377144397825409     
           5          73   1.1883248356961169     
          73          74   2.4413575430047403     
          74          75   1.3331135912010454     
          73          76  0.19263123223482020     
          75          76   2.3553142388711281     
          76          77   1.3340539589102038     
          75          78  0.19243848059030144     
          77          78   2.4383761474798806     
          79          80   2.4363229973328919     
          80          81   1.3357679049091484     
          79          82  0.19209768696295132     
          81          82   2.3519570018184290     
          82          83   1.3358025273842105     
          81          84  0.19209775263303491     
          83          84   2.4362319561065808     
          85          86   2.4361549545891017     
          86          87   1.3358542807465044     
          85          88  0.19207551676698476     
          87          88   2.3518625696438491     
          88          89   1.3358412663937493     
          87          90  0.19206655341568113     
          89          90   2.4361730140097588     
          91          92   2.4361536259116732     
          92          93   1.3358555256731071     
          91          94  0.19206966931487396     
          93          94   2.3518456085644974     
          94          95   1.3358667697346185     
          93          96  0.19207824920809485     
          95          96   2.4361415167715448     
          97          98   2.4362934297661569     
          98          99   1.3357420176621320     
          97         100  0.19209764548012348     
          99         100   2.3520580079849807     
         100         101   1.3356999364970175     
          99         102  0.19210558515215703     
         101         102   2.4364221762185103     
         103         104   2.4390858835810101     
         104         105   1.3333508638159512     
         103         106  0.19235970079532971     
         105         106   2.3560701421784178     
         106         107   1.3324031832002416     
          41         108   1.1876627848527626     
         105         108  0.19254759580343223     
         107         108   2.4420812300897921     
         110         111   1.6489133584434961     
         111         112   1.1757312670627815     
          78         113   1.1913754608369607     
         112         113   1.2452243531270675     
         113         114   1.2455194787166706     
         114         115   1.1757173963281982     
         115         116   1.6489115253016364     
         116         117   1.1680632574872238     
         109         118  0.52841006107823385     
         114         118   1.2911795748770132     
         117         118   1.2476152818083883     
         117         119   1.3541108872185936     
         119         120   1.3539724662329966     
         120         121   1.1681544060356770     
         121         122   1.6487448336432107     
         122         123   1.1758617720545215     
         109         124  0.52821681751861216     
         120         124   1.2476182512238516     
         123         124   1.2913991107319660     
          79         125   1.1924300033028230     
         123         125   1.2448898339785852     
         125         126   1.2449443498801680     
         126         127   1.1758702499393623     
         127         128   1.6487376846818065     
         128         129   1.1681481492603889     
         109         130  0.52819265246376235     
         126         130   1.2913767185351510     
         129         130   1.2476427027571102     
         129         131   1.3539614057149238     
         110         132   1.1680724634012103     
         131         132   1.3541431915024393     
         109         133  0.52833190636017946     
         112         133   1.2912586438152553     
         132         133   1.2475664134007041     
         110         134  0.97232530016787699     
         111         135  0.97076066370787395     
         115         136  0.97075814144792882     
         116         137  0.97232717044893779     
         119         138  0.96349962499517827     
         121         139  0.97232663847293554     
         122         140  0.97075487428414253     
         127         141  0.97075204103343127     
         128         142  0.97232637536643629     
         131         143  0.96349724358488709     
         145         146   1.6486113436470176     
         146         147   1.1759433460174089     
          84         148   1.1925051990247146     
         147         148   1.2448791721650991     
         148         149   1.2447493170103676     
         149         150   1.1759524081924733     
         150         151   1.6486094880953759     
         151         152   1.1682488580794137     
         144         153  0.52866053128458246     
         149         153   1.2914072105932333     
         152         153   1.2473360346702813     
         152         154   1.3541248039944855     
         154         155   1.3539868192681579     
         155         156   1.1682724313934065     
         156         157   1.6485616602179833     
         157         158   1.1759871050319066     
         144         159  0.52860953654659548     
         155         159   1.2474439138704765     
         158         159   1.2913258081552090     
          85         160   1.1925565315669915     
         158         160   1.2448634394371414     
         160         161   1.2447386100970135     
         161         162   1.1760089248051360     
         162         163   1.6485501389120858     
         163         164   1.1682859200388873     
         144         165  0.52865682341810416     
         161         165   1.2913469794238384     
         164         165   1.2474086084363289     
         164         166   1.3540017531724293     
         145         167   1.1682444121743225     
         166         167   1.3541066235416996     
         144         168  0.52862307686758392     
         147         168   1.2913673489473769     
         167         168   1.2473717141704872     
         145         169  0.97232357359723331     
         146         170  0.97075575549637005     
         150         171  0.97075042976221149     
         151         172  0.97232321352980755     
         154         173  0.96348957239252986     
         156         174  0.97232369774432970     
         157         175  0.97075087800067139     
         162         176  0.97075356694917081     
         163         177  0.97232314252457341     
         166         178  0.96348898765825153     
         180         181   1.6485240873725264     
         181         182   1.1760115889719007     
          90         183   1.1925440103359188     
         182         183   1.2447935373465540     
         183         184   1.2448084946465032     
         184         185   1.1759915166097337     
         185         186   1.6485354221554900     
         186         187   1.1682897632798050     
         179         188  0.52896653729272780     
         184         188   1.2913326806174301     
         187         188   1.2473188098283079     
         187         189   1.3540742323640416     
         189         190   1.3540648718499857     
         190         191   1.1682913938994695     
         191         192   1.6485321353577240     
         192         193   1.1759937364576758     
         179         194  0.52893594932302501     
         190         194   1.2473302388912813     
         193         194   1.2913436696294895     
          91         195   1.1925595347732920     
         193         195   1.2448040750286746     
         195         196   1.2447892636170912     
         196         197   1.1760052307190987     
         197         198   1.6485265057274270     
         198         199   1.1682954662461360     
         179         200  0.52896782904350603     
         196         200   1.2913140631209763     
         199         200   1.2473282505902170     
         199         201   1.3540682493688405     
         180         202   1.1682940915002169     
         201         202   1.3540513268306618     
         179         203  0.52893762562911262     
         182         203   1.2913095179858691     
         202         203   1.2473503978097478     
         180         204  0.97232191699437287     
         181         205  0.97075675649784621     
         185         206  0.97074588253725702     
         186         207  0.97232171826185165     
         189         208  0.96348582017149820     
         191         209  0.97232212575887766     
         192         210  0.97074952567709227     
         197         211  0.97075251643004135     
         198         212  0.97232201449915556     
         201         213  0.96348583312630298     
         215         216   1.6485512190275631     
         216         217   1.1759844643950359     
          96         218   1.1925631357116795     
         217         218   1.2448699217230959     
         218         219   1.2447219286152422     
         219         220   1.1759808967268390     
         220         221   1.6485676572398660     
         221         222   1.1682840847735090     
         214         223  0.52869049919565170     
         219         223   1.2913809975732384     
         222         223   1.2473767345994180     
         222         224   1.3540298920033582     
         224         225   1.3540853013139180     
         225         226   1.1682561133577893     
         226         227   1.6486013048166193     
         227         228   1.1759416866434464     
         214         229  0.52864104404549028     
         225         229   1.2473809207482505     
         228         229   1.2913702279668442     
          97         230   1.1924841106116029     
         228         230   1.2449061965214763     
         230         231   1.2447412534790723     
         231         232   1.1759458280808017     
         232         233   1.6486097863483185     
         233         234   1.1682583835367728     
         214         235  0.52871598088159233     
         231         235   1.2914082058995497     
         234         235   1.2473150495642042     
         234         236   1.3541314021453015     
         215         237   1.1682850490425900     
         236         237   1.3539865756579932     
         214         238  0.52860735463364206     
         217         238   1.2913435034007685     
         237         238   1.2474381559572771     
         215         239  0.97232432387844525     
         216         240  0.97075329654211184     
         220         241  0.97075044592068926     
         221         242  0.97232291412603511     
         224         243  0.96349113204553760     
         226         244  0.97232408331183706     
         227         245  0.97075613706816510     
         232         246  0.97074923166436322     
         233         247  0.97232277917872934     
         236         248  0.96349091482713178     
         250         251   1.6487807005355619     
         251         252   1.1758533179220945     
         102         253   1.1923698886613057     
         252         253   1.2449223702734609     
         253         254   1.2450071173601271     
         254         255   1.1758449110569626     
         255         256   1.6487698827159880     
         256         257   1.1681280090926356     
         249         258  0.52838345711456924     
         254         258   1.2913520342263045     
         257         258   1.2476192467510852     
         257         259   1.3540189832781673     
         259         260   1.3540665530207805     
         260         261   1.1680092204347947     
         261         262   1.6490111188498786     
         262         263   1.1756513819622239     
         249         264  0.52837696528011768     
         260         264   1.2477160446405720     
         263         264   1.2910663936404667     
         103         265   1.1907228060895041     
         263         265   1.2455593604488144     
         265         266   1.2458129360714207     
         266         267   1.1756349877647223     
         267         268   1.6490101463271243     
         268         269   1.1680025739714903     
         249         270  0.52839925169518542     
         266         270   1.2910049319517065     
         269         270   1.2477646289861752     
         269         271   1.3540384239307861     
         250         272   1.1681173668728775     
         271         272   1.3540308871906386     
         249         273  0.52837528282172175     
         252         273   1.2913556320236037     
         272         273   1.2476173196632470     
         250         274  0.97232597474563964     
         251         275  0.97075503222728610     
         255         276  0.97075115753276675     
         256         277  0.97232642650571344     
         259         278  0.96349808770498213     
         261         279  0.97232470030954454     
         262         280  0.97075504854422168     
         267         281  0.97075505579456123     
         268         282  0.97232620874697495     
         271         283  0.96349971153631186     
