   -0.05476967
   -0.05308899
    0.08708518
    0.01178143
    0.06413994
   -0.04980561
   -0.05177193
    0.06429597
   -0.08105293
   -0.05491807
    0.08681395
   -0.05373184
   -0.05377177
    0.08649363
   -0.32083924
   -0.05665747
    0.06504847
   -0.05104591
   -0.05087148
    0.06565445
   -0.08087777
   -0.05491900
    0.08551112
   -0.32474597
    0.01856778
    0.02066653
    0.04325943
    0.04146973
    0.21410418
    0.04703934
    0.01951874
    0.01954379
    0.04623507
    0.04197395
    0.04191823
    0.21438853
    0.04705807
   -0.05477125
   -0.05311533
    0.08709512
    0.01178479
    0.06416747
   -0.04978717
   -0.05177512
    0.06427898
   -0.08102624
   -0.05490361
    0.08680269
   -0.05372974
   -0.05377513
    0.08650825
   -0.32084610
   -0.05665493
    0.06504688
   -0.05105190
   -0.05087352
    0.06565568
   -0.08084636
   -0.05490294
    0.08549960
   -0.32473158
    0.01857487
    0.02067991
    0.04324255
    0.04146644
    0.21408148
    0.04703580
    0.01952000
    0.01954177
    0.04624474
    0.04197725
    0.04192361
    0.21437712
    0.04706209
   -0.02167482
   -0.01137638
   -0.01046524
   -0.02252863
   -0.02179750
   -0.01076888
   -0.01052188
   -0.02203869
   -0.02190243
   -0.01056424
   -0.01056190
   -0.02187501
   -0.02204339
   -0.01050434
   -0.01075198
   -0.02180563
   -0.02255066
   -0.01047173
   -0.01138003
   -0.02169949
   -0.05455717
   -0.05294677
    0.08692823
    0.01232457
    0.06361357
   -0.05008172
   -0.05181631
    0.06399960
   -0.08106955
   -0.05269570
    0.08518210
   -0.05451755
   -0.05296841
    0.08708658
   -0.32403914
    0.01188228
    0.06372195
   -0.05022382
   -0.05176052
    0.06388615
   -0.08107152
   -0.05263336
    0.08519683
   -0.32393449
    0.01873705
    0.02075693
    0.04306503
    0.04133714
    0.21431061
    0.04777798
    0.01872938
    0.02062137
    0.04298860
    0.04136842
    0.21431329
    0.04782870
   -0.05451174
   -0.05294198
    0.08698050
    0.01214435
    0.06361049
   -0.05018137
   -0.05178807
    0.06399442
   -0.08109614
   -0.05252568
    0.08516807
   -0.05450616
   -0.05302688
    0.08699078
   -0.32379788
    0.01202773
    0.06367255
   -0.05013219
   -0.05177352
    0.06399048
   -0.08117283
   -0.05252865
    0.08517901
   -0.32378959
    0.01879625
    0.02068818
    0.04305602
    0.04139494
    0.21446223
    0.04792986
    0.01882767
    0.02073136
    0.04298368
    0.04136916
    0.21441996
    0.04790794
   -0.05450853
   -0.05303609
    0.08701831
    0.01202295
    0.06371302
   -0.05013271
   -0.05177161
    0.06395283
   -0.08111965
   -0.05253357
    0.08517062
   -0.05451761
   -0.05300120
    0.08697691
   -0.32380607
    0.01214104
    0.06366312
   -0.05013443
   -0.05178970
    0.06397344
   -0.08107378
   -0.05253215
    0.08516176
   -0.32381438
    0.01882758
    0.02072521
    0.04299755
    0.04137975
    0.21439482
    0.04791308
    0.01881527
    0.02073171
    0.04303755
    0.04138511
    0.21442352
    0.04791455
   -0.05451864
   -0.05304653
    0.08707886
    0.01188267
    0.06379434
   -0.05017363
   -0.05176800
    0.06386477
   -0.08103742
   -0.05262843
    0.08517802
   -0.05455628
   -0.05299832
    0.08693382
   -0.32393968
    0.01232753
    0.06367008
   -0.05005250
   -0.05182672
    0.06396644
   -0.08100521
   -0.05268273
    0.08516540
   -0.32403867
    0.01875345
    0.02066341
    0.04297282
    0.04135402
    0.21425836
    0.04781747
    0.01874702
    0.02075644
    0.04305213
    0.04133132
    0.21426846
    0.04778122
