           1           2   1.7164396698650382     
           2           3   1.1215548977047531     
           3           4   1.2429564762581884     
           4           5   1.2481311716744248     
           5           6   1.2372408245345010     
           6           7   1.5923947123787030     
           7           8   1.2240363708456954     
           5           9   1.2259978737456116     
           8           9   1.2019758328022168     
           8          10   1.3443985667288383     
          10          11   1.3570988217294411     
          11          12   1.1068161907039955     
          12          13   1.7309402276032850     
          13          14   1.1088504062222859     
          11          15   1.3240915825056532     
          14          15   1.3251505296336012     
          14          16   1.3538416088792773     
          16          17   1.3464306841557558     
          17          18   1.2157679747654162     
          18          19   1.6079186070786244     
          19          20   1.2153939006072485     
          17          21   1.2098091062847034     
          20          21   1.2112639424414351     
          20          22   1.3415956558619455     
           1          23   1.1150355693358125     
          22          23   1.3670261709428249     
           3          24   1.3624517423066220     
          23          24   1.2983975233118505     
           1          25  0.97278491658019806     
           2          26  0.97150946664642357     
           6          27  0.97187029339813202     
           7          28  0.97291928075219747     
           9          29  0.90002335374078501     
          10          30  0.96370597748593434     
          12          31  0.97274204117911511     
          13          32  0.97279040112302972     
          16          33  0.96471304891231346     
          18          34  0.97289180566887690     
          19          35  0.97282525838310552     
          21          36  0.90037724980508971     
          22          37  0.96354181905811309     
          38          39   1.7164549559317392     
          39          40   1.1214992744338432     
          40          41   1.2426580154487419     
          41          42   1.2480129758272080     
          42          43   1.2373120103516615     
          43          44   1.5922802992850751     
          44          45   1.2241345742401339     
          42          46   1.2260625491854005     
          45          46   1.2019431811172487     
          45          47   1.3443359229846981     
          47          48   1.3571493582937180     
          48          49   1.1068507649322976     
          49          50   1.7309280108656329     
          50          51   1.1088383485475566     
          48          52   1.3240060158462661     
          51          52   1.3252173575285018     
          51          53   1.3538038934070138     
          53          54   1.3464357834376368     
          54          55   1.2157616059984329     
          55          56   1.6078703881519067     
          56          57   1.2154658077723690     
          54          58   1.2098073203901374     
          57          58   1.2112603527371564     
          57          59   1.3415020108018738     
          38          60   1.1150629625470030     
          59          60   1.3671710831208335     
          40          61   1.3627174257700096     
          60          61   1.2981890930707363     
          38          62  0.97278516758686129     
          39          63  0.97151012937707659     
          43          64  0.97187018508869616     
          44          65  0.97292072185904976     
          46          66  0.90009221986623567     
          47          67  0.96371574738523391     
          49          68  0.97274246521380003     
          50          69  0.97279021682857980     
          53          70  0.96470326384678828     
          55          71  0.97289225043846617     
          56          72  0.97282422367714516     
          58          73  0.90042746896390358     
          59          74  0.96354918832398528     
           4          75   1.1918025099517804     
          75          76   2.4609385910205135     
          76          77   1.3108005326922456     
          75          78  0.20159225719350726     
          77          78   2.4585883966788917     
          79          80   2.4542889554438418     
          80          81   1.3145516140699571     
          79          82  0.20108472126456572     
          81          82   2.4540674735559680     
          83          84   2.4536183810475061     
          84          85   1.3148778748167398     
          83          86  0.20103951279324347     
          85          86   2.4536877457499640     
          87          88   2.4539291600482245     
          88          89   1.3146633672702419     
          87          90  0.20110024844617319     
          89          90   2.4541194408619691     
          91          92   2.4580770253112791     
          92          93   1.3112996320390655     
          41          94   1.1922461654545617     
          91          94  0.20169345994576882     
          93          94   2.4604575963056674     
          95          96   1.7154907221218259     
          96          97   1.1234279621043652     
          78          98   1.1956365298537255     
          97          98   1.2414399719314173     
          98          99   1.2434225858717427     
          99         100   1.2416054371193934     
         100         101   1.5868766581846729     
         101         102   1.2284892708770299     
          99         103   1.2264887646373550     
         102         103   1.2033443572162832     
         102         104   1.3347747627695496     
         104         105   1.3725945702997295     
         105         106   1.1149956752257379     
         106         107   1.7156586007440775     
         107         108   1.1231999436426283     
         105         109   1.2938260029720114     
         108         109   1.3643272515444613     
          79         110   1.1979539578432190     
         108         110   1.2400859119578982     
         110         111   1.2423425095045704     
         111         112   1.2415352356997400     
         112         113   1.5870139552844855     
         113         114   1.2282700567349412     
         111         115   1.2272061869911541     
         114         115   1.2025817935008474     
         114         116   1.3359865174716961     
          95         117   1.1151319481728659     
         116         117   1.3711638179686008     
          97         118   1.3627361298824847     
         117         118   1.2951097929983395     
          95         119  0.97277042433854222     
          96         120  0.97162135862754306     
         100         121  0.97202507774088021     
         101         122  0.97292150408210565     
         103         123  0.89809080416939069     
         104         124  0.96302811464377214     
         106         125  0.97276969476091357     
         107         126  0.97163591493761414     
         112         127  0.97202198561447650     
         113         128  0.97291871221164217     
         115         129  0.89811707997324186     
         116         130  0.96302447214532982     
         131         132   1.7153613554885638     
         132         133   1.1235752878742575     
          82         134   1.1983250750756369     
         133         134   1.2400431625400476     
         134         135   1.2420658069239991     
         135         136   1.2420190691634305     
         136         137   1.5864822686498843     
         137         138   1.2286094484179748     
         135         139   1.2270895837057900     
         138         139   1.2031381490240820     
         138         140   1.3348334085932532     
         140         141   1.3725828636675028     
         141         142   1.1151313380683172     
         142         143   1.7154212802231812     
         143         144   1.1234823721248590     
         141         145   1.2936006835912570     
         144         145   1.3643444508390081     
          83         146   1.1985566742553320     
         144         146   1.2393655168921529     
         146         147   1.2424575133121387     
         147         148   1.2418959614704059     
         148         149   1.5866468905901883     
         149         150   1.2284345729853769     
         147         151   1.2270313169637328     
         150         151   1.2030863427283371     
         150         152   1.3351610420132121     
         131         153   1.1151134183087505     
         152         153   1.3720935976449444     
         133         154   1.3638452528358664     
         153         154   1.2941394215060957     
         131         155  0.97276782709632181     
         132         156  0.97164404073435517     
         136         157  0.97203599354781522     
         137         158  0.97291485476950446     
         139         159  0.89765908246434789     
         140         160  0.96297440716058258     
         142         161  0.97276301422333677     
         143         162  0.97162965695742753     
         148         163  0.97205570347725700     
         149         164  0.97291739865367355     
         151         165  0.89767580118613133     
         152         166  0.96298462221985504     
         167         168   1.7154900848418320     
         168         169   1.1233884474172318     
          86         170   1.1984917341651757     
         169         170   1.2393013981826937     
         170         171   1.2425320794117372     
         171         172   1.2418495782212990     
         172         173   1.5866079431529350     
         173         174   1.2285333523554458     
         171         175   1.2270400326854274     
         174         175   1.2030184906183714     
         174         176   1.3351357172789302     
         176         177   1.3721855707485835     
         177         178   1.1151379821179483     
         178         179   1.7153943290144178     
         179         180   1.1235080835643452     
         177         181   1.2939833195671120     
         180         181   1.3640137729922421     
          87         182   1.1983795695720303     
         180         182   1.2397218530703338     
         182         183   1.2423292371969290     
         183         184   1.2420060511428876     
         184         185   1.5864285901789019     
         185         186   1.2286815027791189     
         183         187   1.2270135630462005     
         186         187   1.2031690753959545     
         186         188   1.3347539468216882     
         167         189   1.1151178834001434     
         188         189   1.3726635921542518     
         169         190   1.3644926261272108     
         189         190   1.2935294628811853     
         167         191  0.97276279098148610     
         168         192  0.97161865900105659     
         172         193  0.97205390651403423     
         173         194  0.97291834083799045     
         175         195  0.89786208404562318     
         176         196  0.96299506931983725     
         178         197  0.97276555352155414     
         179         198  0.97162369809338456     
         184         199  0.97204594252626164     
         185         200  0.97291783873550097     
         187         201  0.89782033942768014     
         188         202  0.96299080780371971     
         203         204   1.7156958786726331     
         204         205   1.1231233486365393     
          90         206   1.1980250242256303     
         205         206   1.2396243506773768     
         206         207   1.2427047038637409     
         207         208   1.2414923387136716     
         208         209   1.5869515685931299     
         209         210   1.2283754633010715     
         207         211   1.2271373736515709     
         210         211   1.2026019557522383     
         210         212   1.3358720103161745     
         212         213   1.3713322642235868     
         213         214   1.1151694765917630     
         214         215   1.7154985800758751     
         215         216   1.1233736211853691     
         213         217   1.2948671410812091     
         216         217   1.3630470796510656     
          91         218   1.1960901869582219     
         216         218   1.2409829066342466     
         218         219   1.2434418200211808     
         219         220   1.2416485675576818     
         220         221   1.5867309187599279     
         221         222   1.2286477433251464     
         219         223   1.2265459291492200     
         222         223   1.2033045485595668     
         222         224   1.3346602059250130     
         203         225   1.1150352125773948     
         224         225   1.3727667604858484     
         205         226   1.3645859365832620     
         225         226   1.2935808904423889     
         203         227  0.97276745293158684     
         204         228  0.97162163444396621     
         208         229  0.97202836288446359     
         209         230  0.97292175629354383     
         211         231  0.89830915160514968     
         212         232  0.96304092031083899     
         214         233  0.97276911258885568     
         215         234  0.97161637146128932     
         220         235  0.97202738370100694     
         221         236  0.97292377626179671     
         223         237  0.89827623385979927     
         224         238  0.96304293306643141     
