   -0.05497592
   -0.05347580
    0.08619335
    0.01288756
    0.06382262
   -0.04948569
   -0.05187908
    0.06442337
   -0.08099468
   -0.05513273
    0.08679346
   -0.05378532
   -0.05382862
    0.08639882
   -0.32092660
   -0.05688394
    0.06495583
   -0.05113201
   -0.05094289
    0.06558142
   -0.08111837
   -0.05514535
    0.08529551
   -0.32413996
    0.01850577
    0.01927518
    0.04310022
    0.04154139
    0.21416751
    0.04697161
    0.01939983
    0.01942823
    0.04602562
    0.04181816
    0.04173103
    0.21445140
    0.04691332
   -0.05498651
   -0.05345564
    0.08618554
    0.01288444
    0.06379700
   -0.04951113
   -0.05187701
    0.06444275
   -0.08099826
   -0.05512846
    0.08679727
   -0.05378716
   -0.05383029
    0.08639209
   -0.32090973
   -0.05689129
    0.06494618
   -0.05113022
   -0.05094254
    0.06559734
   -0.08113742
   -0.05514849
    0.08529689
   -0.32414212
    0.01849645
    0.01921016
    0.04315386
    0.04154029
    0.21418766
    0.04697658
    0.01940043
    0.01943151
    0.04602541
    0.04181850
    0.04172928
    0.21447171
    0.04691269
   -0.02973043
   -0.03069467
   -0.02977665
   -0.03006473
   -0.02986528
   -0.02999555
   -0.02986228
   -0.02988907
   -0.02990078
   -0.02989918
   -0.03003095
   -0.02982889
   -0.03003910
   -0.02978735
   -0.03070399
   -0.02974709
   -0.05477554
   -0.05331954
    0.08599338
    0.01330214
    0.06335894
   -0.04971532
   -0.05192831
    0.06413741
   -0.08125548
   -0.05315566
    0.08508716
   -0.05469990
   -0.05333695
    0.08614907
   -0.32342749
    0.01283716
    0.06345126
   -0.04982757
   -0.05184354
    0.06402331
   -0.08128699
   -0.05313096
    0.08504767
   -0.32337564
    0.01869901
    0.01928053
    0.04297741
    0.04135762
    0.21446691
    0.04767256
    0.01873799
    0.01932656
    0.04280504
    0.04139447
    0.21449498
    0.04769993
   -0.05470224
   -0.05334849
    0.08610157
    0.01315229
    0.06339173
   -0.04974555
   -0.05186145
    0.06407725
   -0.08120725
   -0.05300695
    0.08498037
   -0.05474887
   -0.05337763
    0.08614125
   -0.32331484
    0.01298145
    0.06346550
   -0.04979489
   -0.05187989
    0.06401169
   -0.08117863
   -0.05294889
    0.08505819
   -0.32323370
    0.01881731
    0.01947719
    0.04287901
    0.04144183
    0.21457029
    0.04778771
    0.01876073
    0.01915745
    0.04272586
    0.04143446
    0.21451009
    0.04781871
   -0.05474019
   -0.05328574
    0.08614584
    0.01312643
    0.06341558
   -0.04983144
   -0.05189586
    0.06404351
   -0.08111950
   -0.05287956
    0.08501583
   -0.05471428
   -0.05334925
    0.08615627
   -0.32320028
    0.01306193
    0.06345413
   -0.04979288
   -0.05187656
    0.06401831
   -0.08114594
   -0.05290619
    0.08497257
   -0.32324779
    0.01878903
    0.01914486
    0.04289951
    0.04146046
    0.21453393
    0.04785777
    0.01882721
    0.01926820
    0.04279390
    0.04145305
    0.21452469
    0.04784215
   -0.05470389
   -0.05339687
    0.08618215
    0.01308691
    0.06348429
   -0.04976050
   -0.05186657
    0.06401641
   -0.08109524
   -0.05291166
    0.08500783
   -0.05472992
   -0.05329042
    0.08619834
   -0.32326519
    0.01311801
    0.06346704
   -0.04985527
   -0.05187470
    0.06397962
   -0.08101144
   -0.05288295
    0.08499497
   -0.32324727
    0.01884639
    0.01936808
    0.04280217
    0.04147986
    0.21448534
    0.04784765
    0.01881860
    0.01915596
    0.04293623
    0.04148638
    0.21448530
    0.04786859
   -0.05472229
   -0.05340213
    0.08612783
    0.01306715
    0.06343456
   -0.04977519
   -0.05189976
    0.06402186
   -0.08116850
   -0.05285098
    0.08493069
   -0.05476585
   -0.05352310
    0.08607026
   -0.32317023
    0.01311136
    0.06342399
   -0.04963783
   -0.05192202
    0.06407088
   -0.08123266
   -0.05286108
    0.08500021
   -0.32314292
    0.01880912
    0.01934597
    0.04268211
    0.04144658
    0.21460378
    0.04787859
    0.01880266
    0.01939880
    0.04251755
    0.04141936
    0.21456276
    0.04785298
   -0.05474535
   -0.05319461
    0.08621258
    0.01299533
    0.06346679
   -0.04993903
   -0.05189740
    0.06398547
   -0.08108800
   -0.05291585
    0.08507437
   -0.05467404
   -0.05320354
    0.08617472
   -0.32329942
    0.01317836
    0.06334871
   -0.04987687
   -0.05185586
    0.06407857
   -0.08110447
   -0.05300554
    0.08497770
   -0.32336831
    0.01876119
    0.01888624
    0.04296423
    0.04143399
    0.21442243
    0.04780515
    0.01881513
    0.01941109
    0.04310486
    0.04147774
    0.21451781
    0.04779159
   -0.05471027
   -0.05349883
    0.08609307
    0.01279446
    0.06344857
   -0.04972820
   -0.05181515
    0.06408490
   -0.08137979
   -0.05316375
    0.08505380
   -0.05477920
   -0.05333701
    0.08598725
   -0.32335593
    0.01330203
    0.06335861
   -0.04970891
   -0.05192894
    0.06414950
   -0.08126821
   -0.05317193
    0.08508826
   -0.32341511
    0.01876384
    0.01951674
    0.04273642
    0.04139001
    0.21454733
    0.04768336
    0.01869179
    0.01930993
    0.04297503
    0.04137001
    0.21451803
    0.04768373
