           1           2   1.7162456574102345     
           2           3   1.1216178500606993     
           3           4   1.2485160490700697     
           4           5   1.2531718400231489     
           5           6   1.2362510417816697     
           6           7   1.5932025821582485     
           7           8   1.2233867890841783     
           5           9   1.2248702156914124     
           8           9   1.2029453277006934     
           8          10   1.3440550990340396     
          10          11   1.3574160526151748     
          11          12   1.1066854000848436     
          12          13   1.7309802923664406     
          13          14   1.1088861715245328     
          11          15   1.3239876637441432     
          14          15   1.3252845080108409     
          14          16   1.3537253100978930     
          16          17   1.3465440518693752     
          17          18   1.2156509206730630     
          18          19   1.6082493138161014     
          19          20   1.2149561058484968     
          17          21   1.2098811273752674     
          20          21   1.2110379106457119     
          20          22   1.3425847103417943     
           1          23   1.1151197899011751     
          22          23   1.3655061431809254     
           3          24   1.3602902156733663     
          23          24   1.3004280408136610     
           1          25  0.97277729271935265     
           2          26  0.96914710395198200     
           6          27  0.96931118365701230     
           7          28  0.97290740641174478     
           9          29  0.89974893532349520     
          10          30  0.96367001223998772     
          12          31  0.97274285198619170     
          13          32  0.97279890425287729     
          16          33  0.96477509519276383     
          18          34  0.97290524862707484     
          19          35  0.97283469521461519     
          21          36  0.90010091706135975     
          22          37  0.96353731514096297     
          38          39   1.7161790481180388     
          39          40   1.1216787450309600     
          40          41   1.2485007160150303     
          41          42   1.2530228113706152     
          42          43   1.2363117850970009     
          43          44   1.5931663231700228     
          44          45   1.2233842155881665     
          42          46   1.2249092682107470     
          45          46   1.2029554923045369     
          45          47   1.3440374236113655     
          47          48   1.3574292769443181     
          48          49   1.1066762135465904     
          49          50   1.7309787958694762     
          50          51   1.1088959182192779     
          48          52   1.3239828232035635     
          51          52   1.3252840868802935     
          51          53   1.3537076088419515     
          53          54   1.3465571170911712     
          54          55   1.2156485570505746     
          55          56   1.6082732218672473     
          56          57   1.2149141614533645     
          54          58   1.2098760866395424     
          57          58   1.2110542274058582     
          57          59   1.3426152015774775     
          38          60   1.1151364364588952     
          59          60   1.3654618630559481     
          40          61   1.3602617856680836     
          60          61   1.3004566457368796     
          38          62  0.97277827493417657     
          39          63  0.96903160749919515     
          43          64  0.96931866248034937     
          44          65  0.97290675565066953     
          46          66  0.89970266315361358     
          47          67  0.96366589576478856     
          49          68  0.97274225611568832     
          50          69  0.97279885270431299     
          53          70  0.96477912290370405     
          55          71  0.97290555283069724     
          56          72  0.97283427644405240     
          58          73  0.90005631962976396     
          59          74  0.96353308507081248     
           4          75   1.1782786370212590     
          75          76   2.5653823818991217     
          77          78   2.5611950459526494     
          79          80   2.5585076314668207     
          81          82   2.5590824302242581     
          83          84   2.5584698785173328     
          85          86   2.5578536152576570     
          87          88   2.5617545128041423     
          41          90   1.1784871569048883     
          89          90   2.5652658752495552     
          91          92   1.7155082330474642     
          92          93   1.1233001614163809     
          76          94   1.1808717864038634     
          93          94   1.2473169831482935     
          94          95   1.2494472220303365     
          95          96   1.2399061338317332     
          96          97   1.5885862640457511     
          97          98   1.2270254660456228     
          95          99   1.2253204331767062     
          98          99   1.2041489247071671     
          98         100   1.3358650649761317     
         100         101   1.3708228821551773     
         101         102   1.1147783404235134     
         102         103   1.7160223433026331     
         103         104   1.1227831483883477     
         101         105   1.2964553881669534     
         104         105   1.3613341392502953     
          77         106   1.1812615713471946     
         104         106   1.2467764194028708     
         106         107   1.2492531829684248     
         107         108   1.2395478108272628     
         108         109   1.5888999688600496     
         109         110   1.2267710354930745     
         107         111   1.2257473739653966     
         110         111   1.2034760441988910     
         110         112   1.3369547193629989     
          91         113   1.1150866063410987     
         112         113   1.3695920133064570     
          93         114   1.3603448704479089     
         113         114   1.2973366114215050     
          91         115  0.97275838293452599     
          92         116  0.96914483474655544     
          96         117  0.96957043178916325     
          97         118  0.97290868461667712     
          99         119  0.89755242908482891     
         100         120  0.96302580664109660     
         102         121  0.97275851441139860     
         103         122  0.96993786559153905     
         108         123  0.97020705917266370     
         109         124  0.97290774646149714     
         111         125  0.89764158740311484     
         112         126  0.96302749114300867     
         127         128   1.7157332114064592     
         128         129   1.1230361326155927     
          78         130   1.1814874210923354     
         129         130   1.2466909411629741     
         130         131   1.2490508405260994     
         131         132   1.2400133592294398     
         132         133   1.5882915378493900     
         133         134   1.2272696034623187     
         131         135   1.2255796875411871     
         134         135   1.2039703863179398     
         134         136   1.3356615935653326     
         136         137   1.3711882303801404     
         137         138   1.1151281933303223     
         138         139   1.7153431518406013     
         139         140   1.1233443948120032     
         137         141   1.2955908489324863     
         140         141   1.3624579800666687     
          79         142   1.1850457006105590     
         140         142   1.2448180656931356     
         142         143   1.2476684420591435     
         143         144   1.2403767491447188     
         144         145   1.5880224774839831     
         145         146   1.2273457558683711     
         143         147   1.2262215679508228     
         146         147   1.2035142469086921     
         146         148   1.3362139879369417     
         127         149   1.1149927512823501     
         148         149   1.3704185099588364     
         129         150   1.3610637687699896     
         149         150   1.2965622535841357     
         127         151  0.97275410859507117     
         128         152  0.96984320533387858     
         132         153  0.97029899237787376     
         133         154  0.97290638538324348     
         135         155  0.89753657194823511     
         136         156  0.96300970830321153     
         138         157  0.97275519839584323     
         139         158  0.96893658926984572     
         144         159  0.96932461545669901     
         145         160  0.97290627044068123     
         147         161  0.89752729014063071     
         148         162  0.96300444209493252     
         163         164   1.7152611177444692     
         164         165   1.1234237193938510     
          80         166   1.1851236217234076     
         165         166   1.2450245748378967     
         166         167   1.2473784029592712     
         167         168   1.2405884024650620     
         168         169   1.5877651671821409     
         169         170   1.2275651448007394     
         167         171   1.2262094039658642     
         170         171   1.2037088537638454     
         170         172   1.3356735504259938     
         172         173   1.3711272919463138     
         173         174   1.1150678076015315     
         174         175   1.7155798996166098     
         175         176   1.1231441158871767     
         173         177   1.2957546037457293     
         176         177   1.3621223477081728     
          81         178   1.1839292536654327     
         176         178   1.2454164255310802     
         178         179   1.2479787177331796     
         179         180   1.2403608425728128     
         180         181   1.5879255911024250     
         181         182   1.2274904520303871     
         179         183   1.2260685196100647     
         182         183   1.2037124859285930     
         182         184   1.3357391034510953     
         163         185   1.1152338329685811     
         184         185   1.3710659052010996     
         165         186   1.3623126519318594     
         185         186   1.2956154332687828     
         163         187  0.97275720159358947     
         164         188  0.96899747289089244     
         168         189  0.96925953936708931     
         169         190  0.97290332661469081     
         171         191  0.89740923408119688     
         172         192  0.96298148314796783     
         174         193  0.97275622779211623     
         175         194  0.96934440570873925     
         180         195  0.96972117811273773     
         181         196  0.97290752658072122     
         183         197  0.89751335260972442     
         184         198  0.96298860192495650     
         199         200   1.7155801441859828     
         200         201   1.1231001552667021     
          82         202   1.1838458366561455     
         201         202   1.2453016441835740     
         202         203   1.2481960811268180     
         203         204   1.2402455669613588     
         204         205   1.5880061913160561     
         205         206   1.2274719146502000     
         203         207   1.2260175323608988     
         206         207   1.2036377017061812     
         206         208   1.3358267394346452     
         208         209   1.3709520708277165     
         209         210   1.1150762056038153     
         210         211   1.7154731993895105     
         211         212   1.1232246694524248     
         209         213   1.2958967409236504     
         212         213   1.3621228345485312     
          83         214   1.1846909498970406     
         212         214   1.2453509382826222     
         214         215   1.2474231495709944     
         215         216   1.2405498449597963     
         216         217   1.5876809209652252     
         217         218   1.2277199245676476     
         215         219   1.2262496436438570     
         218         219   1.2035601995630514     
         218         220   1.3356390432268757     
         199         221   1.1150948080583434     
         220         221   1.3712009111118597     
         201         222   1.3622278802034062     
         221         222   1.2956471426114462     
         199         223  0.97275245409215683     
         200         224  0.96935322679788072     
         204         225  0.96968199350515538     
         205         226  0.97290446993387691     
         207         227  0.89772885420072734     
         208         228  0.96301486481276632     
         210         229  0.97275690365408762     
         211         230  0.96903727790946159     
         216         231  0.96960825471607148     
         217         232  0.97290421054601695     
         219         233  0.89776874359803915     
         220         234  0.96301172939378366     
         235         236   1.7154299851170860     
         236         237   1.1233311513009374     
          84         238   1.1848778111987357     
         237         238   1.2449820192816079     
         238         239   1.2475228550693211     
         239         240   1.2405510646565541     
         240         241   1.5877341631412789     
         241         242   1.2275836346263251     
         239         243   1.2262630822144478     
         242         243   1.2037460402530544     
         242         244   1.3355552740157630     
         244         245   1.3713777642597940     
         245         246   1.1154000821283696     
         246         247   1.7150195233669763     
         247         248   1.1236057443476659     
         245         249   1.2950491819060563     
         248         249   1.3628424370859737     
          85         250   1.1860588750423608     
         248         250   1.2439208195412916     
         250         251   1.2475630288319630     
         251         252   1.2407736777312515     
         252         253   1.5876135908505011     
         253         254   1.2275749543287260     
         251         255   1.2260901113702802     
         254         255   1.2039511988686666     
         254         256   1.3354286443627570     
         235         257   1.1150873286090313     
         256         257   1.3713040187693024     
         237         258   1.3623295109259503     
         257         258   1.2955679822684023     
         235         259  0.97275825995794551     
         236         260  0.96930334233800663     
         240         261  0.96938926686147042     
         241         262  0.97290562674170877     
         243         263  0.89726267713912655     
         244         264  0.96295589981617469     
         246         265  0.97275222586003129     
         247         266  0.96865729765921338     
         252         267  0.96916469970722308     
         253         268  0.97290857720603874     
         255         269  0.89717156194646319     
         256         270  0.96296308728170654     
         271         272   1.7153993525760787     
         272         273   1.1232667112570929     
          86         274   1.1857279504988263     
         273         274   1.2448141304666023     
         274         275   1.2470794781371120     
         275         276   1.2405639515311717     
         276         277   1.5878459947070362     
         277         278   1.2274713594377014     
         275         279   1.2263511940770337     
         278         279   1.2033722593606710     
         278         280   1.3362596071405766     
         280         281   1.3703080388288889     
         281         282   1.1149664686643930     
         282         283   1.7158409067080842     
         283         284   1.1228995505523820     
         281         285   1.2967928374898519     
         284         285   1.3607843485189548     
          87         286   1.1805348610546864     
         284         286   1.2475384871502719     
         286         287   1.2490358831960617     
         287         288   1.2398770364840275     
         288         289   1.5883862667328050     
         289         290   1.2272865031520703     
         287         291   1.2254779657258223     
         290         291   1.2039402960477410     
         290         292   1.3356030561932237     
         271         293   1.1151315844015826     
         292         293   1.3713503783153631     
         273         294   1.3627137814596519     
         293         294   1.2954195783015745     
         271         295  0.97275861886939952     
         272         296  0.96880187361138814     
         276         297  0.96897249404300856     
         277         298  0.97290457631792049     
         279         299  0.89768746084736395     
         280         300  0.96301784052988304     
         282         301  0.97276104394267848     
         283         302  0.97028151063853463     
         288         303  0.97021256559866087     
         289         304  0.97290215382701328     
         291         305  0.89771584078795208     
         292         306  0.96301475558692518     
         307         308   1.7160565822951057     
         308         309   1.1227064216731848     
          88         310   1.1804157393499162     
         309         310   1.2467462414345460     
         310         311   1.2500480214966527     
         311         312   1.2393569241931108     
         312         313   1.5891020540853522     
         313         314   1.2266244443548486     
         311         315   1.2254788843652955     
         314         315   1.2036339775051281     
         314         316   1.3369800491998949     
         316         317   1.3695297887682283     
         317         318   1.1150502218209246     
         318         319   1.7155263467476523     
         319         320   1.1232942420489509     
         317         321   1.2974076598442645     
         320         321   1.3603637827738895     
          89         322   1.1810431326484678     
         320         322   1.2472789680294269     
         322         323   1.2493720497577074     
         323         324   1.2398979476857857     
         324         325   1.5885758892924247     
         325         326   1.2270449265940282     
         323         327   1.2253888639317851     
         326         327   1.2041179071462280     
         326         328   1.3359184031720301     
         307         329   1.1148106524711106     
         328         329   1.3707625600577331     
         309         330   1.3612188853064076     
         329         330   1.2964613727829768     
         307         331  0.97275273210356683     
         308         332  0.96984743828557629     
         312         333  0.97066134493230460     
         313         334  0.97290951569153183     
         315         335  0.89759325500642306     
         316         336  0.96303842097403258     
         318         337  0.97275763512035840     
         319         338  0.96915150710426623     
         324         339  0.96944953384756638     
         325         340  0.97290747902388919     
         327         341  0.89753451548992647     
         328         342  0.96302900991808904     
