    0.19642761
   -0.05078774
   -0.04914369
    0.07872609
    0.01654366
    0.07865329
   -0.04926246
   -0.05077219
    0.07708104
   -0.17209586
   -0.04957759
    0.07838522
   -0.04979843
   -0.04995048
    0.07902585
   -0.17029802
   -0.05128386
    0.07903440
   -0.04994546
   -0.04979520
    0.07839124
   -0.17027741
   -0.04959106
    0.07708511
   -0.17214688
    0.03402736
    0.03615780
    0.03618990
    0.03405371
    0.04955862
    0.03467449
    0.03460309
    0.04882982
    0.03460005
    0.03467148
    0.04953716
   -0.01929441
   -0.01016342
   -0.00219307
   -0.00220029
   -0.01014994
   -0.01932368
    0.19643744
   -0.05077340
   -0.04921019
    0.07868793
    0.01655696
    0.07870206
   -0.04918984
   -0.05077692
    0.07709287
   -0.17211196
   -0.04957936
    0.07840083
   -0.04978502
   -0.04994181
    0.07901525
   -0.17028124
   -0.05128182
    0.07903030
   -0.04995542
   -0.04979826
    0.07838325
   -0.17027196
   -0.04956040
    0.07708576
   -0.17209497
    0.03405566
    0.03617083
    0.03619112
    0.03405839
    0.04955241
    0.03468465
    0.03461118
    0.04884171
    0.03460997
    0.03468213
    0.04955606
