           2           3   1.6506651846438958     
           3           4   1.1746638324970262     
           4           5   1.2488988414703162     
           5           6   1.2482091938707958     
           6           7   1.1746918419432690     
           7           8   1.6506788875356970     
           8           9   1.1666253565430524     
           1          10  0.53087842847161804     
           6          10   1.2890746413836658     
           9          10   1.2492604343429818     
           9          11   1.3550835828782539     
          11          12   1.3515147331684354     
          12          13   1.1578565348263004     
          13          14   1.6661647252547405     
          14          15   1.1574657524057979     
           1          16  0.53259569755869951     
          12          16   1.2639152214889557     
          15          16   1.2656451604580623     
          15          17   1.3514494911547845     
          17          18   1.3514413819622328     
          18          19   1.1574511539755161     
          19          20   1.6661687540259880     
          20          21   1.1578553019578584     
           1          22  0.53223607735048317     
          18          22   1.2657128266995288     
          21          22   1.2639674605625988     
          21          23   1.3514942518814228     
           2          24   1.1666333550657026     
          23          24   1.3550776759401111     
           1          25  0.53149179687910642     
           4          25   1.2888714503333198     
          24          25   1.2492442252391369     
           2          26  0.97233807135352179     
           3          27  0.97070487274029138     
           7          28  0.97074128979684970     
           8          29  0.97233651072653793     
          11          30  0.96385990181596126     
          13          31  0.97223535214283152     
          14          32  0.97225679298378176     
          17          33  0.96425631137158563     
          19          34  0.97226129510445725     
          20          35  0.97224011431201840     
          23          36  0.96386633091276108     
           5          37   1.1876425737768055     
          37          38   2.4430091469733246     
          38          39   1.3316656946502421     
          37          40  0.19293644710253241     
          39          40   2.3582569029754623     
          40          41   1.3316915837421479     
          39          42  0.19293469010475195     
          41          42   2.4428931193047916     
          44          45   1.6505969017195961     
          45          46   1.1747163629059589     
          42          47   1.1877582447314026     
          46          47   1.2483402922655180     
          47          48   1.2485663677334946     
          48          49   1.1746944713640233     
          49          50   1.6506447914262483     
          50          51   1.1666116059921467     
          43          52  0.53141561794662628     
          48          52   1.2889522420956092     
          51          52   1.2491916366182871     
          51          53   1.3551385766027029     
          53          54   1.3513695482860166     
          54          55   1.1579055227841781     
          55          56   1.6661132846097249     
          56          57   1.1574878710349319     
          43          58  0.53239911777499949     
          54          58   1.2640048198588207     
          57          58   1.2656039329414759     
          57          59   1.3514861213524874     
          59          60   1.3513554957744263     
          60          61   1.1574765656891277     
          61          62   1.6661258890187614     
          62          63   1.1578913752521804     
          43          64  0.53254209028062183     
          60          64   1.2657251161155179     
          63          64   1.2638887262242915     
          63          65   1.3514734473287098     
          44          66   1.1666725378337044     
          65          66   1.3550788635179645     
          43          67  0.53113294006271439     
          46          67   1.2890886394420238     
          66          67   1.2491877597669183     
          44          68  0.97233904569437812     
          45          69  0.97073977660336053     
          49          70  0.97072938320453728     
          50          71  0.97233719953866027     
          53          72  0.96387151383424718     
          55          73  0.97223849235554760     
          56          74  0.97225970755873148     
          59          75  0.96425853527178051     
          61          76  0.97226034126747429     
          62          77  0.97223931765471983     
          65          78  0.96386707828702245     
