    0.19602897
   -0.05082055
   -0.04901194
    0.07861258
    0.01700277
    0.07853394
   -0.04912043
   -0.05083164
    0.07702130
   -0.17190908
   -0.04963099
    0.07831548
   -0.04982929
   -0.04998886
    0.07896179
   -0.17022164
   -0.05135411
    0.07897344
   -0.04999075
   -0.04982121
    0.07832628
   -0.17024965
   -0.04963950
    0.07705155
   -0.17196555
    0.03388446
    0.03574226
    0.03576863
    0.03396881
    0.04944728
    0.03457308
    0.03450270
    0.04874717
    0.03451997
    0.03457233
    0.04942853
   -0.02055527
   -0.00944780
   -0.00939412
   -0.02066776
    0.19610217
   -0.05081749
   -0.04902037
    0.07861261
    0.01706935
    0.07856968
   -0.04907422
   -0.05082335
    0.07703878
   -0.17190227
   -0.04961575
    0.07833696
   -0.04981220
   -0.04997468
    0.07896665
   -0.17019478
   -0.05136067
    0.07898734
   -0.04998465
   -0.04980730
    0.07833448
   -0.17021466
   -0.04960216
    0.07705376
   -0.17191648
    0.03396576
    0.03573066
    0.03583896
    0.03397141
    0.04946374
    0.03461576
    0.03454625
    0.04877620
    0.03454662
    0.03460094
    0.04945971
