           2           3   1.6508820515918379     
           3           4   1.1744901559119230     
           4           5   1.2501668032305822     
           5           6   1.2496100545488122     
           6           7   1.1743280072431261     
           7           8   1.6510082068559808     
           8           9   1.1664991002557084     
           1          10  0.53097189172378001     
           6          10   1.2891625075900488     
           9          10   1.2493943221640678     
           9          11   1.3551248023708347     
          11          12   1.3514261753367602     
          12          13   1.1579020179034614     
          13          14   1.6661413600456121     
          14          15   1.1574530631382169     
           1          16  0.53255160038050642     
          12          16   1.2639432769507675     
          15          16   1.2656985600358039     
          15          17   1.3514198801476340     
          17          18   1.3514092738060537     
          18          19   1.1574434858671443     
          19          20   1.6661445510506292     
          20          21   1.1579004260367278     
           1          22  0.53240145640695669     
          18          22   1.2657753664292817     
          21          22   1.2638409141622551     
          21          23   1.3516215281022168     
           2          24   1.1664960989648154     
          23          24   1.3548771385822558     
           1          25  0.53120887258415139     
           4          25   1.2887849788704204     
          24          25   1.2496335325241281     
           2          26  0.97234021292999273     
           3          27  0.97079685497612345     
           7          28  0.97084996662841994     
           8          29  0.97234830833995256     
          11          30  0.96389025788645555     
          13          31  0.97224188460910888     
          14          32  0.97225846445216368     
          17          33  0.96427210602978974     
          19          34  0.97226767546377268     
          20          35  0.97224167780272874     
          23          36  0.96388913575457347     
           5          37   1.1844917353911535     
          37          38   2.4713929714044061     
          38          39   1.3039339097718192     
          37          40  0.20326794024186495     
          39          40   2.4712300773310405     
          42          43   1.6507174105903171     
          43          44   1.1745199429366795     
          40          45   1.1846187270245412     
          44          45   1.2498709961880659     
          45          46   1.2497206062490456     
          46          47   1.1746127636367667     
          47          48   1.6506831344946256     
          48          49   1.1666197111708487     
          41          50  0.53135074053651132     
          46          50   1.2888865880496942     
          49          50   1.2494516715023170     
          49          51   1.3548749920419632     
          51          52   1.3516089910123672     
          52          53   1.1579190914074753     
          53          54   1.6660967040426184     
          54          55   1.1574896159895178     
          41          56  0.53286680031930267     
          52          56   1.2637724202369411     
          55          56   1.2656498777733898     
          55          57   1.3514017565176264     
          57          58   1.3513892262377136     
          58          59   1.1575710821212901     
          59          60   1.6659295818017772     
          60          61   1.1580688804400276     
          41          62  0.53287697411305179     
          58          62   1.2656480918786870     
          61          62   1.2636801402460265     
          61          63   1.3515433712691900     
          42          64   1.1666103969610901     
          63          64   1.3550178042179064     
          41          65  0.53142755730145441     
          44          65   1.2889158384060508     
          64          65   1.2493331745045555     
          42          66  0.97233638185873994     
          43          67  0.97080940089409251     
          47          68  0.97084789050772380     
          48          69  0.97234118370090339     
          51          70  0.96388565296981510     
          53          71  0.97223821351524620     
          54          72  0.97226195662220216     
          57          73  0.96426769864747963     
          59          74  0.97226102515273560     
          60          75  0.97223771044145713     
          63          76  0.96387463574183563     
