   -0.05500119
   -0.05385722
    0.08603569
    0.01290409
    0.06376521
   -0.04909386
   -0.05197423
    0.06447980
   -0.08125810
   -0.05526013
    0.08677785
   -0.05382246
   -0.05385468
    0.08629237
   -0.32098355
   -0.05700712
    0.06483642
   -0.05118395
   -0.05099372
    0.06561842
   -0.08133086
   -0.05519262
    0.08530451
   -0.32400455
    0.01844620
    0.01996011
    0.04222716
    0.04137335
    0.21422525
    0.04683609
    0.01926500
    0.01930891
    0.04586203
    0.04169550
    0.04160496
    0.21455488
    0.04687098
   -0.05501565
   -0.05330475
    0.08616989
    0.01292484
    0.06378072
   -0.04961517
   -0.05186831
    0.06440010
   -0.08099998
   -0.05523776
    0.08674144
   -0.05382242
   -0.05387244
    0.08637878
   -0.32106262
   -0.05699923
    0.06495360
   -0.05119602
   -0.05098592
    0.06548862
   -0.08115837
   -0.05521452
    0.08523282
   -0.32427829
    0.01839392
    0.01891662
    0.04356185
    0.04148123
    0.21414845
    0.04684192
    0.01927104
    0.01929383
    0.04588705
    0.04168642
    0.04161548
    0.21438067
    0.04676845
   -0.02998386
   -0.03063249
   -0.03071313
   -0.02991022
   -0.05476961
   -0.05297325
    0.08605230
    0.01312708
    0.06326353
   -0.04996286
   -0.05201743
    0.06399856
   -0.08135221
   -0.05322113
    0.08493534
   -0.05480337
   -0.05345123
    0.08589993
   -0.32358187
    0.01301673
    0.06337597
   -0.04970169
   -0.05190851
    0.06413245
   -0.08159440
   -0.05336648
    0.08512716
   -0.32354397
    0.01856660
    0.01884649
    0.04293609
    0.04117563
    0.21457162
    0.04745905
    0.01854355
    0.01924695
    0.04289755
    0.04123801
    0.21448597
    0.04747826
