           1           2   1.7162404306693400     
           2           3   1.1217485784653218     
           3           4   1.2477729418328531     
           4           5   1.2539655520408513     
           5           6   1.2365527064562161     
           6           7   1.5929753364103414     
           7           8   1.2233336520963733     
           5           9   1.2244977168424320     
           8           9   1.2034021329606399     
           8          10   1.3437290133588240     
          10          11   1.3575957332608988     
          11          12   1.1065996305496029     
          12          13   1.7309271033795961     
          13          14   1.1090665279332681     
          11          15   1.3239650883380996     
          14          15   1.3251692786508502     
          14          16   1.3536949277696224     
          16          17   1.3465118565237044     
          17          18   1.2157565415605061     
          18          19   1.6082546539101525     
          19          20   1.2147860001685602     
          17          21   1.2098463005080329     
          20          21   1.2111456630793778     
          20          22   1.3426807249503634     
           1          23   1.1151291324783277     
          22          23   1.3654269124084533     
           3          24   1.3601170516546177     
          23          24   1.3003696784258578     
           1          25  0.97276561640965786     
           2          26  0.96917360046216527     
           6          27  0.96967484473106336     
           7          28  0.97292290494160172     
           9          29  0.89938642981956085     
          10          30  0.96364984025086731     
          12          31  0.97274453860857291     
          13          32  0.97280315893736558     
          16          33  0.96483899685318442     
          18          34  0.97291937302645082     
          19          35  0.97283994323474887     
          21          36  0.89970598615899666     
          22          37  0.96348699433318796     
          38          39   1.7160788136138161     
          39          40   1.1216353874553686     
          40          41   1.2493042025406866     
          41          42   1.2534662874396769     
          42          43   1.2360042584533473     
          43          44   1.5934764302910098     
          44          45   1.2232989536203362     
          42          46   1.2246389235955226     
          45          46   1.2029417880893236     
          45          47   1.3440739593280875     
          47          48   1.3574174514440343     
          48          49   1.1067002818895419     
          49          50   1.7309879687069498     
          50          51   1.1088259824538833     
          48          52   1.3240022394444062     
          51          52   1.3253497486910564     
          51          53   1.3537453822996715     
          53          54   1.3465317283838483     
          54          55   1.2156120035740525     
          55          56   1.6082346284849967     
          56          57   1.2150202913669035     
          54          58   1.2099529442574799     
          57          58   1.2107812622897065     
          57          59   1.3428809901723568     
          38          60   1.1152635789933156     
          59          60   1.3651060044458849     
          40          61   1.3599245350300873     
          60          61   1.3007718636484333     
          38          62  0.97278687853982504     
          39          63  0.96938565084533812     
          43          64  0.96991375996306517     
          44          65  0.97291103493734665     
          46          66  0.89989379736093444     
          47          67  0.96370643100661846     
          49          68  0.97274793375916169     
          50          69  0.97280046634707451     
          53          70  0.96477061459440083     
          55          71  0.97291515932500805     
          56          72  0.97284528080093968     
          58          73  0.90025642250940585     
          59          74  0.96358255726929787     
           4          75   1.1783032313918467     
          75          76   2.5650981716104702     
          41          78   1.1770715092654052     
          77          78   2.5659020024801142     
          79          80   1.7157383021194450     
          80          81   1.1231812405664146     
          76          82   1.1807849790875464     
          81          82   1.2483714970950992     
          82          83   1.2482021731871875     
          83          84   1.2402744909059553     
          84          85   1.5881119396243337     
          85          86   1.2272328476173837     
          83          87   1.2258783742541375     
          86          87   1.2037684800926207     
          86          88   1.3362045036389154     
          88          89   1.3702224792223359     
          89          90   1.1152413566791917     
          90          91   1.7152469504332930     
          91          92   1.1232736385862021     
          89          93   1.2966890296064111     
          92          93   1.3610592111636448     
          77          94   1.1798629362971240     
          92          94   1.2468259165020013     
          94          95   1.2505068412390121     
          95          96   1.2392492409349347     
          96          97   1.5893571493010286     
          97          98   1.2263029255608298     
          95          99   1.2249791020141365     
          98          99   1.2039840095966472     
          98         100   1.3368347572688126     
          79         101   1.1147047161002990     
         100         101   1.3692781945348242     
          81         102   1.3596036492836336     
         101         102   1.2979996679713421     
          79         103  0.97276139424002617     
          80         104  0.96942794687507317     
          84         105  0.96968520672398173     
          85         106  0.97292345881621134     
          87         107  0.89728804182341904     
          88         108  0.96308851432438791     
          90         109  0.97276294384145157     
          91         110  0.96981914202573261     
          96         111  0.96980485339386124     
          97         112  0.97291677119889408     
          99         113  0.89734311065400851     
         100         114  0.96306164602964583     
