    0.24436342
   -0.05209461
   -0.05053906
    0.07669948
    0.01820344
    0.07668736
   -0.05056153
   -0.05209546
    0.07565856
   -0.17639198
   -0.05002919
    0.07683137
   -0.05107542
   -0.05122631
    0.07736386
   -0.17475374
   -0.05174828
    0.07735028
   -0.05122737
   -0.05107482
    0.07681581
   -0.17467044
   -0.05003091
    0.07564605
   -0.17644767
    0.03376352
    0.03488895
    0.03499248
    0.03376638
    0.04910789
    0.03417851
    0.03410442
    0.04845060
    0.03411151
    0.03418519
    0.04910616
    0.24437628
   -0.05212004
   -0.05039181
    0.07673873
    0.01824841
    0.07668624
   -0.05073828
   -0.05213699
    0.07560593
   -0.17632648
   -0.04998443
    0.07681390
   -0.05107480
   -0.05122283
    0.07737428
   -0.17475989
   -0.05171731
    0.07736277
   -0.05121533
   -0.05106940
    0.07681868
   -0.17468627
   -0.05002067
    0.07562992
   -0.17643208
    0.03375180
    0.03466170
    0.03515371
    0.03377021
    0.04914117
    0.03418489
    0.03411063
    0.04845860
    0.03412167
    0.03419219
    0.04912153
   -0.02852966
   -0.02921093
   -0.02864025
   -0.02878005
   -0.02881001
   -0.02869993
   -0.02920682
   -0.02852817
    0.24582978
   -0.05191326
   -0.05050700
    0.07688065
    0.01848496
    0.07688125
   -0.05052776
   -0.05192684
    0.07522204
   -0.17636513
   -0.04820228
    0.07519243
   -0.05188201
   -0.05066960
    0.07686385
   -0.17633505
    0.01815561
    0.07694792
   -0.05044503
   -0.05187541
    0.07522296
   -0.17643205
   -0.04821854
    0.07523434
   -0.17634228
    0.03394945
    0.03519732
    0.03519216
    0.03393945
    0.04982647
    0.03396755
    0.03519189
    0.03492592
    0.03394063
    0.04981504
    0.24585081
   -0.05186711
   -0.05043015
    0.07692894
    0.01831012
    0.07688491
   -0.05062320
   -0.05187736
    0.07520500
   -0.17627708
   -0.04812882
    0.07518225
   -0.05190066
   -0.05052300
    0.07695087
   -0.17639499
    0.01830466
    0.07692056
   -0.05062143
   -0.05190146
    0.07517946
   -0.17626918
   -0.04813679
    0.07521965
   -0.17641950
    0.03397079
    0.03495911
    0.03526338
    0.03399078
    0.04987736
    0.03395889
    0.03498905
    0.03518820
    0.03397038
    0.04986820
    0.24587764
   -0.05191591
   -0.05066006
    0.07693078
    0.01820368
    0.07696075
   -0.05052994
   -0.05190724
    0.07516098
   -0.17641526
   -0.04816487
    0.07519544
   -0.05196028
   -0.05035425
    0.07694625
   -0.17636081
    0.01854260
    0.07685775
   -0.05071505
   -0.05196796
    0.07516521
   -0.17633017
   -0.04812063
    0.07513696
   -0.17638774
    0.03393164
    0.03506714
    0.03492772
    0.03392238
    0.04983561
    0.03392083
    0.03490262
    0.03535962
    0.03393371
    0.04985949
