           2           3   1.6514771928030905     
           3           4   1.1779999040393978     
           4           5   1.2586823027291267     
           5           6   1.2587334349940655     
           6           7   1.1780813013863107     
           7           8   1.6514460048378325     
           8           9   1.1705730519831532     
           1          10  0.48881098221807567     
           6          10   1.2841073722123753     
           9          10   1.2485167466043794     
           9          11   1.3566928660927915     
          11          12   1.3546689973896187     
          12          13   1.1626775515689292     
          13          14   1.6657483514325202     
          14          15   1.1619923062340596     
           1          16  0.49183898606572518     
          12          16   1.2605979641815137     
          15          16   1.2632651706003579     
          15          17   1.3541061607737570     
          17          18   1.3542126361845610     
          18          19   1.1619968931736482     
          19          20   1.6657346407601816     
          20          21   1.1627148049554568     
           1          22  0.49211581880027533     
          18          22   1.2631444736364252     
          21          22   1.2605524735118596     
          21          23   1.3546259488951611     
           2          24   1.1705892236798141     
          23          24   1.3567843601167975     
           1          25  0.48865895061672676     
           4          25   1.2843281665714374     
          24          25   1.2484005890110776     
           2          26  0.97241351709495127     
           3          27  0.96866953729099681     
           7          28  0.96874654881936761     
           8          29  0.97241496157920182     
          11          30  0.96393672079672055     
          13          31  0.97234326684254757     
          14          32  0.97236818166573680     
          17          33  0.96425420213749458     
          19          34  0.97236399424291586     
          20          35  0.97233813382197487     
          23          36  0.96393546818785025     
          38          39   1.6512228574296746     
          39          40   1.1783255277700240     
          40          41   1.2584754391863546     
          41          42   1.2576335750855521     
          42          43   1.1783469979282422     
          43          44   1.6511375251124858     
          44          45   1.1707656959825015     
          37          46  0.48885248658376690     
          42          46   1.2845606603479873     
          45          46   1.2481621127353275     
          45          47   1.3567975430854613     
          47          48   1.3545950461915148     
          48          49   1.1626739241972623     
          49          50   1.6657525716355892     
          50          51   1.1619595111480401     
          37          52  0.49166217390350903     
          48          52   1.2606290964478144     
          51          52   1.2633294805385198     
          51          53   1.3540677747590633     
          53          54   1.3541985635246598     
          54          55   1.1619932728583382     
          55          56   1.6657575635165711     
          56          57   1.1626601869649831     
          37          58  0.49200477696118838     
          54          58   1.2631599871327797     
          57          58   1.2606116169054591     
          57          59   1.3546154999545073     
          38          60   1.1706616743045686     
          59          60   1.3566922284881271     
          37          61  0.48879485473251566     
          40          61   1.2842327750737421     
          60          61   1.2484549266898044     
          38          62  0.97241556510105243     
          39          63  0.96837078616245342     
          43          64  0.96805057772427738     
          44          65  0.97241004459985247     
          47          66  0.96391964722320500     
          49          67  0.97234068117249939     
          50          68  0.97236661371011790     
          53          69  0.96425653850565118     
          55          70  0.97236261377107081     
          56          71  0.97234148019820310     
          59          72  0.96392864661242306     
           5          73   1.1675617321686895     
          73          74   2.5787414835850977     
          75          76   2.5765839862287274     
          77          78   2.5754254856451873     
          41          80   1.1689165395964545     
          79          80   2.5779110029615859     
          82          83   1.6495957223963373     
          83          84   1.1791942624867990     
          74          85   1.1688357639168816     
          84          85   1.2570399670739925     
          85          86   1.2569520927516196     
          86          87   1.1792585937556830     
          87          88   1.6495191358023427     
          88          89   1.1722931906963303     
          81          90  0.48904820474290361     
          86          90   1.2851327390368388     
          89          90   1.2465231570568804     
          89          91   1.3558165130379558     
          91          92   1.3563519557299670     
          92          93   1.1721931558678511     
          93          94   1.6496873798354823     
          94          95   1.1790930192015532     
          81          96  0.48922865742526833     
          92          96   1.2461522557212625     
          95          96   1.2852890151384790     
          75          97   1.1684442994444910     
          95          97   1.2566962688597263     
          97          98   1.2573435470365018     
          98          99   1.1790940480627352     
          99         100   1.6497006120105460     
         100         101   1.1721590692577784     
          81         102  0.48919078023801554     
          98         102   1.2850505701522363     
         101         102   1.2463519795119034     
         101         103   1.3562252270600095     
          82         104   1.1722739090848300     
         103         104   1.3558726343160830     
          81         105  0.48921859669337070     
          84         105   1.2850718333958551     
         104         105   1.2464681231454147     
          82         106  0.97239278625299019     
          83         107  0.96865301480695465     
          87         108  0.96875441997387723     
          88         109  0.97239418373386133     
          91         110  0.96362299355503733     
          93         111  0.97239492516218906     
          94         112  0.96917886650957941     
          99         113  0.96929096926468927     
         100         114  0.97239820154839351     
         103         115  0.96362638334452677     
         117         118   1.6495975187000862     
         118         119   1.1791468203223925     
          76         120   1.1685527163597693     
         119         120   1.2571829204735412     
         120         121   1.2567104375065297     
         121         122   1.1792341255647403     
         122         123   1.6494941262897842     
         123         124   1.1723565391353610     
         116         125  0.48927507067642401     
         121         125   1.2851860850512216     
         124         125   1.2462676528333634     
         124         126   1.3559669992672292     
         126         127   1.3561657695759448     
         127         128   1.1723612340128249     
         128         129   1.6493663936259475     
         129         130   1.1793774826015153     
         116         131  0.48895023532698823     
         127         131   1.2461353193482272     
         130         131   1.2856209338726194     
          77         132   1.1704284531611888     
         130         132   1.2561872040273352     
         132         133   1.2560378761686508     
         133         134   1.1794770241995274     
         134         135   1.6492797436774762     
         135         136   1.1724368126351670     
         116         137  0.48934113337697205     
         133         137   1.2854984979125841     
         136         137   1.2460465922205977     
         136         138   1.3561448446982496     
         117         139   1.1722612866191473     
         138         139   1.3559489774699589     
         116         140  0.48897701572963770     
         119         140   1.2851537656675269     
         139         140   1.2464413543742106     
         117         141  0.97239629066051103     
         118         142  0.96930158123225263     
         122         143  0.96917200474393483     
         123         144  0.97239162341939234     
         126         145  0.96360916329318091     
         128         146  0.97239495590993397     
         129         147  0.96870453143232005     
         134         148  0.96869096255768039     
         135         149  0.97239288408685043     
         138         150  0.96361140817993851     
         152         153   1.6492697185240688     
         153         154   1.1794454248551332     
          78         155   1.1704417300877554     
         154         155   1.2558266252054187     
         155         156   1.2562971916922077     
         156         157   1.1793903828045231     
         157         158   1.6493853550179733     
         158         159   1.1723230492749677     
         151         160  0.48911446042035894     
         156         160   1.2855032707538385     
         159         160   1.2460756762963732     
         159         161   1.3563102019658699     
         161         162   1.3556889545914157     
         162         163   1.1724867390239022     
         163         164   1.6491858420052048     
         164         165   1.1795883566852512     
         151         166  0.48923881492947746     
         162         166   1.2464487656962908     
         165         166   1.2851438410121072     
          79         167   1.1702351015735466     
         165         167   1.2567139227582147     
         167         168   1.2558497707094800     
         168         169   1.1796469665962568     
         169         170   1.6490920277749006     
         170         171   1.1725673027053163     
         151         172  0.48906637296825739     
         168         172   1.2854228957314073     
         171         172   1.2462574848183574     
         171         173   1.3557536057653627     
         152         174   1.1724256206556700     
         173         174   1.3563361908546929     
         151         175  0.48903174996501159     
         154         175   1.2857457216504871     
         174         175   1.2459168532865001     
         152         176  0.97239730834502125     
         153         177  0.96870703498835031     
         157         178  0.96871311392467740     
         158         179  0.97239973121609080     
         161         180  0.96360948200095042     
         163         181  0.97240123668096157     
         164         182  0.96835123967810266     
         169         183  0.96807281440126780     
         170         184  0.97239371312432710     
         173         185  0.96359427720452517     
