   -0.05462765
   -0.05307758
    0.08726689
    0.01133850
    0.06419142
   -0.04994483
   -0.05171391
    0.06436665
   -0.08115091
   -0.05485891
    0.08688637
   -0.05369014
   -0.05371186
    0.08653789
   -0.32075928
   -0.05654485
    0.06506699
   -0.05095655
   -0.05080230
    0.06579623
   -0.08082227
   -0.05486192
    0.08566864
   -0.32487498
    0.01878313
    0.02124510
    0.04338346
    0.04153895
    0.21413798
    0.04714183
    0.01964038
    0.01967130
    0.04637051
    0.04210823
    0.04206503
    0.21442432
    0.04720938
   -0.05463062
   -0.05306394
    0.08728871
    0.01133894
    0.06418729
   -0.04996572
   -0.05171193
    0.06435495
   -0.08111441
   -0.05484064
    0.08687750
   -0.05368869
   -0.05371455
    0.08654256
   -0.32075555
   -0.05654168
    0.06506977
   -0.05095698
   -0.05080198
    0.06579644
   -0.08081237
   -0.05485295
    0.08566982
   -0.32489140
    0.01877812
    0.02124534
    0.04339671
    0.04154817
    0.21413274
    0.04715018
    0.01964293
    0.01967444
    0.04637717
    0.04211160
    0.04206737
    0.21441312
    0.04720929
   -0.02013066
   -0.01197830
   -0.00291389
   -0.00374588
   -0.01095158
   -0.02099874
   -0.02028545
   -0.01125219
   -0.00291308
   -0.00318127
   -0.01098215
   -0.02053997
   -0.02031863
   -0.01109144
   -0.00296183
   -0.00302409
   -0.01101711
   -0.02039419
   -0.02039076
   -0.01100380
   -0.00303121
   -0.00296490
   -0.01109630
   -0.02031035
   -0.02052137
   -0.01099256
   -0.00318706
   -0.00292470
   -0.01125039
   -0.02028027
   -0.02101314
   -0.01095722
   -0.00376574
   -0.00294006
   -0.01198398
   -0.02013814
   -0.05439695
   -0.05292908
    0.08712771
    0.01197085
    0.06369603
   -0.05015923
   -0.05171545
    0.06416578
   -0.08117283
   -0.05261393
    0.08538677
   -0.05435964
   -0.05299976
    0.08724003
   -0.32408821
    0.01150130
    0.06378881
   -0.05024397
   -0.05165752
    0.06411148
   -0.08125742
   -0.05253916
    0.08539397
   -0.32395581
    0.01901747
    0.02138380
    0.04328538
    0.04149684
    0.21441912
    0.04800170
    0.01903880
    0.02129581
    0.04316499
    0.04149395
    0.21441079
    0.04802104
   -0.05434133
   -0.05297506
    0.08722176
    0.01182842
    0.06381147
   -0.05017339
   -0.05165719
    0.06412268
   -0.08109575
   -0.05248169
    0.08540024
   -0.05433307
   -0.05295838
    0.08726918
   -0.32397736
    0.01169730
    0.06382178
   -0.05022466
   -0.05163922
    0.06409963
   -0.08109184
   -0.05244538
    0.08538732
   -0.32391892
    0.01913346
    0.02141275
    0.04329748
    0.04158740
    0.21439512
    0.04811295
    0.01912347
    0.02135875
    0.04326282
    0.04159695
    0.21440612
    0.04813368
   -0.05433250
   -0.05294075
    0.08722793
    0.01176399
    0.06377740
   -0.05020507
   -0.05164191
    0.06415492
   -0.08115492
   -0.05244889
    0.08540844
   -0.05433108
   -0.05294997
    0.08722231
   -0.32389696
    0.01176022
    0.06377802
   -0.05019679
   -0.05164374
    0.06416057
   -0.08116116
   -0.05244905
    0.08541192
   -0.32389574
    0.01914021
    0.02138502
    0.04327943
    0.04160486
    0.21447312
    0.04815499
    0.01914432
    0.02138889
    0.04327458
    0.04159867
    0.21446940
    0.04815176
   -0.05433420
   -0.05295478
    0.08728376
    0.01169516
    0.06382127
   -0.05022894
   -0.05163798
    0.06409448
   -0.08107874
   -0.05245083
    0.08538736
   -0.05434327
   -0.05295229
    0.08725333
   -0.32394917
    0.01182431
    0.06379177
   -0.05019810
   -0.05165416
    0.06411194
   -0.08105833
   -0.05247809
    0.08539406
   -0.32399113
    0.01912375
    0.02135774
    0.04326529
    0.04159920
    0.21439838
    0.04812637
    0.01912409
    0.02140685
    0.04330768
    0.04159878
    0.21439616
    0.04811647
   -0.05435842
   -0.05299201
    0.08723650
    0.01150302
    0.06378597
   -0.05025383
   -0.05165871
    0.06410376
   -0.08124284
   -0.05252545
    0.08538312
   -0.05439426
   -0.05293030
    0.08712967
   -0.32394524
    0.01197214
    0.06369498
   -0.05015926
   -0.05171778
    0.06415718
   -0.08117283
   -0.05260472
    0.08538187
   -0.32408600
    0.01903502
    0.02128834
    0.04316735
    0.04149478
    0.21441311
    0.04802258
    0.01901269
    0.02137998
    0.04328690
    0.04149358
    0.21441677
    0.04800216
