           1           2   1.7166230767407642     
           2           3   1.1214856455761044     
           3           4   1.2422389497167761     
           4           5   1.2471528757635240     
           5           6   1.2373161167800095     
           6           7   1.5924055491499169     
           7           8   1.2240164910760407     
           5           9   1.2259739173346929     
           8           9   1.2018239472063437     
           8          10   1.3446175813780663     
          10          11   1.3569815829445049     
          11          12   1.1067748352876803     
          12          13   1.7309911529882209     
          13          14   1.1088449829697502     
          11          15   1.3242077916505495     
          14          15   1.3250711836074234     
          14          16   1.3538820545622761     
          16          17   1.3465826949195960     
          17          18   1.2156799630637267     
          18          19   1.6081528013619562     
          19          20   1.2151733170611236     
          17          21   1.2097320059401233     
          20          21   1.2114546790230272     
          20          22   1.3416411131855643     
           1          23   1.1148549216479684     
          22          23   1.3670089607825513     
           3          24   1.3622107821298841     
          23          24   1.2984616020086635     
           1          25  0.97278170633547856     
           2          26  0.97142039174690165     
           6          27  0.97182059802186382     
           7          28  0.97291203652644298     
           9          29  0.89995575525696803     
          10          30  0.96368021491417133     
          12          31  0.97273748615323097     
          13          32  0.97278672339142092     
          16          33  0.96470278452819813     
          18          34  0.97287921196387617     
          19          35  0.97281146220423109     
          21          36  0.90028765580362968     
          22          37  0.96351586472855244     
          38          39   1.7165951281524654     
          39          40   1.1214932779597682     
          40          41   1.2421968801504744     
          41          42   1.2469397430049374     
          42          43   1.2373622685685637     
          43          44   1.5923367972827718     
          44          45   1.2240830085649836     
          42          46   1.2260622210738708     
          45          46   1.2017674114686936     
          45          47   1.3445938985822998     
          47          48   1.3570065593034151     
          48          49   1.1067990266732548     
          49          50   1.7309697456705779     
          50          51   1.1088514862875445     
          48          52   1.3241548879047085     
          51          52   1.3251140693950156     
          51          53   1.3538359231244501     
          53          54   1.3466035930605191     
          54          55   1.2156742402524610     
          55          56   1.6081393429468909     
          56          57   1.2151935363861899     
          54          58   1.2097216740325638     
          57          58   1.2114493526935184     
          57          59   1.3416066198118335     
          38          60   1.1148663940753130     
          59          60   1.3670583425683915     
          40          61   1.3623010661598718     
          60          61   1.2984028049323959     
          38          62  0.97278303617304296     
          39          63  0.97141922534658298     
          43          64  0.97182079431292689     
          44          65  0.97291099979371642     
          46          66  0.89997686070723426     
          47          67  0.96368103905747737     
          49          68  0.97273849326391604     
          50          69  0.97278675287190486     
          53          70  0.96469926923761529     
          55          71  0.97287814116455684     
          56          72  0.97281124248551742     
          58          73  0.90030670983449057     
          59          74  0.96351773956810582     
           4          75   1.1939472216722216     
          75          76   2.4346630124694149     
          76          77   1.3368883150314126     
          75          78  0.19168945306414506     
          77          78   2.3492551922052587     
          78          79   1.3380236465040587     
          77          80  0.19136984215609726     
          79          80   2.4310149460570631     
          81          82   2.4281647227048744     
          82          83   1.3404697239842174     
          81          84  0.19105274335083100     
          83          84   2.3449056782495652     
          84          85   1.3404278410009454     
          83          86  0.19097736507411969     
          85          86   2.4281130409558958     
          87          88   2.4280464380821396     
          88          89   1.3405364414477032     
          87          90  0.19098795273327143     
          89          90   2.3447102052462343     
          90          91   1.3405911388252636     
          89          92  0.19100570431862232     
          91          92   2.4279356530657537     
          93          94   2.4279517507927708     
          94          95   1.3406039625052824     
          93          96  0.19100548117147723     
          95          96   2.3446337272081292     
          96          97   1.3405967390786122     
          95          98  0.19102111712118616     
          97          98   2.4279943208843773     
          99         100   2.4281208658946518     
         100         101   1.3404726112991998     
          99         102  0.19101141600467997     
         101         102   2.3448593875067121     
         102         103   1.3404547298757499     
         101         104  0.19103470916283727     
         103         104   2.4281912154822387     
         105         106   2.4307118153183538     
         106         107   1.3383319474890387     
         105         108  0.19140530685905754     
         107         108   2.3488917375552365     
         108         109   1.3371981088331948     
          41         110   1.1942077860777851     
         107         110  0.19173823274952007     
         109         110   2.4344155445294384     
         111         112   1.7155693518384751     
         112         113   1.1234539006099094     
          80         114   1.1984433158990333     
         113         114   1.2402364593999540     
         114         115   1.2424339936171021     
         115         116   1.2416772134641301     
         116         117   1.5869250788611056     
         117         118   1.2283837520640626     
         115         119   1.2265083765250377     
         118         119   1.2033362103331919     
         118         120   1.3349541925885582     
         120         121   1.3724767438667171     
         121         122   1.1148525753985568     
         122         123   1.7157837122532402     
         123         124   1.1232272102148433     
         121         125   1.2938713463642642     
         124         125   1.3639425499765507     
          81         126   1.1999112220455790     
         124         126   1.2389980761199180     
         126         127   1.2420449998403360     
         127         128   1.2414856040899063     
         128         129   1.5872094997058679     
         129         130   1.2280369173488057     
         127         131   1.2269574294985823     
         130         131   1.2027493669643963     
         130         132   1.3361245070215997     
         111         133   1.1149968098462679     
         132         133   1.3711024420582867     
         113         134   1.3626855571473520     
         133         134   1.2950667572502459     
         111         135  0.97276425536246069     
         112         136  0.97152843338333594     
         116         137  0.97198781092138420     
         117         138  0.97290547706611863     
         119         139  0.89784074263141400     
         120         140  0.96297823665881355     
         122         141  0.97275992504567854     
         123         142  0.97151943537994245     
         128         143  0.97200484409865739     
         129         144  0.97290393358962424     
         131         145  0.89780129868879321     
         132         146  0.96297795629760574     
         147         148   1.7156100404078924     
         148         149   1.1233552891055383     
          86         150   1.2000417808092019     
         149         150   1.2389952678966640     
         150         151   1.2419677991043088     
         151         152   1.2417523243795363     
         152         153   1.5867985493134427     
         153         154   1.2284491118535605     
         151         155   1.2268289880400409     
         154         155   1.2030626371056323     
         154         156   1.3351753620897875     
         156         157   1.3722573080426641     
         157         158   1.1148943282645520     
         158         159   1.7157438027443315     
         159         160   1.1232515310361764     
         157         161   1.2940062910381389     
         160         161   1.3638632512908424     
          87         162   1.2000266224949054     
         160         162   1.2390943054355876     
         162         163   1.2417864366992672     
         163         164   1.2416494230922135     
         164         165   1.5869088270783800     
         165         166   1.2283750604405825     
         163         167   1.2269882681691346     
         166         167   1.2028707974927206     
         166         168   1.3354780985777130     
         147         169   1.1150124369179131     
         168         169   1.3719599384889116     
         149         170   1.3637265097320355     
         169         170   1.2941382913935544     
         147         171  0.97275835596636440     
         148         172  0.97152389215441559     
         152         173  0.97198207812027626     
         153         174  0.97290193632010102     
         155         175  0.89797037864645080     
         156         176  0.96297440434677872     
         158         177  0.97275809431445426     
         159         178  0.97152319931070474     
         164         179  0.97198513959318600     
         165         180  0.97289873931215554     
         167         181  0.89795733137392475     
         168         182  0.96297081431650711     
         183         184   1.7156309550895750     
         184         185   1.1233973391346110     
          92         186   1.2001589373438948     
         185         186   1.2391093661887573     
         186         187   1.2417201634183754     
         187         188   1.2417498920853962     
         188         189   1.5868745792228731     
         189         190   1.2283210873331059     
         187         191   1.2269466234323498     
         190         191   1.2030406887585985     
         190         192   1.3353415585955928     
         192         193   1.3720853151009647     
         193         194   1.1149397304433737     
         194         195   1.7156154639674752     
         195         196   1.1234106518251967     
         193         197   1.2941030787852315     
         196         197   1.3636843967266614     
          93         198   1.2001516547621962     
         196         198   1.2390554382215970     
         198         199   1.2417748227572014     
         199         200   1.2417507896050419     
         200         201   1.5868775195773015     
         201         202   1.2283137851524184     
         199         203   1.2269309402893125     
         202         203   1.2030619066648671     
         202         204   1.3353295894192416     
         183         205   1.1149251664268431     
         204         205   1.3720792894398128     
         185         206   1.3636832719027552     
         205         206   1.2941298368790073     
         183         207  0.97275785029132855     
         184         208  0.97152843187284077     
         188         209  0.97199404120301025     
         189         210  0.97289652179872166     
         191         211  0.89769181774029438     
         192         212  0.96294636345504681     
         194         213  0.97275716476546148     
         195         214  0.97152759948495249     
         200         215  0.97199603841373050     
         201         216  0.97289708174489198     
         203         217  0.89768310621933300     
         204         218  0.96294935037466201     
         219         220   1.7157571358888726     
         220         221   1.1232149990982678     
          98         222   1.2000295557882987     
         221         222   1.2390958934394884     
         222         223   1.2417837287789786     
         223         224   1.2416547498413126     
         224         225   1.5868928469149837     
         225         226   1.2283974180060939     
         223         227   1.2269732535613331     
         226         227   1.2028622914586129     
         226         228   1.3354734438500271     
         228         229   1.3719551364635185     
         229         230   1.1149976047749670     
         230         231   1.7156289842998074     
         231         232   1.1233150647399559     
         229         233   1.2941593748889086     
         232         233   1.3637242218942807     
          99         234   1.2000200776665442     
         232         234   1.2391803634573961     
         234         235   1.2417938144548375     
         235         236   1.2417813762599677     
         236         237   1.5867590926677002     
         237         238   1.2284972334844650     
         235         239   1.2268642772657719     
         238         239   1.2030306303595730     
         238         240   1.3351608280544665     
         219         241   1.1149035617409235     
         240         241   1.3722808766169412     
         221         242   1.3639257041972341     
         241         242   1.2939607838233598     
         219         243  0.97275796075053411     
         220         244  0.97150973055881062     
         224         245  0.97198941770678826     
         225         246  0.97289911869213064     
         227         247  0.89799339494584196     
         228         248  0.96297576730997303     
         230         249  0.97275912333099579     
         231         250  0.97151141943581831     
         236         251  0.97198562981731496     
         237         252  0.97290091233149478     
         239         253  0.89800500612678569     
         240         254  0.96297716695028968     
         255         256   1.7157724723405468     
         256         257   1.1232339376536333     
         104         258   1.1999194637211836     
         257         258   1.2390302704845733     
         258         259   1.2419810919935250     
         259         260   1.2415099726185401     
         260         261   1.5871689199525203     
         261         262   1.2280749630541321     
         259         263   1.2269735412791558     
         262         263   1.2027561840960004     
         262         264   1.3360546741852244     
         264         265   1.3711931166917053     
         265         266   1.1150288643182305     
         266         267   1.7155294780938863     
         267         268   1.1234834873509829     
         265         269   1.2949408672364402     
         268         269   1.3628236581944817     
         105         270   1.1987613288674170     
         268         270   1.2400433843166303     
         270         271   1.2423270709366216     
         271         272   1.2417149411544188     
         272         273   1.5868948000780740     
         273         274   1.2283880093939956     
         271         275   1.2265436467572051     
         274         275   1.2033223624211171     
         274         276   1.3349647934694671     
         255         277   1.1148640149858906     
         276         277   1.3724709773391977     
         257         278   1.3639426488963671     
         277         278   1.2938635573268342     
         255         279  0.97275944932447478     
         256         280  0.97152376080536185     
         260         281  0.97200003961807002     
         261         282  0.97290424892479044     
         263         283  0.89780045098018046     
         264         284  0.96297788140243112     
         266         285  0.97276373316451248     
         267         286  0.97153570843914006     
         272         287  0.97198233090036379     
         273         288  0.97290607042606125     
         275         289  0.89784764445061094     
         276         290  0.96297791584105352     
