   -0.29216124
   -0.05211433
   -0.05058944
    0.07368224
    0.02515689
    0.07370481
   -0.05054520
   -0.05211678
    0.07313862
   -0.04789365
   -0.04137954
    0.07430331
   -0.05121263
   -0.05128297
    0.07460418
   -0.04680783
   -0.04312283
    0.07460655
   -0.05128335
   -0.05121282
    0.07429997
   -0.04682733
   -0.04137015
    0.07313398
   -0.04785640
    0.03535866
    0.03743478
    0.03742978
    0.03534410
    0.04917502
    0.03585599
    0.03576582
    0.04853926
    0.03576527
    0.03585435
    0.04918086
   -0.29214406
   -0.05211223
   -0.05058779
    0.07366317
    0.02514637
    0.07369291
   -0.05055316
   -0.05212464
    0.07314789
   -0.04790542
   -0.04140213
    0.07430443
   -0.05121506
   -0.05128493
    0.07460495
   -0.04682083
   -0.04313492
    0.07460667
   -0.05128497
   -0.05121586
    0.07430269
   -0.04683018
   -0.04139152
    0.07314501
   -0.04787573
    0.03535324
    0.03741801
    0.03742395
    0.03534825
    0.04916624
    0.03585090
    0.03576017
    0.04853091
    0.03575980
    0.03584754
    0.04917062
   -0.01980478
   -0.00951669
   -0.00156898
   -0.00213154
   -0.00904646
   -0.02041429
   -0.02035171
   -0.00902987
   -0.00208804
   -0.00154615
   -0.00950038
   -0.01975939
   -0.28621824
   -0.05194612
   -0.05054298
    0.07400495
    0.02525393
    0.07404622
   -0.05049209
   -0.05195274
    0.07299759
   -0.04972895
   -0.03943323
    0.07300406
   -0.05194433
   -0.05052530
    0.07401063
   -0.04971183
    0.02526902
    0.07403079
   -0.05049147
   -0.05195350
    0.07300514
   -0.04972909
   -0.03942936
    0.07299212
   -0.04970787
    0.03541909
    0.03745112
    0.03744935
    0.03540740
    0.04978531
    0.03542051
    0.03744839
    0.03744691
    0.03541768
    0.04978695
