           2           3   1.6453340877249978     
           3           4   1.1786616953122029     
           4           5   1.2510734971226281     
           5           6   1.2513799883370258     
           6           7   1.1786361344662251     
           7           8   1.6453350342521169     
           8           9   1.1698170086755570     
           1          10  0.75278222179211896     
           6          10   1.2618262616746483     
           9          10   1.2265662568842777     
           9          11   1.3554148502609287     
          11          12   1.3532709102189351     
          12          13   1.1611965673833859     
          13          14   1.6610965723232072     
          14          15   1.1605314906399560     
           1          16  0.75117775967920830     
          12          16   1.2393497917006013     
          15          16   1.2421776735801735     
          15          17   1.3529683948914577     
          17          18   1.3529670585442606     
          18          19   1.1605330949742709     
          19          20   1.6610770668260000     
          20          21   1.1612208202967877     
           1          22  0.75111032215326323     
          18          22   1.2421847300898841     
          21          22   1.2393863362283519     
          21          23   1.3532232002376461     
           2          24   1.1698207940567618     
          23          24   1.3554779403729760     
           1          25  0.75277752956270150     
           4          25   1.2619151461034963     
          24          25   1.2264711318410506     
           2          26  0.97179206609126734     
           3          27  0.96994990030652273     
           7          28  0.96994817473850048     
           8          29  0.97179320896663912     
          11          30  0.96375792549444927     
          13          31  0.97168575326573703     
          14          32  0.97171193261182753     
          17          33  0.96407728758055888     
          19          34  0.97171274519909046     
          20          35  0.97168651659365679     
          23          36  0.96375493491472974     
          38          39   1.6453748431941215     
          39          40   1.1786317102332009     
          40          41   1.2513372996520318     
          41          42   1.2516307721286350     
          42          43   1.1785740978056178     
          43          44   1.6453977568924318     
          44          45   1.1697863493950569     
          37          46  0.75278815701742019     
          42          46   1.2617221850037363     
          45          46   1.2266686191125324     
          45          47   1.3553731420852471     
          47          48   1.3533322015370557     
          48          49   1.1611669280304013     
          49          50   1.6611267693813618     
          50          51   1.1605116504296618     
          37          52  0.75115632256228615     
          48          52   1.2393745529123703     
          51          52   1.2422209098743096     
          51          53   1.3529809416986749     
          53          54   1.3530041767925369     
          54          55   1.1605104718764936     
          55          56   1.6611143259401278     
          56          57   1.1611837014533486     
          37          58  0.75112771833018821     
          54          58   1.2421944147465951     
          57          58   1.2394116913461775     
          57          59   1.3532899141147952     
          38          60   1.1697978934347386     
          59          60   1.3554143629490922     
          37          61  0.75274818761929319     
          40          61   1.2618012242044947     
          60          61   1.2265980411976509     
          38          62  0.97178929297501360     
          39          63  0.96994936629844586     
          43          64  0.96992854236013504     
          44          65  0.97179401216924388     
          47          66  0.96376112973733208     
          49          67  0.97168533746532615     
          50          68  0.97171167065535913     
          53          69  0.96407997463309691     
          55          70  0.97171160401058465     
          56          71  0.97168561018285904     
          59          72  0.96375856519108449     
           5          73   1.1830706405317148     
          73          74   2.4473861424976313     
          74          75   1.3296683264190592     
          73          76  0.19349004078696153     
          75          76   2.3607003978833507     
          76          77   1.3304222252242002     
          75          78  0.19329083110182643     
          77          78   2.4449450229081031     
          79          80   2.4454136166965346     
          80          81   1.3299282165156932     
          79          82  0.19321303844903703     
          81          82   2.3611958999362401     
          82          83   1.3291736071116973     
          41          84   1.1825515043273198     
          81          84  0.19342490074905982     
          83          84   2.4478715598849003     
          86          87   1.6437828996826613     
          87          88   1.1793994875603460     
          78          89   1.1856232135378448     
          88          89   1.2486378193042651     
          89          90   1.2489195657714156     
          90          91   1.1793455973497111     
          91          92   1.6438168392951198     
          92          93   1.1710926567320878     
          85          94  0.74891302407269500     
          90          94   1.2644874272259032     
          93          94   1.2251463269745331     
          93          95   1.3545328132703862     
          95          96   1.3544341959383981     
          96          97   1.1710957534630115     
          97          98   1.6438556698213520     
          98          99   1.1793205312009247     
          85         100  0.74889383037274981     
          96         100   1.2252175004854422     
          99         100   1.2643666727355123     
          79         101   1.1851397533396455     
          99         101   1.2489244587557491     
         101         102   1.2490713558907545     
         102         103   1.1793072081044702     
         103         104   1.6438523158688172     
         104         105   1.1710872185782988     
          85         106  0.74892365391533544     
         102         106   1.2643749068255514     
         105         106   1.2252043083619730     
         105         107   1.3544633984402918     
          86         108   1.1711263031270998     
         107         108   1.3545159918295635     
          85         109  0.74887954201867246     
          88         109   1.2645051684509641     
         108         109   1.2251183157867482     
          86         110  0.97177413373865018     
          87         111  0.96995657813343072     
          91         112  0.96994265243567290     
          92         113  0.97177600029237443     
          95         114  0.96346752651931955     
          97         115  0.97177232306901229     
          98         116  0.96994921929420685     
         103         117  0.96994275148101761     
         104         118  0.97177594583512472     
         107         119  0.96346572770223315     
