   -0.05476288
   -0.05306914
    0.08708424
    0.01177170
    0.06409115
   -0.04981815
   -0.05177140
    0.06433519
   -0.08105552
   -0.05488684
    0.08682265
   -0.05372635
   -0.05376816
    0.08649320
   -0.32080055
   -0.05664389
    0.06503347
   -0.05103937
   -0.05086590
    0.06567719
   -0.08087989
   -0.05491336
    0.08551396
   -0.32474502
    0.01856746
    0.02065397
    0.04325754
    0.04147961
    0.21412822
    0.04706185
    0.01953281
    0.01956115
    0.04624882
    0.04198721
    0.04192754
    0.21440146
    0.04706782
   -0.05476390
   -0.05306100
    0.08709326
    0.01178071
    0.06411564
   -0.04982596
   -0.05176941
    0.06430574
   -0.08103095
   -0.05488759
    0.08681444
   -0.05372743
   -0.05376850
    0.08648382
   -0.32082200
   -0.05665364
    0.06500416
   -0.05103941
   -0.05086873
    0.06571247
   -0.08088891
   -0.05489926
    0.08552609
   -0.32472408
    0.01856589
    0.02065584
    0.04325221
    0.04148592
    0.21412488
    0.04706669
    0.01953228
    0.01956163
    0.04624987
    0.04198875
    0.04192544
    0.21441032
    0.04706894
   -0.02165888
   -0.01138041
   -0.01043633
   -0.02254922
   -0.02177827
   -0.01073579
   -0.01046249
   -0.02203567
   -0.02180553
   -0.01058625
   -0.01049194
   -0.02190034
   -0.02183371
   -0.01054440
   -0.01052940
   -0.02183973
   -0.02191021
   -0.01047967
   -0.01058243
   -0.02180457
   -0.02203471
   -0.01045106
   -0.01072617
   -0.02179736
   -0.02255383
   -0.01044651
   -0.01138138
   -0.02166445
   -0.05454803
   -0.05293789
    0.08689566
    0.01234262
    0.06358834
   -0.05007691
   -0.05181902
    0.06403916
   -0.08113043
   -0.05269267
    0.08519147
   -0.05451251
   -0.05301240
    0.08699833
   -0.32397803
    0.01184155
    0.06366358
   -0.05018275
   -0.05176403
    0.06399278
   -0.08121814
   -0.05260005
    0.08521493
   -0.32382417
    0.01874449
    0.02074660
    0.04306060
    0.04133990
    0.21439315
    0.04781532
    0.01875664
    0.02064982
    0.04294205
    0.04133727
    0.21439810
    0.04784025
   -0.05450751
   -0.05299373
    0.08700089
    0.01218147
    0.06365184
   -0.05012209
   -0.05177986
    0.06399736
   -0.08105105
   -0.05252220
    0.08518152
   -0.05449466
   -0.05304077
    0.08703225
   -0.32381377
    0.01199971
    0.06371076
   -0.05013988
   -0.05175181
    0.06397426
   -0.08110171
   -0.05249867
    0.08517871
   -0.32378689
    0.01883981
    0.02075184
    0.04307113
    0.04141764
    0.21441989
    0.04793921
    0.01885107
    0.02071670
    0.04301033
    0.04140883
    0.21440654
    0.04793905
   -0.05449098
   -0.05300462
    0.08704192
    0.01213278
    0.06369750
   -0.05013131
   -0.05175865
    0.06398722
   -0.08100905
   -0.05248912
    0.08519051
   -0.05449053
   -0.05299398
    0.08707914
   -0.32382250
    0.01208940
    0.06371043
   -0.05015497
   -0.05174534
    0.06396541
   -0.08100142
   -0.05248505
    0.08518718
   -0.32380459
    0.01887769
    0.02077819
    0.04306007
    0.04145256
    0.21438373
    0.04796185
    0.01886972
    0.02076618
    0.04304416
    0.04146212
    0.21438341
    0.04797249
   -0.05448802
   -0.05301978
    0.08703505
    0.01207677
    0.06371487
   -0.05013414
   -0.05175330
    0.06397859
   -0.08104964
   -0.05248734
    0.08517977
   -0.05449086
   -0.05302554
    0.08701551
   -0.32375620
    0.01213018
    0.06373170
   -0.05011357
   -0.05176381
    0.06398128
   -0.08104113
   -0.05250107
    0.08518908
   -0.32379496
    0.01887820
    0.02073356
    0.04305909
    0.04144158
    0.21440357
    0.04797460
    0.01888471
    0.02074616
    0.04307467
    0.04143694
    0.21439416
    0.04796379
   -0.05448944
   -0.05300939
    0.08703203
    0.01201500
    0.06371057
   -0.05015618
   -0.05175259
    0.06396310
   -0.08107836
   -0.05249797
    0.08518128
   -0.05450545
   -0.05297700
    0.08700823
   -0.32379131
    0.01218753
    0.06364621
   -0.05013493
   -0.05177514
    0.06398907
   -0.08104983
   -0.05252270
    0.08518692
   -0.32382699
    0.01884144
    0.02074107
    0.04299319
    0.04141809
    0.21440234
    0.04794435
    0.01883380
    0.02076566
    0.04306053
    0.04142210
    0.21440706
    0.04793994
   -0.05451327
   -0.05302843
    0.08696983
    0.01184422
    0.06365462
   -0.05017200
   -0.05177401
    0.06402465
   -0.08126563
   -0.05259174
    0.08521895
   -0.05455096
   -0.05293598
    0.08689076
   -0.32379626
    0.01233245
    0.06358009
   -0.05008046
   -0.05181707
    0.06403358
   -0.08116012
   -0.05269597
    0.08518168
   -0.32393891
    0.01876031
    0.02063443
    0.04294133
    0.04132040
    0.21443131
    0.04783958
    0.01873991
    0.02072592
    0.04306002
    0.04133558
    0.21441939
    0.04782638
