           1           2   1.7164144995809369     
           2           3   1.1215796851736832     
           3           4   1.2429774411087573     
           4           5   1.2478828969332969     
           5           6   1.2373502364631734     
           6           7   1.5923406386903460     
           7           8   1.2240168880811184     
           5           9   1.2260225132254570     
           8           9   1.2020194864789504     
           8          10   1.3443705221870452     
          10          11   1.3571350176995014     
          11          12   1.1068119962673189     
          12          13   1.7309384111244563     
          13          14   1.1088588659671683     
          11          15   1.3240522497244300     
          14          15   1.3251936202750501     
          14          16   1.3537977373647996     
          16          17   1.3464612384166652     
          17          18   1.2157619668831607     
          18          19   1.6079534674337137     
          19          20   1.2153469459093995     
          17          21   1.2097923030737145     
          20          21   1.2113145419854991     
          20          22   1.3415672207546794     
           1          23   1.1150488248100352     
          22          23   1.3670545723225076     
           3          24   1.3624796465614812     
          23          24   1.2983404674158328     
           1          25  0.97278454709340501     
           2          26  0.97151797799898298     
           6          27  0.97187161514538145     
           7          28  0.97291687498778068     
           9          29  0.89993519241792086     
          10          30  0.96369294556080309     
          12          31  0.97274137848886910     
          13          32  0.97279193462847746     
          16          33  0.96471832551345837     
          18          34  0.97289033966614846     
          19          35  0.97282317195968160     
          21          36  0.90032477821490053     
          22          37  0.96353471223411480     
          38          39   1.7164445949475491     
          39          40   1.1215507288460889     
          40          41   1.2429341181542595     
          41          42   1.2477160297185959     
          42          43   1.2373816468780086     
          43          44   1.5922823241607444     
          44          45   1.2240813916789071     
          42          46   1.2261200336654303     
          45          46   1.2019418373410453     
          45          47   1.3443646453775879     
          47          48   1.3571393351461021     
          48          49   1.1068470087139979     
          49          50   1.7308851439180710     
          50          51   1.1089107766125956     
          48          52   1.3240090854896418     
          51          52   1.3251641186419567     
          51          53   1.3537659850775103     
          53          54   1.3464926448937700     
          54          55   1.2157774603670575     
          55          56   1.6079647020655821     
          56          57   1.2153096020944185     
          54          58   1.2097393123093458     
          57          58   1.2113805713596522     
          57          59   1.3415313635372434     
          38          60   1.1150075876881220     
          59          60   1.3670916535288351     
          40          61   1.3625730807109817     
          60          61   1.2983448980745744     
          38          62  0.97278596510332682     
          39          63  0.97152156261534850     
          43          64  0.97187120739503319     
          44          65  0.97291727597224675     
          46          66  0.89996460571497905     
          47          67  0.96369259570081112     
          49          68  0.97274135081382884     
          50          69  0.97279116631386764     
          53          70  0.96471986102077623     
          55          71  0.97289062796498793     
          56          72  0.97282211113582440     
          58          73  0.90028033184014866     
          59          74  0.96353280685869958     
           4          75   1.1920699763334159     
          75          76   2.4606685295124655     
          76          77   1.3110845718773527     
          75          78  0.20163557923880082     
          77          78   2.4582733171729370     
          79          80   2.4541579079487339     
          80          81   1.3146126985403457     
          79          82  0.20107865878326434     
          81          82   2.4539887607949020     
          83          84   2.4536522690738192     
          84          85   1.3148883990408162     
          83          86  0.20104256460430620     
          85          86   2.4536762473969826     
          87          88   2.4536986644366765     
          88          89   1.3148644521775870     
          87          90  0.20102878999508272     
          89          90   2.4536829951682151     
          91          92   2.4536713798794723     
          92          93   1.3148495239927733     
          91          94  0.20102759380772939     
          93          94   2.4537210785954322     
          95          96   2.4540369929522177     
          96          97   1.3146100958573008     
          95          98  0.20106524721851743     
          97          98   2.4540900506690440     
          99         100   2.4580524347988955     
         100         101   1.3112960445628414     
          41         102   1.1922793720354086     
          99         102  0.20166952359381485     
         101         102   2.4604815213938966     
         103         104   1.7154534764566112     
         104         105   1.1235137436859741     
          78         106   1.1959880508935377     
         105         106   1.2412808331985208     
         106         107   1.2432871569934347     
         107         108   1.2416483680019603     
         108         109   1.5868904205159651     
         109         110   1.2284056478325058     
         107         111   1.2265629158062281     
         110         111   1.2034254473598927     
         110         112   1.3347669173171179     
         112         113   1.3726150434158317     
         113         114   1.1150334737501204     
         114         115   1.7155614668554009     
         115         116   1.1233575483899774     
         113         117   1.2937277384626409     
         116         117   1.3642353920083041     
          79         118   1.1980879596974183     
         116         118   1.2397603281334140     
         118         119   1.2425778841759390     
         119         120   1.2416063430170345     
         120         121   1.5870388895707312     
         121         122   1.2281141258941362     
         119         123   1.2271003926490582     
         122         123   1.2028342329586623     
         122         124   1.3359058289396781     
         103         125   1.1151062904059899     
         124         125   1.3712173716873493     
         105         126   1.3627996111622154     
         125         126   1.2950716232849060     
         103         127  0.97277059749766315     
         104         128  0.97164012470287431     
         108         129  0.97203008712932659     
         109         130  0.97291878651865626     
         111         131  0.89781951489606915     
         112         132  0.96300057744591616     
         114         133  0.97276576855629671     
         115         134  0.97163602365816737     
         120         135  0.97204684845150591     
         121         136  0.97291639949989528     
         123         137  0.89770829599856417     
         124         138  0.96299904762630639     
         139         140   1.7153549743524237     
         140         141   1.1234913070532089     
          82         142   1.1983350887508966     
         141         142   1.2397053910056846     
         142         143   1.2423896541328583     
         143         144   1.2419748480773702     
         144         145   1.5864854497767245     
         145         146   1.2286415038027818     
         143         147   1.2269523358392755     
         146         147   1.2032302531389578     
         146         148   1.3347217439269978     
         148         149   1.3727049099770379     
         149         150   1.1151371153169181     
         150         151   1.7154995995699036     
         151         152   1.1233478498228668     
         149         153   1.2934652040421177     
         152         153   1.3645481216755240     
          83         154   1.1985035823943400     
         152         154   1.2393124515731495     
         154         155   1.2425028405791398     
         155         156   1.2418053961822444     
         156         157   1.5866531626180129     
         157         158   1.2285006466959478     
         155         159   1.2270953033474274     
         158         159   1.2029892505380502     
         158         160   1.3351818995523907     
         139         161   1.1152191317182865     
         160         161   1.3721793432864537     
         141         162   1.3641154067546275     
         161         162   1.2938827686338192     
         139         163  0.97276457856180798     
         140         164  0.97162372968932409     
         144         165  0.97204076967875364     
         145         166  0.97291420166124287     
         147         167  0.89783898496674686     
         148         168  0.96299091264345194     
         150         169  0.97276289198802413     
         151         170  0.97162585988438221     
         156         171  0.97204785687081963     
         157         172  0.97291464954326945     
         159         173  0.89785286476937864     
         160         174  0.96299225201688854     
         175         176   1.7154679114189575     
         176         177   1.1233816409834001     
          86         178   1.1984731561204016     
         177         178   1.2396029481069477     
         178         179   1.2423026075429993     
         179         180   1.2419375040661631     
         180         181   1.5864703979349226     
         181         182   1.2286976119557123     
         179         183   1.2270786089880221     
         182         183   1.2030441816943731     
         182         184   1.3348671064662978     
         184         185   1.3725520808628233     
         185         186   1.1151042151361010     
         186         187   1.7155250467392231     
         187         188   1.1233202755391263     
         185         189   1.2936610489678986     
         188         189   1.3644052067094279     
          87         190   1.1984547072501384     
         188         190   1.2396615186237780     
         190         191   1.2422252709295150     
         191         192   1.2418700658834354     
         192         193   1.5865375665988808     
         193         194   1.2286599831339275     
         191         195   1.2271467950619801     
         194         195   1.2029365601579940     
         194         196   1.3350248322906686     
         175         197   1.1151471479551545     
         196         197   1.3723935067991226     
         177         198   1.3642882134651544     
         197         198   1.2937489292753739     
         175         199  0.97276292467833070     
         176         200  0.97162002604843689     
         180         201  0.97203968536617402     
         181         202  0.97291256628631695     
         183         203  0.89796955933713085     
         184         204  0.96299789526302970     
         186         205  0.97276461311330809     
         187         206  0.97162146500801760     
         192         207  0.97203768898699494     
         193         208  0.97291229536859603     
         195         209  0.89799929610939999     
         196         210  0.96299647438793834     
         211         212   1.7155025195703357     
         212         213   1.1233608649495483     
          90         214   1.1984916438240907     
         213         214   1.2394316873863582     
         214         215   1.2424291698724648     
         215         216   1.2418941773964742     
         216         217   1.5865158812629083     
         217         218   1.2286395182691483     
         215         219   1.2270712165657669     
         218         219   1.2030429810149035     
         218         220   1.3349572832152243     
         220         221   1.3724560587312868     
         221         222   1.1151414006271658     
         222         223   1.7154664612628652     
         223         224   1.1234070453494578     
         221         225   1.2936773803543085     
         224         225   1.3643816239972337     
          91         226   1.1984997701810345     
         224         226   1.2393320098591709     
         226         227   1.2425281299298792     
         227         228   1.2419016430976777     
         228         229   1.5864967515142925     
         229         230   1.2286619520994726     
         227         231   1.2270322086484364     
         230         231   1.2031007099412714     
         230         232   1.3348644131308398     
         211         233   1.1151234928202509     
         232         233   1.3725448827718392     
         213         234   1.3644090308463483     
         233         234   1.2936237619025877     
         211         235  0.97276199508515504     
         212         236  0.97161558851464092     
         216         237  0.97204491845447705     
         217         238  0.97291451223231018     
         219         239  0.89792393740610998     
         220         240  0.96299304900290605     
         222         241  0.97276106660348494     
         223         242  0.97162151870384295     
         228         243  0.97204289856070636     
         229         244  0.97291533258339080     
         231         245  0.89793774470537857     
         232         246  0.96299556688897980     
         247         248   1.7155059179261982     
         248         249   1.1233922342822136     
          94         250   1.1984584779040568     
         249         250   1.2395904794775445     
         250         251   1.2422728716887295     
         251         252   1.2418132926457344     
         252         253   1.5866718084059253     
         253         254   1.2284903603044774     
         251         255   1.2271865740955623     
         254         255   1.2029217309020361     
         254         256   1.3352375041910152     
         256         257   1.3721147933457707     
         257         258   1.1151959471451318     
         258         259   1.7153400366409377     
         259         260   1.1235286006418348     
         257         261   1.2939876061385653     
         260         261   1.3639907049627167     
          95         262   1.1983221620828794     
         260         262   1.2398902629578714     
         262         263   1.2422049597046840     
         263         264   1.2419966881713369     
         264         265   1.5864772386676080     
         265         266   1.2286530602647132     
         263         267   1.2270303259533724     
         266         267   1.2031550120812167     
         266         268   1.3347725917992055     
         247         269   1.1150818018404631     
         268         269   1.3726175106597953     
         249         270   1.3643511313351571     
         269         270   1.2936492846784327     
         247         271  0.97276452120802748     
         248         272  0.97163968858561545     
         252         273  0.97203969668489143     
         253         274  0.97291371831420403     
         255         275  0.89782798239230355     
         256         276  0.96298616948300986     
         258         277  0.97276554519398906     
         259         278  0.97163428538715224     
         264         279  0.97203685533541939     
         265         280  0.97291369324331956     
         267         281  0.89781866313481840     
         268         282  0.96298538890634344     
         283         284   1.7155027360916586     
         284         285   1.1234602047565607     
          98         286   1.1981731180486104     
         285         286   1.2395992455670828     
         286         287   1.2426677100670542     
         287         288   1.2416178394056212     
         288         289   1.5870338804571245     
         289         290   1.2280869027694226     
         287         291   1.2270967950691085     
         290         291   1.2029009560653878     
         290         292   1.3358578343309373     
         292         293   1.3712771141466467     
         293         294   1.1150981767713353     
         294         295   1.7154484109057984     
         295         296   1.1235138486433141     
         293         297   1.2949998804522873     
         296         297   1.3629204570179512     
          99         298   1.1962501427422791     
         296         298   1.2411525444878706     
         298         299   1.2431718380736712     
         299         300   1.2417197079719744     
         300         301   1.5868330316635495     
         301         302   1.2284133819558654     
         299         303   1.2265901576440350     
         302         303   1.2034370690079157     
         302         304   1.3347491630791288     
         283         305   1.1150337158709123     
         304         305   1.3726158448465657     
         285         306   1.3641732422670860     
         305         306   1.2937262893573922     
         283         307  0.97276401219050712     
         284         308  0.97164245690312345     
         288         309  0.97205180233403743     
         289         310  0.97291665879127376     
         291         311  0.89757567518777026     
         292         312  0.96299407244846613     
         294         313  0.97276990743385239     
         295         314  0.97163456874178367     
         300         315  0.97203952352247192     
         301         316  0.97291980521907995     
         303         317  0.89775018478808155     
         304         318  0.96299159954905511     
