    0.19830067
   -0.05059986
   -0.04886539
    0.07866170
    0.01721351
    0.07867411
   -0.04885211
   -0.05060065
    0.07713834
   -0.17139146
   -0.04951280
    0.07845591
   -0.04956685
   -0.04975138
    0.07915557
   -0.16973393
   -0.05133031
    0.07915587
   -0.04975203
   -0.04956666
    0.07845383
   -0.16973126
   -0.04950804
    0.07713485
   -0.17138023
    0.03457172
    0.03629632
    0.03631691
    0.03456640
    0.05007624
    0.03524496
    0.03517578
    0.04935657
    0.03517561
    0.03524447
    0.05007902
    0.19826027
   -0.05059121
   -0.04886634
    0.07865028
    0.01721881
    0.07866441
   -0.04884975
   -0.05059319
    0.07716373
   -0.17141509
   -0.04953051
    0.07846420
   -0.04956375
   -0.04974630
    0.07915589
   -0.16973817
   -0.05133581
    0.07915656
   -0.04974783
   -0.04956411
    0.07846129
   -0.16973738
   -0.04952478
    0.07715860
   -0.17140208
    0.03458120
    0.03633119
    0.03634970
    0.03457609
    0.05007216
    0.03524630
    0.03517648
    0.04935825
    0.03517614
    0.03524549
    0.05007531
   -0.02049326
   -0.00896886
   -0.00915878
   -0.02014187
   -0.02025697
   -0.00896702
   -0.00904456
   -0.02017784
   -0.02021667
   -0.00901364
   -0.00901244
   -0.02021161
   -0.02018135
   -0.00904581
   -0.00897487
   -0.02026527
   -0.02010229
   -0.00913319
   -0.00894831
   -0.02044768
    0.20024272
   -0.05060473
   -0.04923088
    0.07901821
    0.01705302
    0.07903168
   -0.04920496
   -0.05060436
    0.07656032
   -0.17289779
   -0.04728478
    0.07654011
   -0.05061170
   -0.04918450
    0.07903554
   -0.17281955
    0.01720039
    0.07902512
   -0.04920403
   -0.05061079
    0.07653623
   -0.17280587
   -0.04727627
    0.07655511
   -0.17288360
    0.03402328
    0.03551125
    0.03552437
    0.03401519
    0.05024670
    0.03404835
    0.03564441
    0.03564639
    0.03405324
    0.05025352
    0.20051358
   -0.05059179
   -0.04921174
    0.07904764
    0.01708409
    0.07903863
   -0.04922571
   -0.05059197
    0.07650693
   -0.17278995
   -0.04720013
    0.07650734
   -0.05059128
   -0.04922254
    0.07904010
   -0.17278377
    0.01712207
    0.07904657
   -0.04920477
   -0.05059193
    0.07650826
   -0.17278797
   -0.04720296
    0.07650786
   -0.17279631
    0.03405982
    0.03560624
    0.03561718
    0.03406412
    0.05029745
    0.03407171
    0.03564104
    0.03563013
    0.03406658
    0.05029261
    0.20050207
   -0.05059326
   -0.04922143
    0.07904101
    0.01712223
    0.07904472
   -0.04920514
   -0.05059220
    0.07651146
   -0.17279143
   -0.04720252
    0.07651114
   -0.05059111
   -0.04920806
    0.07904822
   -0.17280513
    0.01708211
    0.07903768
   -0.04922887
   -0.05059076
    0.07650842
   -0.17278984
   -0.04719662
    0.07650864
   -0.17278232
    0.03407188
    0.03563932
    0.03563249
    0.03406699
    0.05029029
    0.03405916
    0.03560785
    0.03561574
    0.03406563
    0.05029634
    0.20021219
   -0.05060824
   -0.04917855
    0.07904325
    0.01719334
    0.07902947
   -0.04920342
   -0.05060880
    0.07655107
   -0.17281542
   -0.04729477
    0.07658309
   -0.05059836
   -0.04923039
    0.07900777
   -0.17289884
    0.01705249
    0.07901935
   -0.04920790
   -0.05059850
    0.07658977
   -0.17291502
   -0.04730475
    0.07655628
   -0.17282910
    0.03405367
    0.03564757
    0.03565881
    0.03406020
    0.05024918
    0.03403735
    0.03555037
    0.03556411
    0.03403007
    0.05024033
