           2           3   1.6500258088593069     
           3           4   1.1750907308168839     
           4           5   1.2494344242074260     
           5           6   1.2495682701913449     
           6           7   1.1750805842229428     
           7           8   1.6500337754938215     
           8           9   1.1670730869464225     
           1          10  0.53349647735088768     
           6          10   1.2882047936279668     
           9          10   1.2486887694996256     
           9          11   1.3548831004919459     
          11          12   1.3519268937137956     
          12          13   1.1581644579932382     
          13          14   1.6657361888451039     
          14          15   1.1577077837803236     
           1          16  0.53481711164773504     
          12          16   1.2628850689914726     
          15          16   1.2650780673790316     
          15          17   1.3514888458329788     
          17          18   1.3514744532665639     
          18          19   1.1577071369198941     
          19          20   1.6657328230346122     
          20          21   1.1581684629168345     
           1          22  0.53479430738309386     
          18          22   1.2650929992540176     
          21          22   1.2628826494957541     
          21          23   1.3519258774523022     
           2          24   1.1670870753066898     
          23          24   1.3548928369590449     
           1          25  0.53350971458722296     
           4          25   1.2882423681420878     
          24          25   1.2486563613503965     
           2          26  0.97229291641242588     
           3          27  0.97076028883269772     
           7          28  0.97076036290486578     
           8          29  0.97229388239092518     
          11          30  0.96379148891625877     
          13          31  0.97218812789417897     
          14          32  0.97221112665213694     
          17          33  0.96418679405407182     
          19          34  0.97221137011829828     
          20          35  0.97218810757968610     
          23          36  0.96379030054618942     
          38          39   1.6501533640525334     
          39          40   1.1749752629042880     
          40          41   1.2498124618062441     
          41          42   1.2499541642751901     
          42          43   1.1749687888331981     
          43          44   1.6501545483864861     
          44          45   1.1670192666572261     
          37          46  0.53356740123845303     
          42          46   1.2879992774898066     
          45          46   1.2488208214355356     
          45          47   1.3548190308228587     
          47          48   1.3519847041736348     
          48          49   1.1581406663814549     
          49          50   1.6657770070515678     
          50          51   1.1576771636319005     
          37          52  0.53489252548581068     
          48          52   1.2628719198190386     
          51          52   1.2650921666362025     
          51          53   1.3515088266654047     
          53          54   1.3514797353798937     
          54          55   1.1576904400427470     
          55          56   1.6657561924014863     
          56          57   1.1581585125445706     
          37          58  0.53489261029560942     
          54          58   1.2651060765160183     
          57          58   1.2628614679820986     
          57          59   1.3519765097922778     
          38          60   1.1670285217711291     
          59          60   1.3548368686152423     
          37          61  0.53356112599251948     
          40          61   1.2880474402987914     
          60          61   1.2487862119310300     
          38          62  0.97229145107600379     
          39          63  0.97075199398506140     
          43          64  0.97074999555682162     
          44          65  0.97229224812199810     
          47          66  0.96379475784193214     
          49          67  0.97218729031786399     
          50          68  0.97221087422540453     
          53          69  0.96418729169789819     
          55          70  0.97221122274510818     
          56          71  0.97218732629482107     
          59          72  0.96379338370834255     
           5          73   1.1855371356476594     
          73          74   2.4689612136029693     
          74          75   1.3059035179068319     
          73          76  0.20273981354694165     
          75          76   2.4670783560195724     
          77          78   2.4637515991648282     
          78          79   1.3086761572592380     
          77          80  0.20230746647085723     
          79          80   2.4636559434657253     
          81          82   2.4633216849872541     
          82          83   1.3089396663665418     
          81          84  0.20231098322014662     
          83          84   2.4633377018760898     
          85          86   2.4637120325036821     
          86          87   1.3086399277350536     
          85          88  0.20232031960219737     
          87          88   2.4638163525155892     
          89          90   2.4677914113003303     
          90          91   1.3051283459839480     
          41          92   1.1847326622243115     
          89          92  0.20256931021257069     
          91          92   2.4696541600031816     
          94          95   1.6490649461820297     
          95          96   1.1755269917836293     
          76          97   1.1880760158565811     
          96          97   1.2466349204252551     
          97          98   1.2468172537941049     
          98          99   1.1755350948183239     
          99         100   1.6490608574786996     
         100         101   1.1679832633490568     
          93         102  0.52855246581180526     
          98         102   1.2911288909969354     
         101         102   1.2477745663126298     
         101         103   1.3541169717984802     
         103         104   1.3539107809919424     
         104         105   1.1681899099064403     
         105         106   1.6487006328596321     
         106         107   1.1758399860160862     
          93         108  0.52869164209583297     
         104         108   1.2477048448194310     
         107         108   1.2913469244910378     
          77         109   1.1898238519622752     
         107         109   1.2460257786375339     
         109         110   1.2458839047299937     
         110         111   1.1758361234108459     
         111         112   1.6487003590106601     
         112         113   1.1681996166977322     
          93         114  0.52862526836126877     
         110         114   1.2914169049455222     
         113         114   1.2476711247943659     
         113         115   1.3539256710110401     
          94         116   1.1679950631578007     
         115         116   1.3541349016205813     
          93         117  0.52854957504676192     
          96         117   1.2911934158905747     
         116         117   1.2477259486161021     
          94         118  0.97233374579354681     
          95         119  0.97085547553683993     
          99         120  0.97086140073697913     
         100         121  0.97233536882447802     
         103         122  0.96352181475749932     
         105         123  0.97233624004740626     
         106         124  0.97085269648057282     
         111         125  0.97085135571309045     
         112         126  0.97233518754935000     
         115         127  0.96351864262457942     
         129         130   1.6485677900214331     
         130         131   1.1758955140678637     
          80         132   1.1899225583428981     
         131         132   1.2458367649527353     
         132         133   1.2457757942436110     
         133         134   1.1758971177100948     
         134         135   1.6485673515356725     
         135         136   1.1683187044849452     
         128         137  0.52877459565521512     
         133         137   1.2914821759767101     
         136         137   1.2473573878589455     
         136         138   1.3540848198459505     
         138         139   1.3540231348608380     
         139         140   1.1683504819501822     
         140         141   1.6485185930003081     
         141         142   1.1759313580355497     
         128         143  0.52878271901248808     
         139         143   1.2473717778223472     
         142         143   1.2914971033336942     
          81         144   1.1901038235541446     
         142         144   1.2457014271152327     
         144         145   1.2457807836704966     
         145         146   1.1759373962388215     
         146         147   1.6485113635058548     
         147         148   1.1683520368592284     
         128         149  0.52881233775478265     
         145         149   1.2914702871017485     
         148         149   1.2473887539863882     
         148         150   1.3540103235917631     
         129         151   1.1683163217417087     
         150         151   1.3540816473150477     
         128         152  0.52878323415724982     
         131         152   1.2914715572935891     
         151         152   1.2473669290707774     
         129         153  0.97233286617384251     
         130         154  0.97084987782417287     
         134         155  0.97085174269091845     
         135         156  0.97233211110706785     
         138         157  0.96351231065178156     
         140         158  0.97233280067539030     
         141         159  0.97084784475082231     
         146         160  0.97084957835652275     
         147         161  0.97233334142958061     
         150         162  0.96351434323229757     
         164         165   1.6485183244604311     
         165         166   1.1759142373093268     
          84         167   1.1900908327980888     
         166         167   1.2457039199818012     
         167         168   1.2457893241252942     
         168         169   1.1759196190943357     
         169         170   1.6485173965753106     
         170         171   1.1683435954600796     
         163         172  0.52900239113964787     
         168         172   1.2914705448922144     
         171         172   1.2473862069800465     
         171         173   1.3540127740971257     
         173         174   1.3540850679699497     
         174         175   1.1683004977368139     
         175         176   1.6485785729031557     
         176         177   1.1758755399424985     
         163         178  0.52898820141368841     
         174         178   1.2473736484592797     
         177         178   1.2914537988763182     
          85         179   1.1898857237493379     
         177         179   1.2458908259559538     
         179         180   1.2457585322427958     
         180         181   1.1758664903872618     
         181         182   1.6485819703844096     
         182         183   1.1683110933186176     
         163         184  0.52896634171450896     
         180         184   1.2915167029536219     
         183         184   1.2473319695245459     
         183         185   1.3541033407484133     
         164         186   1.1683493955828925     
         185         186   1.3540191989919355     
         163         187  0.52898703815800763     
         166         187   1.2915076711974245     
         186         187   1.2473620804166896     
         164         188  0.97233194719654448     
         165         189  0.97084540014698151     
         169         190  0.97084989801829635     
         170         191  0.97233247230855857     
         173         192  0.96351519776152006     
         175         193  0.97233244505789784     
         176         194  0.97085057615967263     
         181         195  0.97084823473037574     
         182         196  0.97233151497290282     
         185         197  0.96351296518040552     
         199         200   1.6487630222810634     
         200         201   1.1757819739958073     
          88         202   1.1897643463989174     
         201         202   1.2460923428710169     
         202         203   1.2459204215182491     
         203         204   1.1757755364059350     
         204         205   1.6487627959489484     
         205         206   1.1681618870500243     
         198         207  0.52867843595498198     
         203         207   1.2914370775767723     
         206         207   1.2476515454310759     
         206         208   1.3539949598319936     
         208         209   1.3540758460875810     
         209         210   1.1679482030474222     
         210         211   1.6491757279256518     
         211         212   1.1754203177819125     
         198         213  0.52863974275813808     
         209         213   1.2478348486239892     
         212         213   1.2909835328919974     
          89         214   1.1872495298889103     
         212         214   1.2470187293705679     
         214         215   1.2472124204247734     
         215         216   1.1754216054148712     
         216         217   1.6491780455675715     
         217         218   1.1679315123132534     
         198         219  0.52865132943642479     
         215         219   1.2909064669695844     
         218         219   1.2478918985637164     
         218         220   1.3540543069321096     
         199         221   1.1681500829276601     
         220         221   1.3539783637680489     
         198         222  0.52873993289364296     
         201         222   1.2913573737900854     
         221         222   1.2476934294065416     
         199         223  0.97233543613069273     
         200         224  0.97085168602263372     
         204         225  0.97084944402063733     
         205         226  0.97233437462913808     
         208         227  0.96351996125800710     
         210         228  0.97233167624803873     
         211         229  0.97084693117451959     
         216         230  0.97085121636028904     
         217         231  0.97233361136150120     
         220         232  0.96352325065410416     
