   -0.29215152
   -0.05211478
   -0.05058460
    0.07367715
    0.02515358
    0.07370052
   -0.05053988
   -0.05211738
    0.07313345
   -0.04789045
   -0.04137787
    0.07430611
   -0.05121101
   -0.05127648
    0.07460421
   -0.04681847
   -0.04312261
    0.07460666
   -0.05127692
   -0.05121119
    0.07430303
   -0.04683773
   -0.04136821
    0.07312863
   -0.04785355
    0.03535988
    0.03743740
    0.03743226
    0.03534525
    0.04917510
    0.03585127
    0.03576036
    0.04853539
    0.03575998
    0.03584967
    0.04918076
   -0.29213472
   -0.05211416
   -0.05058115
    0.07366014
    0.02514572
    0.07369020
   -0.05054661
   -0.05212635
    0.07314290
   -0.04790181
   -0.04140096
    0.07430671
   -0.05121349
   -0.05127919
    0.07460455
   -0.04683219
   -0.04313633
    0.07460637
   -0.05127912
   -0.05121434
    0.07430531
   -0.04684129
   -0.04139038
    0.07313989
   -0.04787239
    0.03535455
    0.03742052
    0.03742642
    0.03534929
    0.04916630
    0.03584644
    0.03575491
    0.04852735
    0.03575460
    0.03584294
    0.04917085
   -0.01981032
   -0.00951004
   -0.00157480
   -0.00211786
   -0.00904278
   -0.02041057
   -0.02036470
   -0.00901770
   -0.00208747
   -0.00153777
   -0.00949852
   -0.01975362
   -0.28621455
   -0.05194837
   -0.05053752
    0.07400420
    0.02525096
    0.07404465
   -0.05048731
   -0.05195466
    0.07299818
   -0.04972865
   -0.03942437
    0.07300276
   -0.05194557
   -0.05052271
    0.07400510
   -0.04971384
    0.02525849
    0.07402344
   -0.05049045
   -0.05195365
    0.07300327
   -0.04973091
   -0.03942015
    0.07299286
   -0.04970773
    0.03541746
    0.03745022
    0.03744884
    0.03540579
    0.04978433
    0.03541932
    0.03744801
    0.03744688
    0.03541635
    0.04978599
