           2           3   1.6453271219544989     
           3           4   1.1786683551168831     
           4           5   1.2510716175585872     
           5           6   1.2513784188124015     
           6           7   1.1786411640726886     
           7           8   1.6453294528943023     
           8           9   1.1698210524491943     
           1          10  0.75280929468852154     
           6          10   1.2618178470802253     
           9          10   1.2265608575275058     
           9          11   1.3554140911530075     
          11          12   1.3532707124099341     
          12          13   1.1611911409555149     
          13          14   1.6611038420579165     
          14          15   1.1605248647689752     
           1          16  0.75114664121076158     
          12          16   1.2393600453358329     
          15          16   1.2421905051026998     
          15          17   1.3529688030477660     
          17          18   1.3529694780069246     
          18          19   1.1605260355705991     
          19          20   1.6610846399899937     
          20          21   1.1612150938351937     
           1          22  0.75107975143945094     
          18          22   1.2421960004266595     
          21          22   1.2393977146519344     
          21          23   1.3532224298429947     
           2          24   1.1698251148923144     
          23          24   1.3554773181257678     
           1          25  0.75280495202949649     
           4          25   1.2619054530888731     
          24          25   1.2264659920861671     
           2          26  0.97179185821275860     
           3          27  0.96994935267630045     
           7          28  0.96994766539845978     
           8          29  0.97179292540754025     
          11          30  0.96375782460594339     
          13          31  0.97168564557025161     
          14          32  0.97171219122943620     
          17          33  0.96407810690381313     
          19          34  0.97171306459985274     
          20          35  0.97168643985676462     
          23          36  0.96375486046369074     
          38          39   1.6453720201661659     
          39          40   1.1786336381310978     
          40          41   1.2513358648224402     
          41          42   1.2516291850777947     
          42          43   1.1785761951319733     
          43          44   1.6453954043789070     
          44          45   1.1697870636979690     
          37          46  0.75281993129329516     
          42          46   1.2617150371157377     
          45          46   1.2266639288355179     
          45          47   1.3553745926826308     
          47          48   1.3533305986652793     
          48          49   1.1611646104190056     
          49          50   1.6611302819621185     
          50          51   1.1605077695546975     
          37          52  0.75112120650618619     
          48          52   1.2393835310169181     
          51          52   1.2422315309153669     
          51          53   1.3529825380401617     
          53          54   1.3530050809080825     
          54          55   1.1605069998864939     
          55          56   1.6611177582138410     
          56          57   1.1611810777709251     
          37          58  0.75109252282786110     
          54          58   1.2422048505167460     
          57          58   1.2394215108593774     
          57          59   1.3532879863981264     
          38          60   1.1697994905827294     
          59          60   1.3554161553804223     
          37          61  0.75278032567123310     
          40          61   1.2617945805877935     
          60          61   1.2265920844667249     
          38          62  0.97178908623177473     
          39          63  0.96994904006002025     
          43          64  0.96992822517835442     
          44          65  0.97179377172271852     
          47          66  0.96376095334254108     
          49          67  0.97168527765773771     
          50          68  0.97171191588737560     
          53          69  0.96408062199714117     
          55          70  0.97171185179305264     
          56          71  0.97168556149969920     
          59          72  0.96375843911254122     
           5          73   1.1830712084779458     
          73          74   2.4473842416713483     
          74          75   1.3296717721586442     
          73          76  0.19349358205338715     
          75          76   2.3607010487495490     
          76          77   1.3304185161160846     
          75          78  0.19328753168426549     
          77          78   2.4449472382474093     
          79          80   2.4454161130463006     
          80          81   1.3299253094801835     
          79          82  0.19321074715073513     
          81          82   2.3611963218720420     
          82          83   1.3291763529905563     
          41          84   1.1825508448225202     
          81          84  0.19342737381103742     
          83          84   2.4478696802505269     
          86          87   1.6437874218802917     
          87          88   1.1793948366605300     
          78          89   1.1856229459286345     
          88          89   1.2486375902665610     
          89          90   1.2489200654668409     
          90          91   1.1793408126481904     
          91          92   1.6438215462561732     
          92          93   1.1710881077330648     
          85          94  0.74891611045504636     
          90          94   1.2644911328477317     
          93          94   1.2251492600139788     
          93          95   1.3545352181362766     
          95          96   1.3544317016198755     
          96          97   1.1710983759247728     
          97          98   1.6438523516474977     
          98          99   1.1793230065460496     
          85         100  0.74888771310251867     
          96         100   1.2252187040228915     
          99         100   1.2643669870648351     
          79         101   1.1851408109271593     
          99         101   1.2489243808070454     
         101         102   1.2490710546477046     
         102         103   1.1793093373107808     
         103         104   1.6438497610112002     
         104         105   1.1710891262495255     
          85         106  0.74891722586484089     
         102         106   1.2643752469605460     
         105         106   1.2252059559271751     
         105         107   1.3544612244224057     
          86         108   1.1711220688743944     
         107         108   1.3545184498661111     
          85         109  0.74888257941025704     
          88         109   1.2645095211027442     
         108         109   1.2251205535241900     
          86         110  0.97177398663469483     
          87         111  0.96995663327345172     
          91         112  0.96994275542607733     
          92         113  0.97177584967254038     
          95         114  0.96346738672856169     
          97         115  0.97177215730959565     
          98         116  0.96994904711279895     
         103         117  0.96994259006783723     
         104         118  0.97177575684354389     
         107         119  0.96346560221696143     
