    0.19807873
   -0.05062686
   -0.04887428
    0.07865242
    0.01723158
    0.07866767
   -0.04884964
   -0.05062816
    0.07711605
   -0.17143480
   -0.04954294
    0.07842690
   -0.04959029
   -0.04976934
    0.07915999
   -0.16979801
   -0.05131062
    0.07915862
   -0.04977022
   -0.04959006
    0.07842268
   -0.16978949
   -0.04953580
    0.07711153
   -0.17141818
    0.03450542
    0.03623349
    0.03627395
    0.03449445
    0.05002433
    0.03517274
    0.03511010
    0.04928487
    0.03511031
    0.03517199
    0.05002994
    0.19804518
   -0.05062046
   -0.04888821
    0.07862885
    0.01723019
    0.07865919
   -0.04883891
   -0.05061924
    0.07714753
   -0.17146496
   -0.04958131
    0.07843701
   -0.04958959
   -0.04976632
    0.07916017
   -0.16980192
   -0.05132045
    0.07915986
   -0.04976559
   -0.04958881
    0.07843304
   -0.16979104
   -0.04956695
    0.07714030
   -0.17143480
    0.03452333
    0.03629757
    0.03631121
    0.03450175
    0.05001354
    0.03517581
    0.03511322
    0.04928040
    0.03511029
    0.03517353
    0.05002298
   -0.02050185
   -0.00896826
   -0.00913174
   -0.02017140
   -0.02026911
   -0.00894741
   -0.00900015
   -0.02021509
   -0.02021830
   -0.00900338
   -0.00895684
   -0.02027999
   -0.02011714
   -0.00910441
   -0.00893200
   -0.02044369
    0.20003424
   -0.05063042
   -0.04923776
    0.07901689
    0.01709984
    0.07904583
   -0.04919569
   -0.05063507
    0.07651944
   -0.17295947
   -0.04734171
    0.07649449
   -0.05064058
   -0.04920371
    0.07902868
   -0.17286459
    0.01723733
    0.07904169
   -0.04918212
   -0.05064311
    0.07649391
   -0.17286703
   -0.04733382
    0.07650938
   -0.17293189
    0.03395190
    0.03544984
    0.03548495
    0.03394078
    0.05021060
    0.03397774
    0.03559000
    0.03558488
    0.03397039
    0.05021397
    0.20023667
   -0.05062505
   -0.04921920
    0.07904317
    0.01716060
    0.07905109
   -0.04920282
   -0.05062541
    0.07646201
   -0.17285543
   -0.04727757
    0.07646654
   -0.05062742
   -0.04920113
    0.07905504
   -0.17286124
    0.01716427
    0.07903876
   -0.04921985
   -0.05062432
    0.07646040
   -0.17284970
   -0.04727204
    0.07646170
   -0.17285323
    0.03397425
    0.03555973
    0.03554709
    0.03397233
    0.05024575
    0.03397028
    0.03555404
    0.03555239
    0.03397545
    0.05025047
    0.20000734
   -0.05063663
   -0.04920011
    0.07902396
    0.01722853
    0.07904799
   -0.04917085
   -0.05063980
    0.07651073
   -0.17287965
   -0.04737533
    0.07654645
   -0.05062353
   -0.04922579
    0.07900308
   -0.17296264
    0.01710728
    0.07902682
   -0.04920713
   -0.05062892
    0.07655054
   -0.17297038
   -0.04737581
    0.07650695
   -0.17286110
    0.03398116
    0.03559323
    0.03559111
    0.03397255
    0.05020286
    0.03396256
    0.03550250
    0.03553596
    0.03395755
    0.05020640
