           2           3   1.6500394468075674     
           3           4   1.1751444434123735     
           4           5   1.2494383432747156     
           5           6   1.2496755295220303     
           6           7   1.1751444901503749     
           7           8   1.6500315854887668     
           8           9   1.1670320897080499     
           1          10  0.53338994033860221     
           6          10   1.2880914874300107     
           9          10   1.2488816509433656     
           9          11   1.3547905332745624     
          11          12   1.3519378805971543     
          12          13   1.1580713588227833     
          13          14   1.6658045145840474     
          14          15   1.1576983579022901     
           1          16  0.53469073707563453     
          12          16   1.2630244920688432     
          15          16   1.2651001051244397     
          15          17   1.3514952005832994     
          17          18   1.3514718684788476     
          18          19   1.1577052757781638     
          19          20   1.6657854954847866     
          20          21   1.1580873856181710     
           1          22  0.53463600362237829     
          18          22   1.2651155081142362     
          21          22   1.2630373094923126     
          21          23   1.3519066104997688     
           2          24   1.1670442094711677     
          23          24   1.3548345262757671     
           1          25  0.53341105498420260     
           4          25   1.2881777872851887     
          24          25   1.2488107178272254     
           2          26  0.97229514103472281     
           3          27  0.97076741858144866     
           7          28  0.97077170345125963     
           8          29  0.97229630151474633     
          11          30  0.96378966746635353     
          13          31  0.97219449243332012     
          14          32  0.97221368525944274     
          17          33  0.96420262030703097     
          19          34  0.97221446231341413     
          20          35  0.97219460970058802     
          23          36  0.96378828887079981     
          38          39   1.6502128093350477     
          39          40   1.1749932231765685     
          40          41   1.2499239497859820     
          41          42   1.2503197120033587     
          42          43   1.1749950083777951     
          43          44   1.6502079942558248     
          44          45   1.1669340882914263     
          37          46  0.53348479464308496     
          42          46   1.2877531653220207     
          45          46   1.2491082500415720     
          45          47   1.3546883205996374     
          47          48   1.3520132492890080     
          48          49   1.1580272816437625     
          49          50   1.6658549914914382     
          50          51   1.1576717720181409     
          37          52  0.53484826121526496     
          48          52   1.2630250214727603     
          51          52   1.2650862073578679     
          51          53   1.3515357739530196     
          53          54   1.3514897062727436     
          54          55   1.1576816090647968     
          55          56   1.6658275002428184     
          56          57   1.1580478085306070     
          37          58  0.53473776170268905     
          54          58   1.2651214534954920     
          57          58   1.2630306854690887     
          57          59   1.3519865113811149     
          38          60   1.1669523949990437     
          59          60   1.3547623755763076     
          37          61  0.53352031897137864     
          40          61   1.2878931578834916     
          60          61   1.2489827079759372     
          38          62  0.97229314577026926     
          39          63  0.97075211481754764     
          43          64  0.97076377037164574     
          44          65  0.97229508003357001     
          47          66  0.96379343127373995     
          49          67  0.97219538080847556     
          50          68  0.97221433044447825     
          53          69  0.96420321192319813     
          55          70  0.97221407313530950     
          56          71  0.97219403785471192     
          59          72  0.96378869411036050     
           5          73   1.1853446822077789     
          73          74   2.4693341332288750     
          74          75   1.3055482716198155     
          73          76  0.20263134152027773     
          75          76   2.4674723474395561     
          77          78   2.4643605344630131     
          78          79   1.3081180463798130     
          77          80  0.20216323506407363     
          79          80   2.4642902890941807     
          81          82   2.4643178437735926     
          82          83   1.3081035607055067     
          81          84  0.20218448007827555     
          83          84   2.4644177879216267     
          85          86   2.4684773503393069     
          86          87   1.3044261036240046     
          41          88   1.1841486230691272     
          85          88  0.20239055545910983     
          87          88   2.4703865443655237     
          90          91   1.6491039525929310     
          91          92   1.1756311816951799     
          76          93   1.1878899798387126     
          92          93   1.2466231268813490     
          93          94   1.2469775724999093     
          94          95   1.1756217994274638     
          95          96   1.6490983589740127     
          96          97   1.1678670694474573     
          89          98  0.52823568353576311     
          94          98   1.2909511334428536     
          97          98   1.2480917935904001     
          97          99   1.3540136715167619     
          99         100   1.3538647727566593     
         100         101   1.1680731964618307     
         101         102   1.6487577920257053     
         102         103   1.1759305150518746     
          89         104  0.52834198258672427     
         100         104   1.2479523081904469     
         103         104   1.2912326568875405     
          77         105   1.1895321817987703     
         103         105   1.2459998934012417     
         105         106   1.2461110901186501     
         106         107   1.1759379844387055     
         107         108   1.6487318388919394     
         108         109   1.1680885195550572     
          89         110  0.52829083693427514     
         106         110   1.2912121611497127     
         109         110   1.2479934573111373     
         109         111   1.3538206152895613     
          90         112   1.1678816395379015     
         111         112   1.3540762371892461     
          89         113  0.52826762036745500     
          92         113   1.2910668281683204     
         112         113   1.2479859102753663     
          90         114  0.97234049657080635     
          91         115  0.97087120258772397     
          95         116  0.97087518759132907     
          96         117  0.97234320489549531     
          99         118  0.96350880719546050     
         101         119  0.97234127717313190     
         102         120  0.97086671043401473     
         107         121  0.97087032379561344     
         108         122  0.97234218060170419     
         111         123  0.96350691430703761     
         125         126   1.6486336198697482     
         126         127   1.1759971452483327     
          80         128   1.1896037114259870     
         127         128   1.2459102414670196     
         128         129   1.2459814423204159     
         129         130   1.1759873576118276     
         130         131   1.6486427916679189     
         131         132   1.1681554612275380     
         124         133  0.52844487056303113     
         129         133   1.2912701492378431     
         132         133   1.2477563122862505     
         132         134   1.3539555488865156     
         134         135   1.3539548919472617     
         135         136   1.1681547427544619     
         136         137   1.6486469825532346     
         137         138   1.1759771495904727     
         124         139  0.52845575034254755     
         135         139   1.2477617305984769     
         138         139   1.2912592122987154     
          81         140   1.1895863657977921     
         138         140   1.2460239998776741     
         140         141   1.2458937426701122     
         141         142   1.1760027909941011     
         142         143   1.6486340863101747     
         143         144   1.1681649904379348     
         124         145  0.52843270174000567     
         141         145   1.2912731918648614     
         144         145   1.2477520513679212     
         144         146   1.3539501708954735     
         125         147   1.1681649869466517     
         146         147   1.3539665965328536     
         124         148  0.52844914698126844     
         127         148   1.2912870159499783     
         147         148   1.2477368794711776     
         125         149  0.97233932052258376     
         126         150  0.97086819589225026     
         130         151  0.97086676447749853     
         131         152  0.97233983613195440     
         134         153  0.96349894873379416     
         136         154  0.97233984195668421     
         137         155  0.97086393774297730     
         142         156  0.97087148991286776     
         143         157  0.97233950129081703     
         146         158  0.96349653286940584     
         160         161   1.6488049631103976     
         161         162   1.1758996582391759     
          84         163   1.1894642914179576     
         162         163   1.2460316727630101     
         163         164   1.2462137643247957     
         164         165   1.1758844959594885     
         165         166   1.6488082355951055     
         166         167   1.1680236304842606     
         159         168  0.52838376568962386     
         164         168   1.2911753082994082     
         167         168   1.2479941375062569     
         167         169   1.3539154129757465     
         169         170   1.3539509692715441     
         170         171   1.1677946969885373     
         171         172   1.6492539662288794     
         172         173   1.1755040819258813     
         159         174  0.52830512026467646     
         170         174   1.2482238816903746     
         173         174   1.2906859449082559     
          85         175   1.1867278329530122     
         173         175   1.2472751093753556     
         175         176   1.2474279404800166     
         176         177   1.1754731979040751     
         177         178   1.6492655397025073     
         178         179   1.1677863590912241     
         159         180  0.52830199456119697     
         176         180   1.2906745697140094     
         179         180   1.2482470493792768     
         179         181   1.3539406554147966     
         160         182   1.1680358419664927     
         181         182   1.3539261636115651     
         159         183  0.52838373567314745     
         162         183   1.2912047872242911     
         182         183   1.2479578860653153     
         160         184  0.97233948678272775     
         161         185  0.97086845437500602     
         165         186  0.97086457325347930     
         166         187  0.97234140044706563     
         169         188  0.96350956364231211     
         171         189  0.97233923445996873     
         172         190  0.97086401217216634     
         177         191  0.97085662781017745     
         178         192  0.97234039571580522     
         181         193  0.96350992623452214     
