    0.24475114
   -0.05190686
   -0.05048249
    0.07742545
    0.01649378
    0.07743702
   -0.05046648
   -0.05190824
    0.07569864
   -0.17694556
   -0.04967033
    0.07698649
   -0.05096428
   -0.05109669
    0.07747453
   -0.17473911
   -0.05142421
    0.07747480
   -0.05109739
   -0.05096451
    0.07698529
   -0.17474102
   -0.04966664
    0.07569588
   -0.17693520
    0.03381060
    0.03579488
    0.03579911
    0.03380699
    0.04933653
    0.03440536
    0.03431682
    0.04869553
    0.03431661
    0.03440476
    0.04933859
    0.24474415
   -0.05190638
   -0.05048952
    0.07740539
    0.01649191
    0.07743193
   -0.05044707
   -0.05190974
    0.07571433
   -0.17697001
   -0.04969455
    0.07698970
   -0.05096526
   -0.05109520
    0.07747435
   -0.17474420
   -0.05143600
    0.07747523
   -0.05109732
   -0.05096634
    0.07698684
   -0.17474943
   -0.04968595
    0.07570695
   -0.17693857
    0.03381526
    0.03579146
    0.03578472
    0.03380185
    0.04932422
    0.03440116
    0.03431393
    0.04868814
    0.03431336
    0.03440072
    0.04933168
   -0.01892617
   -0.01075485
   -0.00183826
   -0.00262431
   -0.01000991
   -0.01976891
   -0.01910697
   -0.01030068
   -0.00192664
   -0.00216184
   -0.01006556
   -0.01934430
   -0.01914699
   -0.01016437
   -0.00195459
   -0.00203219
   -0.01008911
   -0.01922724
   -0.01917912
   -0.01011606
   -0.00198222
   -0.00198129
   -0.01011633
   -0.01917840
   -0.01922856
   -0.01008779
   -0.00203267
   -0.00195381
   -0.01016447
   -0.01914655
   -0.01934865
   -0.01006278
   -0.00216643
   -0.00192927
   -0.01030207
   -0.01911244
   -0.01973792
   -0.00999052
   -0.00259989
   -0.00180649
   -0.01074315
   -0.01888491
    0.24658242
   -0.05171236
   -0.05046307
    0.07762582
    0.01697363
    0.07765237
   -0.05041831
   -0.05171540
    0.07527001
   -0.17703254
   -0.04749099
    0.07522606
   -0.05166605
   -0.05052255
    0.07773336
   -0.17705875
    0.01658526
    0.07774152
   -0.05051876
   -0.05166795
    0.07522496
   -0.17707616
   -0.04748239
    0.07526249
   -0.17699285
    0.03400560
    0.03596819
    0.03595866
    0.03398999
    0.05009878
    0.03400534
    0.03584148
    0.03584032
    0.03400210
    0.05010562
    0.24662225
   -0.05165994
   -0.05046187
    0.07771771
    0.01685294
    0.07771730
   -0.05046653
   -0.05166063
    0.07526698
   -0.17696878
   -0.04739587
    0.07525626
   -0.05164340
   -0.05049880
    0.07774306
   -0.17698452
    0.01672520
    0.07775205
   -0.05047768
   -0.05164419
    0.07525866
   -0.17699884
   -0.04740160
    0.07526713
   -0.17696531
    0.03408747
    0.03596143
    0.03596043
    0.03408879
    0.05020443
    0.03409127
    0.03592102
    0.03591116
    0.03408333
    0.05019923
    0.24663262
   -0.05164195
   -0.05048123
    0.07773301
    0.01681040
    0.07774599
   -0.05045537
   -0.05164337
    0.07527604
   -0.17697058
   -0.04738212
    0.07527169
   -0.05163667
   -0.05048102
    0.07774221
   -0.17696252
    0.01677713
    0.07775180
   -0.05046893
   -0.05163993
    0.07527159
   -0.17697331
   -0.04737892
    0.07527225
   -0.17695082
    0.03411928
    0.03596467
    0.03595272
    0.03411024
    0.05022712
    0.03411642
    0.03594875
    0.03594442
    0.03411158
    0.05022966
    0.24663297
   -0.05163661
   -0.05048191
    0.07774010
    0.01677724
    0.07775404
   -0.05046664
   -0.05164005
    0.07527286
   -0.17697679
   -0.04738023
    0.07527361
   -0.05164178
   -0.05047994
    0.07773448
   -0.17695372
    0.01681054
    0.07774276
   -0.05045489
   -0.05164346
    0.07527509
   -0.17696877
   -0.04738370
    0.07527084
   -0.17695936
    0.03411687
    0.03594898
    0.03594460
    0.03411071
    0.05022899
    0.03411940
    0.03596342
    0.03595444
    0.03410970
    0.05022674
    0.24662199
   -0.05164424
   -0.05050118
    0.07774261
    0.01672525
    0.07775133
   -0.05047277
   -0.05164436
    0.07525955
   -0.17699991
   -0.04740553
    0.07526893
   -0.05166046
   -0.05045060
    0.07772006
   -0.17697121
    0.01685505
    0.07771222
   -0.05047388
   -0.05166034
    0.07526506
   -0.17696383
   -0.04739605
    0.07525513
   -0.17698336
    0.03409170
    0.03592304
    0.03590896
    0.03408090
    0.05019626
    0.03408343
    0.03595743
    0.03596519
    0.03409133
    0.05020565
    0.24657798
   -0.05166537
   -0.05052383
    0.07773149
    0.01658238
    0.07774716
   -0.05050839
   -0.05166788
    0.07523327
   -0.17707258
   -0.04750527
    0.07528302
   -0.05171011
   -0.05044130
    0.07762398
   -0.17701815
    0.01697749
    0.07763890
   -0.05042112
   -0.05171216
    0.07528451
   -0.17702960
   -0.04750899
    0.07523339
   -0.17706945
    0.03400717
    0.03584557
    0.03584233
    0.03400346
    0.05009923
    0.03400678
    0.03596209
    0.03596477
    0.03400146
    0.05009816
