           2           3   1.6503241798946857     
           3           4   1.1794303191220008     
           4           5   1.2504386708686026     
           5           6   1.2505502837562688     
           6           7   1.1794199143284272     
           7           8   1.6503294597720686     
           8           9   1.1711107259171296     
           1          10  0.48896253574540333     
           6          10   1.2862051768409570     
           9          10   1.2465555295821105     
           9          11   1.3577631677303319     
          11          12   1.3538113616388758     
          12          13   1.1627520100598281     
          13          14   1.6656870853928800     
          14          15   1.1620089248370160     
           1          16  0.49133113404119655     
          12          16   1.2610193838010066     
          15          16   1.2632098847648525     
          15          17   1.3541270440035580     
          17          18   1.3541164205622398     
          18          19   1.1620112650735495     
          19          20   1.6656821836997877     
          20          21   1.1627557889281011     
           1          22  0.49132163142112756     
          18          22   1.2632177590401423     
          21          22   1.2610176815401184     
          21          23   1.3538105559422176     
           2          24   1.1711193576550052     
          23          24   1.3577709853396338     
           1          25  0.48895222776084113     
           4          25   1.2862316787037464     
          24          25   1.2465346132205930     
           2          26  0.97242123486608478     
           3          27  0.97088854249860368     
           7          28  0.97088717444950245     
           8          29  0.97242195322949820     
          11          30  0.96389211729720536     
          13          31  0.97232980760155741     
          14          32  0.97235025983668344     
          17          33  0.96422307949133301     
          19          34  0.97235039221205977     
          20          35  0.97232978045636165     
          23          36  0.96389089754403201     
          38          39   1.6503983055266871     
          39          40   1.1793687803845798     
          40          41   1.2506126099048194     
          41          42   1.2508912415689997     
          42          43   1.1793639583205660     
          43          44   1.6503948833909940     
          44          45   1.1710776500012698     
          37          46  0.48897671038111379     
          42          46   1.2860249297700790     
          45          46   1.2466784691777222     
          45          47   1.3576932657482279     
          47          48   1.3538770490574408     
          48          49   1.1627254684298576     
          49          50   1.6657236843861667     
          50          51   1.1619921092826861     
          37          52  0.49136019697116373     
          48          52   1.2610086217721332     
          51          52   1.2632029705448660     
          51          53   1.3541500771792314     
          53          54   1.3541263117398030     
          54          55   1.1619932651930971     
          55          56   1.6657127020296651     
          56          57   1.1627360115122651     
          37          58  0.49132686113462665     
          54          58   1.2632242674671461     
          57          58   1.2610108363681616     
          57          59   1.3538651866416507     
          38          60   1.1710919638785280     
          59          60   1.3577263359984972     
          37          61  0.48895419166921655     
          40          61   1.2861082973017974     
          60          61   1.2466143901826732     
          38          62  0.97241995439475637     
          39          63  0.97088352790938914     
          43          64  0.97088421222310284     
          44          65  0.97242202142084666     
          47          66  0.96389376284653783     
          49          67  0.97233006016764767     
          50          68  0.97234990390944087     
          53          69  0.96422347998745750     
          55          70  0.97235042933116944     
          56          71  0.97232982860020423     
          59          72  0.96389105641102546     
           5          73   1.1875308369778339     
          73          74   2.4422053677063382     
          74          75   1.3325921673375825     
          73          76  0.19273306370285520     
          75          76   2.3561675505814756     
          76          77   1.3333701947703172     
          75          78  0.19249301436181804     
          77          78   2.4396694212882482     
          79          80   2.4378512720642460     
          80          81   1.3349104302620731     
          79          82  0.19223958776975902     
          81          82   2.3532196134913979     
          82          83   1.3349298478346714     
          81          84  0.19221746230546199     
          83          84   2.4377710134409396     
          85          86   2.4376695967736195     
          86          87   1.3350218819494595     
          85          88  0.19222488796013409     
          87          88   2.3530813537787898     
          88          89   1.3350180568348051     
          87          90  0.19221607731935358     
          89          90   2.4376662264367619     
          91          92   2.4376526665072706     
          92          93   1.3350312429149376     
          91          94  0.19222021971497938     
          93          94   2.3530669887183655     
          94          95   1.3350339801690156     
          93          96  0.19222233630899319     
          95          96   2.4376508258290723     
          97          98   2.4377005271381758     
          98          99   1.3349880794741633     
          97         100  0.19221589006267817     
          99         100   2.3531294066844142     
         100         101   1.3349833950919070     
          99         102  0.19221701691947252     
         101         102   2.4377129332786320     
         103         104   2.4378542628026580     
         104         105   1.3348545793825060     
         103         106  0.19221514757211722     
         105         106   2.3533292219966464     
         106         107   1.3348246435649185     
         105         108  0.19223954976903604     
         107         108   2.4379670463934877     
         109         110   2.4402459621057555     
         110         111   1.3327977292687361     
         109         112  0.19243061207726242     
         111         112   2.3567752099701673     
         112         113   1.3320124171885992     
          41         114   1.1870067684788848     
         111         114  0.19266732061433187     
         113         114   2.4427732963685655     
         116         117   1.6477005031410101     
         117         118   1.1811449802996701     
          78         119   1.1902617557154245     
         118         119   1.2478508731002989     
         119         120   1.2481530013815529     
         120         121   1.1811330210936275     
         121         122   1.6477017006801504     
         122         123   1.1733659469443969     
         115         124  0.48874147588110145     
         120         124   1.2873226301132821     
         123         124   1.2448273260962537     
         123         125   1.3557507125241750     
         125         126   1.3567967470412898     
         126         127   1.1731347830081191     
         127         128   1.6479642068298355     
         128         129   1.1809355513816957     
         115         130  0.48879005053307967     
         126         130   1.2441613043642108     
         129         130   1.2878974295658363     
          79         131   1.1910703721722251     
         129         131   1.2475126365148594     
         131         132   1.2475272957806891     
         132         133   1.1809285237066682     
         133         134   1.6479574520153455     
         134         135   1.1731419948383641     
         115         136  0.48873645812827937     
         132         136   1.2879206342862515     
         135         136   1.2441706034813329     
         135         137   1.3567831112933295     
         116         138   1.1733825151667960     
         137         138   1.3557905002942081     
         115         139  0.48874108379403181     
         118         139   1.2874074049812181     
         138         139   1.2447506630796288     
         116         140  0.97240554841319993     
         117         141  0.97088909257283729     
         121         142  0.97089187810564448     
         122         143  0.97240784644207989     
         125         144  0.96354639997559821     
         127         145  0.97240528821889960     
         128         146  0.97089611258997777     
         133         147  0.97089466842636618     
         134         148  0.97240551458223734     
         137         149  0.96354350706600222     
         151         152   1.6477091925995888     
         152         153   1.1811174040168189     
          84         154   1.1912022131701110     
         153         154   1.2475069734602831     
         154         155   1.2474612346168898     
         155         156   1.1811119885845907     
         156         157   1.6477103280812675     
         157         158   1.1733421842789808     
         150         159  0.48869575291422990     
         155         159   1.2877664044659101     
         158         159   1.2444621419469093     
         158         160   1.3561338029773911     
         160         161   1.3564847695901263     
         161         162   1.1732390118008973     
         162         163   1.6478457769137702     
         163         164   1.1810010554756669     
         150         165  0.48870795648964765     
         161         165   1.2442642596502989     
         164         165   1.2879179032902952     
          85         166   1.1912197666672351     
         164         166   1.2473808411820253     
         166         167   1.2475122148754847     
         167         168   1.1810088156198359     
         168         169   1.6478367631930011     
         169         170   1.1732372929346115     
         150         171  0.48872492623884167     
         167         171   1.2878667341425993     
         170         171   1.2443015626385889     
         170         172   1.3564599269397672     
         151         173   1.1733392607438002     
         172         173   1.3561400339937342     
         150         174  0.48873994287852385     
         153         174   1.2877385955973115     
         173         174   1.2444613216958356     
         151         175  0.97240123622516950     
         152         176  0.97088953689051716     
         156         177  0.97088903722746955     
         157         178  0.97240082359912716     
         160         179  0.96353144389150824     
         162         180  0.97240025218027826     
         163         181  0.97088843405526604     
         168         182  0.97089304671464294     
         169         183  0.97240128318789876     
         172         184  0.96353320091216110     
         186         187   1.6477760460249411     
         187         188   1.1810557410690952     
          90         189   1.1912422712199546     
         188         189   1.2473738578966633     
         189         190   1.2475334134604310     
         190         191   1.1810561462404270     
         191         192   1.6477706156500922     
         192         193   1.1732935178725463     
         185         194  0.48871533720969984     
         190         194   1.2878051105359303     
         193         194   1.2444068649662061     
         193         195   1.3562564098059202     
         195         196   1.3563667071820149     
         196         197   1.1732665876125914     
         197         198   1.6478113519525812     
         198         199   1.1810281648070493     
         185         200  0.48872137250100761     
         196         200   1.2443298091661539     
         199         200   1.2878659579073131     
          91         201   1.1912437788750627     
         199         201   1.2474238960901001     
         201         202   1.2474696643170406     
         202         203   1.1810244419380103     
         203         204   1.6478037947664972     
         204         205   1.1732729697199666     
         185         206  0.48870581194019458     
         202         206   1.2878688814861681     
         205         206   1.2443424526904947     
         205         207   1.3563489951301635     
         186         208   1.1732985718279536     
         207         208   1.3562875827001477     
         185         209  0.48871616963109055     
         188         209   1.2878550854475441     
         208         209   1.2443574051611586     
         186         210  0.97239862917507069     
         187         211  0.97088655204757168     
         191         212  0.97089032048022428     
         192         213  0.97239976161564279     
         195         214  0.96353036106510259     
         197         215  0.97239907758765454     
         198         216  0.97088967591568620     
         203         217  0.97088767899048090     
         204         218  0.97239939807187070     
         207         219  0.96352931037592937     
         221         222   1.6478147674727071     
         222         223   1.1810276691328279     
          96         224   1.1912436618281823     
         223         224   1.2473987406534779     
         224         225   1.2474958075966456     
         225         226   1.1810166807554192     
         226         227   1.6478103999479010     
         227         228   1.1732685670975513     
         220         229  0.48869879960617790     
         225         229   1.2878608679277350     
         228         229   1.2443530273368484     
         228         230   1.3563456419612576     
         230         231   1.3562923663765953     
         231         232   1.1732918385047835     
         232         233   1.6477879332750809     
         233         234   1.1810453578463731     
         220         235  0.48869917580205258     
         231         235   1.2443605677704870     
         234         235   1.2878640079924923     
          97         236   1.1912295478852002     
         234         236   1.2473741448977078     
         236         237   1.2475451597773544     
         237         238   1.1810654969088947     
         238         239   1.6477627340754990     
         239         240   1.1733011807924976     
         220         241  0.48873157231630676     
         237         241   1.2877864702265041     
         240         241   1.2444103505487412     
         240         242   1.3562483059698764     
         221         243   1.1732661821341102     
         242         243   1.3563739380161317     
         220         244  0.48872794530581692     
         223         244   1.2878728688294401     
         243         244   1.2443244520287873     
         221         245  0.97239905043264285     
         222         246  0.97088992198588431     
         226         247  0.97088741058210593     
         227         248  0.97239946661296761     
         230         249  0.96352936182460991     
         232         250  0.97239858873223195     
         233         251  0.97088429849022562     
         238         252  0.97089235779083305     
         239         253  0.97239961763815452     
         242         254  0.96353005220885413     
         256         257   1.6478466036016017     
         257         258   1.1810002005196756     
         102         259   1.1912059712345344     
         258         259   1.2473634503715347     
         259         260   1.2475414488841956     
         260         261   1.1810050601656663     
         261         262   1.6478451885731791     
         262         263   1.1732324134107834     
         255         264  0.48873311307517892     
         260         264   1.2878544768089744     
         263         264   1.2443112986405107     
         263         265   1.3564613358050077     
         265         266   1.3561276004970548     
         266         267   1.1733351689052394     
         267         268   1.6477149469231773     
         268         269   1.1811163609313040     
         255         270  0.48874374914475072     
         266         270   1.2444861149975857     
         269         270   1.2877113749321709     
         103         271   1.1911807227615285     
         269         271   1.2475710784948497     
         271         272   1.2474141164184318     
         272         273   1.1811107429929770     
         273         274   1.6477145946512373     
         274         275   1.1733472047629581     
         255         276  0.48869722065430909     
         272         276   1.2877790654788959     
         275         276   1.2444473265315714     
         275         277   1.3561424026800539     
         256         278   1.1732426399743550     
         277         278   1.3564856143581692     
         255         279  0.48870494201060605     
         258         279   1.2879232983819719     
         278         279   1.2442615761519809     
         256         280  0.97240007627355984     
         257         281  0.97088745874598625     
         261         282  0.97089405860502731     
         262         283  0.97240156165617142     
         265         284  0.96353391167972546     
         267         285  0.97240163368120236     
         268         286  0.97089155586859155     
         273         287  0.97088777445701246     
         274         288  0.97240031088968792     
         277         289  0.96352997122673434     
         291         292   1.6479941109156546     
         292         293   1.1809189108510583     
         108         294   1.1910143009050043     
         293         294   1.2475367345017521     
         294         295   1.2475881868996106     
         295         296   1.1809039395863756     
         296         297   1.6479973962945635     
         297         298   1.1731102937325817     
         290         299  0.48878058406134700     
         295         299   1.2879000084291368     
         298         299   1.2441716926581510     
         298         300   1.3568290358791721     
         300         301   1.3557339553253500     
         301         302   1.1733352200391496     
         302         303   1.6477795044180663     
         303         304   1.1810774944507689     
         290         305  0.48873947189586509     
         301         305   1.2448703083511894     
         304         305   1.2872338795577647     
         109         306   1.1897406645742870     
         304         306   1.2481875626180576     
         306         307   1.2483286513801815     
         307         308   1.1810654888231391     
         308         309   1.6477822380582592     
         309         310   1.1733278298916339     
         290         311  0.48876097353003978     
         307         311   1.2872029125518540     
         310         311   1.2448947661250866     
         310         312   1.3557245578642849     
         291         313   1.1731095811858565     
         312         313   1.3568276705521205     
         290         314  0.48877706629966755     
         293         314   1.2878810747178333     
         313         314   1.2441757863028995     
         291         315  0.97240480282633279     
         292         316  0.97089891470438605     
         296         317  0.97089126232562817     
         297         318  0.97240517418023853     
         300         319  0.96354451407937924     
         302         320  0.97240513393161465     
         303         321  0.97088733497419688     
         308         322  0.97088555881159122     
         309         323  0.97240625700406891     
         312         324  0.96354527800602041     
