   -0.05496334
   -0.05369127
    0.08619841
    0.01287385
    0.06380969
   -0.04934271
   -0.05188206
    0.06439546
   -0.08102422
   -0.05527628
    0.08674676
   -0.05380844
   -0.05385522
    0.08640390
   -0.32108431
   -0.05697415
    0.06496414
   -0.05115952
   -0.05095618
    0.06553220
   -0.08112842
   -0.05520688
    0.08531295
   -0.32420762
    0.01850189
    0.01979380
    0.04277267
    0.04148030
    0.21415942
    0.04684241
    0.01930688
    0.01933325
    0.04594870
    0.04175261
    0.04168579
    0.21439267
    0.04685432
   -0.05474578
   -0.05249731
    0.08679579
    0.01293335
    0.06324465
   -0.05053866
   -0.05223340
    0.06414863
   -0.08077465
   -0.05529042
    0.08665340
   -0.05384395
   -0.05386585
    0.08639987
   -0.32105962
   -0.05696577
    0.06496122
   -0.05112630
   -0.05090857
    0.06565421
   -0.08113171
   -0.05511635
    0.08559293
   -0.32444743
    0.01879094
    0.02103860
    0.04132206
    0.04114924
    0.21425063
    0.04673381
    0.01924590
    0.01932950
    0.04595161
    0.04177712
    0.04177529
    0.21436072
    0.04702064
   -0.02985560
   -0.03069158
   -0.03020584
   -0.03014906
   -0.03072236
   -0.02988553
   -0.05477790
   -0.05296809
    0.08607042
    0.01322373
    0.06320987
   -0.05003047
   -0.05190301
    0.06411458
   -0.08117088
   -0.05308211
    0.08519509
   -0.05455544
   -0.05338240
    0.08640651
   -0.32367870
    0.01275563
    0.06317270
   -0.04995917
   -0.05208854
    0.06397696
   -0.08162482
   -0.05348034
    0.08510676
   -0.32354778
    0.01848295
    0.01899693
    0.04328882
    0.04140798
    0.21469714
    0.04781259
    0.01901912
    0.02238851
    0.04051865
    0.04090018
    0.21456643
    0.04731777
   -0.05457129
   -0.05342016
    0.08642710
    0.01274672
    0.06308843
   -0.04997146
   -0.05209717
    0.06406129
   -0.08161510
   -0.05336300
    0.08529836
   -0.05459915
   -0.05229461
    0.08653086
   -0.32371281
    0.01318975
    0.06269991
   -0.05085458
   -0.05223828
    0.06395777
   -0.08110812
   -0.05318962
    0.08519703
   -0.32356968
    0.01895981
    0.02265746
    0.04041987
    0.04092655
    0.21461706
    0.04750015
    0.01877885
    0.02088795
    0.04114345
    0.04104935
    0.21481091
    0.04770095
