           1           2   1.7164891748151434     
           2           3   1.1213025063632391     
           3           4   1.2492802529374107     
           4           5   1.2544927715728160     
           5           6   1.2358338458779135     
           6           7   1.5935295351669234     
           7           8   1.2232795035227251     
           5           9   1.2244773295269797     
           8           9   1.2030680606271804     
           8          10   1.3440543366724609     
          10          11   1.3574541246285730     
          11          12   1.1067536590820530     
          12          13   1.7309732280985464     
          13          14   1.1088192329610695     
          11          15   1.3239000811828303     
          14          15   1.3254200446559570     
          14          16   1.3536696690729857     
          16          17   1.3466698689573191     
          17          18   1.2155111642765488     
          18          19   1.6083724685291925     
          19          20   1.2149097574784886     
          17          21   1.2099055943940955     
          20          21   1.2108760610793352     
          20          22   1.3429056006790931     
           1          23   1.1151147775888695     
          22          23   1.3651139134116246     
           3          24   1.3597205185348171     
          23          24   1.3008578576461947     
           1          25  0.97277394234905068     
           2          26  0.96946269597274104     
           6          27  0.97014436892267453     
           7          28  0.97291777552803804     
           9          29  0.89993688710211817     
          10          30  0.96372050200138959     
          12          31  0.97274525922232213     
          13          32  0.97279816324979795     
          16          33  0.96475902281389592     
          18          34  0.97290941526690788     
          19          35  0.97284012169410461     
          21          36  0.90028024241209204     
          22          37  0.96357303798550165     
          38          39   1.7171866306629291     
          39          40   1.1209504481545891     
          40          41   1.2505342968368731     
          41          42   1.2517122126270017     
          42          43   1.2371420627096137     
          43          44   1.5919939774271026     
          44          45   1.2243800659875834     
          42          46   1.2252865410647702     
          45          46   1.2028080379349280     
          45          47   1.3432270223295322     
          47          48   1.3581360989810420     
          48          49   1.1067897630163481     
          49          50   1.7309197731804091     
          50          51   1.1088606985119218     
          48          52   1.3233057760675124     
          51          52   1.3259186769940750     
          51          53   1.3531545736453530     
          53          54   1.3470444856154649     
          54          55   1.2154069600750075     
          55          56   1.6085063418772365     
          56          57   1.2147920127087912     
          54          58   1.2096960414804725     
          57          58   1.2110293465223632     
          57          59   1.3427874732621286     
          38          60   1.1145138062128990     
          59          60   1.3653216972951956     
          40          61   1.3590729466832978     
          60          61   1.3010696582931542     
          38          62  0.97277893418738115     
          39          63  0.96905442562135091     
          43          64  0.96958071167698190     
          44          65  0.97293864111548356     
          46          66  0.89982051109227712     
          47          67  0.96370914488675552     
          49          68  0.97274687460999665     
          50          69  0.97280309538376109     
          53          70  0.96476957615547332     
          55          71  0.97290463909311553     
          56          72  0.97283113135275023     
          58          73  0.90024446525684332     
          59          74  0.96354256335068433     
           4          75   1.1760135743184019     
          75          76   2.5669975257306330     
          77          78   2.5606868384818569     
          41          80   1.1776907850907852     
          79          80   2.5659303616252238     
          81          82   1.7159776611635773     
          82          83   1.1230303022104808     
          76          84   1.1785247456938328     
          83          84   1.2498228300739755     
          84          85   1.2489914370927142     
          85          86   1.2396483725175580     
          86          87   1.5886024212156393     
          87          88   1.2271875996431243     
          85          89   1.2256139036310305     
          88          89   1.2040137614833668     
          88          90   1.3357373524270661     
          90          91   1.3714475424774371     
          91          92   1.1149835381228765     
          92          93   1.7158827048420497     
          93          94   1.1226227094641543     
          91          95   1.2951647529334112     
          94          95   1.3620037490981070     
          77          96   1.1812099783308101     
          94          96   1.2443802035867642     
          96          97   1.2513274717662790     
          97          98   1.2396774954086243     
          98          99   1.5886862596555196     
          99         100   1.2267443370600930     
          97         101   1.2251116623961671     
         100         101   1.2039565495407258     
         100         102   1.3367953634143457     
          81         103   1.1146281451634907     
         102         103   1.3689760641225230     
          83         104   1.3589063868256626     
         103         104   1.2986124372958909     
          81         105  0.97276868730825883     
          82         106  0.96996301043576594     
          86         107  0.96991163662558721     
          87         108  0.97290535300122016     
          89         109  0.89746589957716472     
          90         110  0.96301883758596729     
          92         111  0.97272684344776683     
          93         112  0.96909833166742854     
          98         113  0.97162546090211654     
          99         114  0.97295302143777895     
         101         115  0.89742541950141208     
         102         116  0.96311010071122416     
         117         118   1.7163094854006073     
         118         119   1.1225146674416906     
          78         120   1.1811612534755409     
         119         120   1.2446790764849469     
         120         121   1.2513374155907413     
         121         122   1.2397515038509854     
         122         123   1.5886291643501282     
         123         124   1.2267956858191864     
         121         125   1.2251406225354569     
         124         125   1.2042277879619525     
         124         126   1.3364345645172946     
         126         127   1.3696812191010481     
         127         128   1.1143457591364225     
         128         129   1.7163579716986153     
         129         130   1.1228888967053297     
         127         131   1.2980250909907403     
         130         131   1.3589728216603998     
          79         132   1.1803278767078851     
         130         132   1.2494690633542849     
         132         133   1.2477593263562754     
         133         134   1.2405546036713968     
         134         135   1.5876373976909433     
         135         136   1.2277995083590572     
         133         137   1.2260648516296087     
         136         137   1.2040722136151853     
         136         138   1.3351602064130246     
         117         139   1.1147554170172009     
         138         139   1.3718329107958713     
         119         140   1.3617824910986038     
         139         140   1.2951253270276581     
         117         141  0.97272681166490160     
         118         142  0.96903830229009957     
         122         143  0.97163398083883634     
         123         144  0.97295075287283395     
         125         145  0.89714587435374127     
         126         146  0.96304740968888636     
         128         147  0.97276366577031592     
         129         148  0.96919706193715049     
         134         149  0.96973327796282494     
         135         150  0.97293074542726110     
         137         151  0.89707201296809191     
         138         152  0.96297012976480056     
