    0.56244880
   -0.05452881
   -0.05422301
    0.06959069
    0.01158971
    0.06952110
   -0.05445845
   -0.05454754
    0.06412183
   -0.21390214
   -0.06069245
    0.06527737
   -0.05354954
   -0.05527460
    0.07027643
   -0.21287715
   -0.05936808
    0.07026637
   -0.05526522
   -0.05354198
    0.06528824
   -0.21283361
   -0.06072428
    0.06416108
   -0.21406465
    0.03038975
    0.03196203
    0.03227698
    0.03043484
    0.04925580
    0.03056500
    0.03086953
    0.04719216
    0.03088064
    0.03056772
    0.04923992
    0.56250101
   -0.05453878
   -0.05436140
    0.06955561
    0.01158974
    0.06956811
   -0.05430349
   -0.05453466
    0.06413349
   -0.21398905
   -0.06070111
    0.06530466
   -0.05355211
   -0.05526794
    0.07026780
   -0.21289882
   -0.05935737
    0.07025835
   -0.05527167
   -0.05354501
    0.06525699
   -0.21281643
   -0.06070132
    0.06410894
   -0.21398058
    0.03041135
    0.03213003
    0.03204982
    0.03041839
    0.04925379
    0.03056241
    0.03086969
    0.04719220
    0.03088328
    0.03057375
    0.04925425
   -0.03061546
   -0.03076220
   -0.03069175
   -0.03071952
   -0.03067999
   -0.03067497
   -0.03070675
   -0.03069376
   -0.03077600
   -0.03062974
    0.56751248
   -0.05448677
   -0.05431250
    0.06987009
    0.01142939
    0.06980975
   -0.05448413
   -0.05449678
    0.06377378
   -0.21527643
   -0.05925883
    0.06369800
   -0.05455171
   -0.05437336
    0.06987463
   -0.21519208
    0.01141970
    0.06985999
   -0.05442281
   -0.05453537
    0.06369431
   -0.21515400
   -0.05927537
    0.06380878
   -0.21534099
    0.03040411
    0.03182358
    0.03201298
    0.03042485
    0.04991493
    0.03043100
    0.03169183
    0.03184936
    0.03043771
    0.04990517
    0.56812911
   -0.05454617
   -0.05441139
    0.06987183
    0.01142790
    0.06988347
   -0.05439206
   -0.05454097
    0.06363903
   -0.21523362
   -0.05920121
    0.06367666
   -0.05452297
   -0.05442780
    0.06988788
   -0.21530579
    0.01139353
    0.06986412
   -0.05448037
   -0.05452775
    0.06366755
   -0.21529559
   -0.05920094
    0.06365612
   -0.21528926
    0.03043855
    0.03171585
    0.03174540
    0.03044177
    0.04996852
    0.03044175
    0.03185130
    0.03190475
    0.03044687
    0.04997236
    0.56806939
   -0.05451817
   -0.05452679
    0.06986932
    0.01139289
    0.06989715
   -0.05438499
   -0.05453056
    0.06369787
   -0.21536632
   -0.05920737
    0.06362678
   -0.05453280
   -0.05440452
    0.06988560
   -0.21520784
    0.01142215
    0.06987808
   -0.05441613
   -0.05455024
    0.06369147
   -0.21531437
   -0.05920845
    0.06366539
   -0.21523108
    0.03046131
    0.03202020
    0.03176129
    0.03042551
    0.04996483
    0.03044512
    0.03174630
    0.03176232
    0.03043198
    0.04997324
    0.56752782
   -0.05453699
   -0.05438144
    0.06986527
    0.01141280
    0.06987514
   -0.05441870
   -0.05453766
    0.06369252
   -0.21516168
   -0.05925457
    0.06380731
   -0.05450403
   -0.05446160
    0.06983043
   -0.21532290
    0.01143986
    0.06985172
   -0.05432519
   -0.05449556
    0.06375592
   -0.21528290
   -0.05926946
    0.06367714
   -0.21516565
    0.03043236
    0.03174582
    0.03181331
    0.03043953
    0.04991830
    0.03041110
    0.03198416
    0.03179387
    0.03041242
    0.04991099
