           2           3   1.6450822450722180     
           3           4   1.1810696257707725     
           4           5   1.2634363847646279     
           5           6   1.2626037336932516     
           6           7   1.1810974288770428     
           7           8   1.6450383583209711     
           8           9   1.1706243090408361     
           1          10  0.65670593343888195     
           6          10   1.2560839464419993     
           9          10   1.2175569436818585     
           9          11   1.3607858273295239     
          11          12   1.3613180654291437     
          12          13   1.1627837891301902     
          13          14   1.6598032522508650     
          14          15   1.1639145195532954     
           1          16  0.65951824923230196     
          12          16   1.2265313104993303     
          15          16   1.2388927684749276     
          15          17   1.3578632738631198     
          17          18   1.3580913755404007     
          18          19   1.1638001134834037     
          19          20   1.6599815415053865     
          20          21   1.1626530661989041     
           1          22  0.65976808228546624     
          18          22   1.2387691828535328     
          21          22   1.2265254655307376     
          21          23   1.3614319847400789     
           2          24   1.1705458487076494     
          23          24   1.3605860233604214     
           1          25  0.65610902142634642     
           4          25   1.2559023735399735     
          24          25   1.2180047604963251     
           2          26  0.97224523148841158     
           3          27  0.96947509110485175     
           7          28  0.96913185835761462     
           8          29  0.97224126168948999     
          11          30  0.96296640076439999     
          13          31  0.97215908540057661     
          14          32  0.97242853626345238     
          17          33  0.96494485560003773     
          19          34  0.97242623612857204     
          20          35  0.97215815809241191     
          23          36  0.96297535682461644     
          38          39   1.6449048304181397     
          39          40   1.1812069702077630     
          40          41   1.2627170654072604     
          41          42   1.2628537650967038     
          42          43   1.1811059434103406     
          43          44   1.6450502671355336     
          44          45   1.1705814633426184     
          37          46  0.65640122391676425     
          42          46   1.2560835377129913     
          45          46   1.2176817644805187     
          45          47   1.3607930672380255     
          47          48   1.3612289113436893     
          48          49   1.1627352141729903     
          49          50   1.6598281261906556     
          50          51   1.1639237736772630     
          37          52  0.65934417379826016     
          48          52   1.2266961661722180     
          51          52   1.2388181904377686     
          51          53   1.3579488311092995     
          53          54   1.3579954351798016     
          54          55   1.1638965784672508     
          55          56   1.6598415768753259     
          56          57   1.1627611664299631     
          37          58  0.66004380130521689     
          54          58   1.2387060770285745     
          57          58   1.2264007553756058     
          57          59   1.3613600681083535     
          38          60   1.1706788477155723     
          59          60   1.3606805925763532     
          37          61  0.65655903906375357     
          40          61   1.2560829353169602     
          60          61   1.2176234871328964     
          38          62  0.97224289693884769     
          39          63  0.96917103400244597     
          43          64  0.96914906125485689     
          44          65  0.97224179965445967     
          47          66  0.96296916684177725     
          49          67  0.97216181710202354     
          50          68  0.97242807302356415     
          53          69  0.96494335991294600     
          55          70  0.97242552361049195     
          56          71  0.97215784137995676     
          59          72  0.96296717064042414     
           5          73   1.1671022382678842     
          73          74   2.5829680035643259     
          75          76   2.5781835427939885     
          77          78   2.5784667662342113     
          79          80   2.5782740939692319     
          41          82   1.1675899448532929     
          81          82   2.5827108364164952     
          84          85   1.6443849266111856     
          85          86   1.1811860036162178     
          74          87   1.1685232454189749     
          86          87   1.2611270703853097     
          87          88   1.2606377865395082     
          88          89   1.1812816513952706     
          89          90   1.6442740697698757     
          90          91   1.1714406912220674     
          83          92  0.65215631323650469     
          88          92   1.2586315445002101     
          91          92   1.2160984774960029     
          91          93   1.3606825066156432     
          93          94   1.3606440757152072     
          94          95   1.1717131036210335     
          95          96   1.6435864189944585     
          96          97   1.1819640326000722     
          83          98  0.65218089720199346     
          94          98   1.2158999503712409     
          97          98   1.2592349630311239     
          75          99   1.1726306058458287     
          97          99   1.2589382905147000     
          99         100   1.2590389740912977     
         100         101   1.1819353277977214     
         101         102   1.6436480582458979     
         102         103   1.1716926928166991     
          83         104  0.65258327736966870     
         100         104   1.2590579113451459     
         103         104   1.2157950521468157     
         103         105   1.3607048314754153     
          84         106   1.1713448314953656     
         105         106   1.3606045623526997     
          83         107  0.65181382749656958     
          86         107   1.2586121372002188     
         106         107   1.2163564692088056     
          84         108  0.97224171950036375     
          85         109  0.96950101267399535     
          89         110  0.96920655308574866     
          90         111  0.97223521329171569     
          93         112  0.96270009271917878     
          95         113  0.97224174268885766     
          96         114  0.96823794518613304     
         101         115  0.96823900231977245     
         102         116  0.97223588469219424     
         105         117  0.96270654815208756     
         119         120   1.6435282599716223     
         120         121   1.1819897453056754     
          76         122   1.1727572834921713     
         121         122   1.2587298819577066     
         122         123   1.2589111085355604     
         123         124   1.1818426342548567     
         124         125   1.6436810197344767     
         125         126   1.1717161148251025     
         118         127  0.65228302456712473     
         123         127   1.2593157202297529     
         126         127   1.2156825484667964     
         126         128   1.3606752426941544     
         128         129   1.3605958760352150     
         129         130   1.1716850618800199     
         130         131   1.6437637591352008     
         131         132   1.1817356717957017     
         118         133  0.65191557964935165     
         129         133   1.2158501536570168     
         132         133   1.2592803185345154     
          77         134   1.1718184433093770     
         132         134   1.2592632807698079     
         134         135   1.2592200741559385     
         135         136   1.1817852960648301     
         136         137   1.6437332021425393     
         137         138   1.1716740596813788     
         118         139  0.65202014362793248     
         135         139   1.2591816804163327     
         138         139   1.2158538341049174     
         138         140   1.3606245668157388     
         119         141   1.1717687183751242     
         140         141   1.3605823707463722     
         118         142  0.65191342477592951     
         121         142   1.2593831262880508     
         141         142   1.2158100070951630     
         119         143  0.97224276593131131     
         120         144  0.96826975301367890     
         124         145  0.96823471261371752     
         125         146  0.97223854430285683     
         128         147  0.96268289444858279     
         130         148  0.97224215172479256     
         131         149  0.96888949324811546     
         136         150  0.96877398849237961     
         137         151  0.97223989371224906     
         140         152  0.96268545225300495     
         154         155   1.6438678635295703     
         155         156   1.1816507550367323     
          78         157   1.1718054074817108     
         156         157   1.2591157314206982     
         157         158   1.2593980627143666     
         158         159   1.1818396489397265     
         159         160   1.6436699316999661     
         160         161   1.1716898121811674     
         153         162  0.65152560699532025     
         158         162   1.2592132596874639     
         161         162   1.2161612470021885     
         161         163   1.3603939551779587     
         163         164   1.3608319676172798     
         164         165   1.1717360943637609     
         165         166   1.6436663519476302     
         166         167   1.1818474805405392     
         153         168  0.65247095407082689     
         164         168   1.2155060096279131     
         167         168   1.2593556631104552     
          79         169   1.1725650567973960     
         167         169   1.2589285652617992     
         169         170   1.2589055883091902     
         170         171   1.1819461160558022     
         171         172   1.6435846418582010     
         172         173   1.1717205860388584     
         153         174  0.65154408703673861     
         170         174   1.2593459387272203     
         173         174   1.2161191346061671     
         173         175   1.3604066581436960     
         154         176   1.1716360542142756     
         175         176   1.3608612388662087     
         153         177  0.65220458895230382     
         156         177   1.2593320104309884     
         176         177   1.2156354846865634     
         154         178  0.97223396994760947     
         155         179  0.96873909811606818     
         159         180  0.96891340996660247     
         160         181  0.97224537978435677     
         163         182  0.96268549685185401     
         165         183  0.97223501185417527     
         166         184  0.96830815493763656     
         171         185  0.96837586119563912     
         172         186  0.97224368975311515     
         175         187  0.96268817093748460     
         189         190   1.6436216862834152     
         190         191   1.1819498572561351     
          80         192   1.1724650587622183     
         191         192   1.2590823440949674     
         192         193   1.2590202194261315     
         193         194   1.1818157294720708     
         194         195   1.6437602743286908     
         195         196   1.1716278348649583     
         188         197  0.65234576310105330     
         193         197   1.2592313134511324     
         196         197   1.2157735836514010     
         196         198   1.3608179408497145     
         198         199   1.3605119346300432     
         199         200   1.1713990861278825     
         200         201   1.6442745842454263     
         201         202   1.1813064966215094     
         188         203  0.65150176141392879     
         199         203   1.2163899027154605     
         202         203   1.2588047329853356     
          81         204   1.1689893072216690     
         202         204   1.2604934199445008     
         204         205   1.2608481952664616     
         205         206   1.1813425349598969     
         206         207   1.6441918705275378     
         207         208   1.1714870253170151     
         188         209  0.65246164997658995     
         205         209   1.2585331768669767     
         208         209   1.2160534768710727     
         208         210   1.3606293941263519     
         189         211   1.1716923458524919     
         210         211   1.3606454624760773     
         188         212  0.65254404833747204     
         191         212   1.2590778100860649     
         211         212   1.2158054921627779     
         189         213  0.97223972510331891     
         190         214  0.96837875704594478     
         194         215  0.96829571616037857     
         195         216  0.97223676252078206     
         198         217  0.96269948358654733     
         200         218  0.97224200974819808     
         201         219  0.96921914350197858     
         206         220  0.96920448173296059     
         207         221  0.97223868905764699     
         210         222  0.96270091376555189     
