   -0.05463982
   -0.05279285
    0.08689544
    0.01172570
    0.06379507
   -0.04990742
   -0.05172063
    0.06468004
   -0.08152164
   -0.05557345
    0.08686254
   -0.05378152
   -0.05378860
    0.08647821
   -0.32128817
   -0.05698549
    0.06506636
   -0.05098865
   -0.05083394
    0.06575681
   -0.08122325
   -0.05554800
    0.08595385
   -0.32530289
    0.01860297
    0.02118227
    0.04334460
    0.04145960
    0.21415611
    0.04671840
    0.01934964
    0.01938985
    0.04597374
    0.04183710
    0.04181082
    0.21422241
    0.04676076
   -0.05464159
   -0.05280927
    0.08725949
    0.01180523
    0.06393913
   -0.05011124
   -0.05196773
    0.06416761
   -0.08101608
   -0.05500030
    0.08674039
   -0.05376949
   -0.05379608
    0.08647343
   -0.32091073
   -0.05670990
    0.06502209
   -0.05105637
   -0.05085464
    0.06569673
   -0.08089918
   -0.05488788
    0.08561757
   -0.32482871
    0.01878473
    0.02129327
    0.04259191
    0.04116662
    0.21414200
    0.04687568
    0.01941047
    0.01947889
    0.04617391
    0.04193674
    0.04193280
    0.21436490
    0.04712901
   -0.02096650
   -0.01110565
   -0.01007835
   -0.02207430
   -0.02204642
   -0.01067869
   -0.01061125
   -0.02203641
   -0.02257520
   -0.01060191
   -0.01141264
   -0.02179938
   -0.05440413
   -0.05271098
    0.08667471
    0.01225844
    0.06340678
   -0.04997302
   -0.05168922
    0.06459632
   -0.08180243
   -0.05333783
    0.08552962
   -0.05441287
   -0.05281538
    0.08695470
   -0.32422456
    0.01181742
    0.06365337
   -0.05011271
   -0.05185560
    0.06423064
   -0.08174013
   -0.05339047
    0.08574801
   -0.32430862
    0.01888420
    0.02147799
    0.04328551
    0.04143573
    0.21454492
    0.04770317
    0.01901363
    0.02130922
    0.04256568
    0.04108366
    0.21439505
    0.04752066
   -0.05441096
   -0.05288657
    0.08691578
    0.01190413
    0.06354768
   -0.05025603
   -0.05192867
    0.06407842
   -0.08156514
   -0.05285910
    0.08532731
   -0.05446111
   -0.05267382
    0.08699431
   -0.32402008
    0.01216445
    0.06337304
   -0.05036912
   -0.05197475
    0.06401253
   -0.08129561
   -0.05283427
    0.08531000
   -0.32392960
    0.01895417
    0.02127808
    0.04247098
    0.04101991
    0.21443991
    0.04768727
    0.01883938
    0.02127053
    0.04234359
    0.04104390
    0.21454108
    0.04775422
