           1           2   1.7182491374736477     
           2           3   1.1204988032428602     
           3           4   1.2546994896539272     
           4           5   1.2552150349211670     
           5           6   1.2341101441404092     
           6           7   1.5956916699846011     
           7           8   1.2222723961560324     
           5           9   1.2229886644716998     
           8           9   1.2030109047607840     
           8          10   1.3452328090116832     
          10          11   1.3570029384150357     
          11          12   1.1066614256867116     
          12          13   1.7311890574316635     
          13          14   1.1086012351425729     
          11          15   1.3243823712044303     
          14          15   1.3255624668179471     
          14          16   1.3536393484508031     
          16          17   1.3477585727975958     
          17          18   1.2147372758451438     
          18          19   1.6098051412374499     
          19          20   1.2137517287841908     
          17          21   1.2096702601935150     
          20          21   1.2106772722520029     
          20          22   1.3450119680719914     
           1          23   1.1138658167674265     
          22          23   1.3623316102413072     
           3          24   1.3538120304580239     
          23          24   1.3052261175325155     
           1          25  0.97279292149278729     
           2          26  0.97135960599884474     
           6          27  0.97173068106361349     
           7          28  0.97289231270311138     
           9          29  0.90002306596069770     
          10          30  0.96373668572514104     
          12          31  0.97274703841142407     
          13          32  0.97279427786521355     
          16          33  0.96472282400148435     
          18          34  0.97288578533801839     
          19          35  0.97282613397668705     
          21          36  0.90044498688013375     
          22          37  0.96362569237846174     
          38          39   1.7167782698487857     
          39          40   1.1213193091926188     
          40          41   1.2436447939594280     
          41          42   1.2472957907479085     
          42          43   1.2377274318807299     
          43          44   1.5917989349642181     
          44          45   1.2244815284332631     
          42          46   1.2261447501150520     
          45          46   1.2019332014840132     
          45          47   1.3440135731926055     
          47          48   1.3574104610580948     
          48          49   1.1068736414725282     
          49          50   1.7308685773090333     
          50          51   1.1088857438066471     
          48          52   1.3237926696848090     
          51          52   1.3253874239579189     
          51          53   1.3535979230897082     
          53          54   1.3466146610939118     
          54          55   1.2156961340464101     
          55          56   1.6080076920946162     
          56          57   1.2153201223605419     
          54          58   1.2097317340542726     
          57          58   1.2112908018161117     
          57          59   1.3416214811789504     
          38          60   1.1147916495852983     
          59          60   1.3670178439264125     
          40          61   1.3621664999236274     
          60          61   1.2985552922057755     
          38          62  0.97278024822075393     
          39          63  0.97148942236879265     
          43          64  0.97192591086689750     
          44          65  0.97294451514566804     
          46          66  0.90000625759706865     
          47          67  0.96372145961358502     
          49          68  0.97274461584662797     
          50          69  0.97279338764844259     
          53          70  0.96472017000243970     
          55          71  0.97289326166522849     
          56          72  0.97282397885393346     
          58          73  0.90037398778195199     
          59          74  0.96353728844185749     
           4          75   1.1719232803122810     
          75          76   2.4794125575205244     
          76          77   1.2916710133766682     
          75          78  0.19810906026764113     
          77          78   2.4768911514704928     
          79          80   2.4589544099978240     
          80          81   1.3103751842407381     
          79          82  0.20076264252436077     
          81          82   2.4583404462716874     
          83          84   2.4586734935994876     
          84          85   1.3108984004112081     
          41          86   1.1919552031582648     
          83          86  0.20169338741284668     
          85          86   2.4609536332745776     
          87          88   1.7173392335705728     
          88          89   1.1223628172183935     
          78          90   1.1761389518507464     
          89          90   1.2516790406496767     
          90          91   1.2515413285169370     
          91          92   1.2379301502728655     
          92          93   1.5908762284119600     
          93          94   1.2257636439404833     
          91          95   1.2234847831895914     
          94          95   1.2045320947358857     
          94          96   1.3366321926454878     
          96          97   1.3708215299645743     
          97          98   1.1145593187767622     
          98          99   1.7162676718460579     
          99         100   1.1228600750176274     
          97         101   1.2957573484957330     
         100         101   1.3621551957866007     
          79         102   1.1935322827900894     
         100         102   1.2416337010279024     
         102         103   1.2459991771432957     
         103         104   1.2401125380851925     
         104         105   1.5891046132498003     
         105         106   1.2262849987090962     
         103         107   1.2260274822553252     
         106         107   1.2030341086813718     
         106         108   1.3386005051379359     
          87         109   1.1138805057980476     
         108         109   1.3670247493619734     
          89         110   1.3546799671373897     
         109         110   1.3011655595515694     
          87         111  0.97276010903364774     
          88         112  0.97148681490268851     
          92         113  0.97193722116639303     
          93         114  0.97288546858948255     
          95         115  0.89753395278308812     
          96         116  0.96302273981194397     
          98         117  0.97275045464503851     
          99         118  0.97156684368154689     
         104         119  0.97209020257781398     
         105         120  0.97293170776641635     
         107         121  0.89755132782338998     
         108         122  0.96308079434479277     
         123         124   1.7160509511564774     
         124         125   1.1231798338778263     
          82         126   1.1943802888701243     
         125         126   1.2409184678639096     
         126         127   1.2450166020487476     
         127         128   1.2411185670297409     
         128         129   1.5874891251836791     
         129         130   1.2277787299973855     
         127         131   1.2261633239605345     
         130         131   1.2034335787233332     
         130         132   1.3357674674129711     
         132         133   1.3712685793380301     
         133         134   1.1147587675704058     
         134         135   1.7158217253092114     
         135         136   1.1233591948518109     
         133         137   1.2953349488288490     
         136         137   1.3623001440962448     
          83         138   1.1957581132178687     
         136         138   1.2420226819680753     
         138         139   1.2429442637838697     
         139         140   1.2417331459763767     
         140         141   1.5869324540788201     
         141         142   1.2282144870225686     
         139         143   1.2266981828278853     
         142         143   1.2033928969964482     
         142         144   1.3352405152429347     
         123         145   1.1147442682723714     
         144         145   1.3719117662099969     
         125         146   1.3626463500879678     
         145         146   1.2947253978171620     
         123         147  0.97275053964017966     
         124         148  0.97159421891510522     
         128         149  0.97210189217043041     
         129         150  0.97294061189728520     
         131         151  0.89744359908838667     
         132         152  0.96299946057704111     
         134         153  0.97276501309817964     
         135         154  0.97162294881304323     
         140         155  0.97210109601947192     
         141         156  0.97293889772923703     
         143         157  0.89741521910869382     
         144         158  0.96298098114249930     
