    0.10400437
   -0.05295393
   -0.05145095
    0.07277816
    0.01696316
    0.07277735
   -0.05143332
   -0.05295811
    0.07186770
   -0.13144132
   -0.04994125
    0.07298261
   -0.05206887
   -0.05215531
    0.07328214
   -0.12964197
   -0.05167583
    0.07328276
   -0.05215740
   -0.05207035
    0.07297559
   -0.12963013
   -0.04993251
    0.07186284
   -0.13143121
    0.03434643
    0.03658575
    0.03659081
    0.03434163
    0.04995651
    0.03485709
    0.03475018
    0.04933819
    0.03475156
    0.03485672
    0.04995867
    0.10391770
   -0.05295073
   -0.05143389
    0.07277180
    0.01697408
    0.07277088
   -0.05143853
   -0.05294929
    0.07186923
   -0.13140927
   -0.04993507
    0.07298595
   -0.05206536
   -0.05215197
    0.07329430
   -0.12965021
   -0.05167780
    0.07329400
   -0.05215227
   -0.05206411
    0.07298186
   -0.12964138
   -0.04993554
    0.07187414
   -0.13141351
    0.03435362
    0.03658541
    0.03660114
    0.03435583
    0.04996174
    0.03486074
    0.03475285
    0.04934044
    0.03475387
    0.03486105
    0.04996023
   -0.01981867
   -0.01029587
   -0.00217007
   -0.00240600
   -0.01004820
   -0.02002789
   -0.01979093
   -0.01008670
   -0.00216114
   -0.00218919
   -0.01005018
   -0.01980251
   -0.01981049
   -0.01005093
   -0.00219535
   -0.00216126
   -0.01009431
   -0.01979533
   -0.01998559
   -0.01004653
   -0.00237434
   -0.00215335
   -0.01028077
   -0.01979157
    0.10302645
   -0.05287257
   -0.05152918
    0.07306765
    0.01706716
    0.07307034
   -0.05150163
   -0.05287252
    0.07169959
   -0.13201990
   -0.04784239
    0.07169546
   -0.05284945
   -0.05152934
    0.07314235
   -0.13215875
    0.01697709
    0.07315234
   -0.05155485
   -0.05284521
    0.07167773
   -0.13211630
   -0.04782942
    0.07169164
   -0.13198231
    0.03421273
    0.03631663
    0.03631913
    0.03420552
    0.05035441
    0.03421980
    0.03630242
    0.03632385
    0.03422398
    0.05036514
    0.10293855
   -0.05285637
   -0.05153508
    0.07313504
    0.01702873
    0.07313612
   -0.05155357
   -0.05285081
    0.07167596
   -0.13200746
   -0.04777687
    0.07168051
   -0.05285348
   -0.05152010
    0.07314537
   -0.13203700
    0.01703049
    0.07311942
   -0.05156653
   -0.05285235
    0.07167896
   -0.13201062
   -0.04777982
    0.07168807
   -0.13207453
    0.03423158
    0.03631138
    0.03632550
    0.03424225
    0.05038878
    0.03422846
    0.03631397
    0.03633051
    0.03424800
    0.05039599
    0.10298655
   -0.05284638
   -0.05155530
    0.07312408
    0.01697465
    0.07314393
   -0.05152138
   -0.05284943
    0.07168341
   -0.13207765
   -0.04784601
    0.07170034
   -0.05286501
   -0.05153807
    0.07305905
   -0.13203210
    0.01706605
    0.07309211
   -0.05148986
   -0.05286868
    0.07170504
   -0.13206438
   -0.04784809
    0.07167771
   -0.13208224
    0.03422996
    0.03631971
    0.03631592
    0.03422385
    0.05035635
    0.03422100
    0.03631474
    0.03630210
    0.03419811
    0.05035079
