           2           3   1.6414940639965399     
           3           4   1.1833729934955333     
           4           5   1.2559945481517214     
           5           6   1.2561944602264807     
           6           7   1.1833697397188043     
           7           8   1.6414938821567171     
           8           9   1.1743169584237878     
           1          10  0.72184566763083913     
           6          10   1.2613763735818213     
           9          10   1.2274650212862279     
           9          11   1.3593475698421589     
          11          12   1.3586325048821610     
          12          13   1.1657034948624121     
          13          14   1.6573702999752573     
          14          15   1.1651336250843409     
           1          16  0.72399176261565523     
          12          16   1.2386808243503549     
          15          16   1.2417348841503015     
          15          17   1.3576884832373961     
          17          18   1.3576774020875779     
          18          19   1.1651455108745183     
          19          20   1.6573369488486664     
          20          21   1.1657411807879958     
           1          22  0.72404062932170066     
          18          22   1.2417177411178173     
          21          22   1.2386661447793408     
          21          23   1.3585999231422237     
           2          24   1.1743297866232776     
          23          24   1.3594110064480471     
           1          25  0.72180151699371464     
           4          25   1.2615079189700054     
          24          25   1.2273785659199039     
           2          26  0.97198032403275358     
           3          27  0.97009184035581486     
           7          28  0.97009933647123536     
           8          29  0.97198146904003790     
          11          30  0.96324543157101894     
          13          31  0.97187332205098820     
          14          32  0.97190243452375136     
          17          33  0.96354122645504736     
          19          34  0.97190207555537023     
          20          35  0.97187263618738629     
          23          36  0.96324273448386044     
          38          39   1.6415329232933003     
          39          40   1.1833295295740003     
          40          41   1.2562787747285151     
          41          42   1.2562518798830751     
          42          43   1.1833308965955220     
          43          44   1.6415368680381643     
          44          45   1.1743095416846177     
          37          46  0.72192763863452281     
          42          46   1.2613238984371762     
          45          46   1.2274460983058457     
          45          47   1.3593649927574356     
          47          48   1.3586483887307563     
          48          49   1.1656950278975298     
          49          50   1.6573989483898093     
          50          51   1.1651012084057608     
          37          52  0.72388744085111445     
          48          52   1.2387067591564518     
          51          52   1.2417753753177037     
          51          53   1.3576842752200278     
          53          54   1.3576890949913958     
          54          55   1.1651117058133118     
          55          56   1.6573819690097631     
          56          57   1.1657104326754917     
          37          58  0.72395575356683239     
          54          58   1.2417545461971273     
          57          58   1.2386801963551359     
          57          59   1.3586503773461200     
          38          60   1.1743139104747029     
          59          60   1.3593553998183545     
          37          61  0.72191933309075107     
          40          61   1.2613256316183028     
          60          61   1.2274557464117613     
          38          62  0.97197961294908064     
          39          63  0.97008813576403174     
          43          64  0.97008878481035510     
          44          65  0.97197880159497851     
          47          66  0.96324459879590429     
          49          67  0.97187247130133514     
          50          68  0.97190251617471457     
          53          69  0.96354088736976207     
          55          70  0.97190171864471264     
          56          71  0.97187218333201353     
          59          72  0.96324516533771987     
           5          73   1.1814370910470717     
          73          74   2.4487881451960227     
          74          75   1.3289161035378576     
          73          76  0.19367562406428690     
          75          76   2.3618516961175193     
          76          77   1.3296806588441714     
          75          78  0.19348857629495303     
          77          78   2.4463173731768828     
          79          80   2.4444416984933124     
          80          81   1.3312181484586307     
          79          82  0.19322208007950853     
          81          82   2.3589113514868090     
          82          83   1.3312441722372530     
          81          84  0.19321540440293278     
          83          84   2.4443618823616067     
          85          86   2.4443687806249836     
          86          87   1.3312460693015071     
          85          88  0.19322170800941235     
          87          88   2.3589136524363439     
          88          89   1.3312082146462170     
          87          90  0.19322775211870774     
          89          90   2.4444734267859962     
          91          92   2.4465445410114786     
          92          93   1.3294178194044655     
          91          94  0.19345672560296676     
          93          94   2.3620947169799451     
          94          95   1.3286463701475779     
          41          96   1.1811185742931454     
          93          96  0.19364620604720678     
          95          96   2.4490476329806574     
          98          99   1.6405679668557469     
          99         100   1.1836831158731620     
          78         101   1.1839412999281209     
         100         101   1.2535335394055511     
         101         102   1.2537325960710966     
         102         103   1.1837015440770868     
         103         104   1.6405709402426489     
         104         105   1.1751989934672860     
          97         106  0.71855366849982649     
         102         106   1.2641574285108754     
         105         106   1.2259199285455777     
         105         107   1.3590785981443574     
         107         108   1.3592021283331523     
         108         109   1.1751822064153501     
         109         110   1.6405404168339466     
         110         111   1.1837050666489244     
          97         112  0.71790410981378616     
         108         112   1.2259131197526827     
         111         112   1.2645502414108827     
          79         113   1.1848611542026966     
         111         113   1.2532806559585690     
         113         114   1.2530260441216043     
         114         115   1.1836306458014514     
         115         116   1.6405845282504343     
         116         117   1.1751918116933251     
          97         118  0.71788177912991902     
         114         118   1.2647718702677451     
         117         118   1.2257856083615328     
         117         119   1.3592720407288847     
          98         120   1.1752250134311484     
         119         120   1.3590582262794344     
          97         121  0.71852864547949469     
         100         121   1.2642686820254707     
         120         121   1.2258773024098268     
          98         122  0.97197684316328703     
          99         123  0.97012414747452491     
         103         124  0.97013630382513993     
         104         125  0.97197773882532634     
         107         126  0.96299295145462538     
         109         127  0.97198238766770284     
         110         128  0.97014026827617750     
         115         129  0.97012295347846411     
         116         130  0.97198024847430065     
         119         131  0.96299016859668984     
         133         134   1.6405112898364311     
         134         135   1.1837234994093309     
          84         136   1.1849394765831585     
         135         136   1.2531753737967093     
         136         137   1.2530131043880433     
         137         138   1.1837096720772391     
         138         139   1.6404930880495114     
         139         140   1.1752600927527930     
         132         141  0.71819320346169535     
         137         141   1.2646820326623023     
         140         141   1.2257382922465536     
         140         142   1.3592070082527121     
         142         143   1.3591319805067252     
         143         144   1.1752278448463758     
         144         145   1.6405108742461609     
         145         146   1.1836964857138577     
         132         147  0.71809288718311526     
         143         147   1.2258762847492830     
         146         147   1.2646227898415257     
          85         148   1.1849439610789783     
         146         148   1.2532506624535085     
         148         149   1.2529491119998841     
         149         150   1.1837356495836089     
         150         151   1.6404998607906540     
         151         152   1.1752329880650314     
         132         153  0.71814581981855230     
         149         153   1.2646549033573065     
         152         153   1.2257762518613544     
         152         154   1.3592094808918609     
         133         155   1.1752071203552734     
         154         155   1.3591029824707377     
         132         156  0.71789286900653015     
         135         156   1.2646397754016396     
         155         156   1.2259596424695078     
         133         157  0.97198107820926571     
         134         158  0.97014136493900516     
         138         159  0.97011708773092176     
         139         160  0.97197671636607674     
         142         161  0.96298628208028136     
         144         162  0.97197868877997973     
         145         163  0.97013135188957178     
         150         164  0.97012478784597567     
         151         165  0.97197791593303429     
         154         166  0.96298869690579758     
         168         169   1.6406048855437345     
         169         170   1.1836588346914076     
          90         171   1.1848450411786777     
         170         171   1.2530690185438145     
         171         172   1.2532861770601293     
         172         173   1.1836743869873503     
         173         174   1.6405368514276431     
         174         175   1.1752089441725211     
         167         176  0.71823411335685983     
         172         176   1.2644939001573754     
         175         176   1.2258022753398472     
         175         177   1.3592190233736994     
         177         178   1.3591137479690936     
         178         179   1.1751830173606064     
         179         180   1.6406696275288439     
         180         181   1.1835933834152839     
         167         182  0.71840844601592779     
         178         182   1.2258859190879634     
         181         182   1.2642384739325969     
          91         183   1.1836567436858236     
         181         183   1.2536068611882145     
         183         184   1.2539312556979239     
         184         185   1.1836142022591647     
         185         186   1.6406070464443383     
         186         187   1.1752175396978350     
         167         188  0.71844358552055443     
         184         188   1.2641219289129979     
         187         188   1.2259670825764410     
         187         189   1.3590022318953392     
         168         190   1.1751494354810292     
         189         190   1.3593061372323507     
         167         191  0.71806297978905453     
         170         191   1.2646338143986355     
         190         191   1.2257837420406943     
         168         192  0.97198128035535614     
         169         193  0.97014138886937851     
         173         194  0.97012448751620606     
         174         195  0.97197901770945117     
         177         196  0.96299028031831158     
         179         197  0.97197781872124522     
         180         198  0.97012594047751166     
         185         199  0.97013279882548464     
         186         200  0.97197975088547317     
         189         201  0.96299281574945528     
