   -0.29367801
   -0.05240031
   -0.05010654
    0.07304918
    0.02677947
    0.07295972
   -0.05092514
   -0.05236401
    0.07311025
   -0.04705635
   -0.04162845
    0.07414505
   -0.05131252
   -0.05139652
    0.07448597
   -0.04669703
   -0.04333977
    0.07448474
   -0.05138750
   -0.05131299
    0.07415754
   -0.04669435
   -0.04166545
    0.07311576
   -0.04714342
    0.03525646
    0.03570482
    0.03726865
    0.03527725
    0.04895420
    0.03560348
    0.03552611
    0.04826777
    0.03552858
    0.03561098
    0.04893263
   -0.02905923
   -0.02919465
   -0.29443572
   -0.05234256
   -0.05096129
    0.07287292
    0.02685688
    0.07305849
   -0.05008916
   -0.05240146
    0.07311266
   -0.04702217
   -0.04158252
    0.07416564
   -0.05129932
   -0.05138795
    0.07443608
   -0.04650397
   -0.04321974
    0.07444808
   -0.05138891
   -0.05133614
    0.07404646
   -0.04637130
   -0.04149600
    0.07299837
   -0.04669156
    0.03530248
    0.03698027
    0.03590540
    0.03524876
    0.04886603
    0.03562353
    0.03552818
    0.04821453
    0.03552749
    0.03558376
    0.04889738
