           2           3   1.6458918569001519     
           3           4   1.1779448206912897     
           4           5   1.2589313015800556     
           5           6   1.2577194752780243     
           6           7   1.1777949752698480     
           7           8   1.6460569925006743     
           8           9   1.1694715749978013     
           1          10  0.75327346103691672     
           6          10   1.2598838451929351     
           9          10   1.2276562313853763     
           9          11   1.3545734318123683     
          11          12   1.3538327394039449     
          12          13   1.1611361795314623     
          13          14   1.6611641980379221     
          14          15   1.1605627434253996     
           1          16  0.75157640322089414     
          12          16   1.2389300176667535     
          15          16   1.2420246483370447     
          15          17   1.3529674217460892     
          17          18   1.3530121546037734     
          18          19   1.1605298340548402     
          19          20   1.6612316117660257     
          20          21   1.1610726187466376     
           1          22  0.75162657456266713     
          18          22   1.2420278571838286     
          21          22   1.2388874242602252     
          21          23   1.3539930061533150     
           2          24   1.1694933388450888     
          23          24   1.3543165866518616     
           1          25  0.75341457847832827     
           4          25   1.2594376329004284     
          24          25   1.2280226247164323     
           2          26  0.97180052046621879     
           3          27  0.96582792750569946     
           7          28  0.96667982131310792     
           8          29  0.97179077706265860     
          11          30  0.96376483292075210     
          13          31  0.97171193345090534     
          14          32  0.97173573914765277     
          17          33  0.96411087984646460     
          19          34  0.97173608757184449     
          20          35  0.97171129008174362     
          23          36  0.96377388715208134     
           5          37   1.1658015934341881     
          37          38   2.5856305274180151     
          40          41   1.6453697633751987     
          41          42   1.1783987229791102     
          38          43   1.1663712739985792     
          42          43   1.2557944203062459     
          43          44   1.2594997911673191     
          44          45   1.1776621080885259     
          45          46   1.6457577839119575     
          46          47   1.1695651986391897     
          39          48  0.75323160661213961     
          44          48   1.2585300818932528     
          47          48   1.2289128490785424     
          47          49   1.3531226578024420     
          49          50   1.3542276078839992     
          50          51   1.1608732625913423     
          51          52   1.6610262962797711     
          52          53   1.1607117108085803     
          39          54  0.75159739642513346     
          50          54   1.2383808014585371     
          53          54   1.2424423312272399     
          53          55   1.3521708483809443     
          55          56   1.3530005447548505     
          56          57   1.1605735830624389     
          57          58   1.6607141828242462     
          58          59   1.1616009946080019     
          39          60  0.75172142515436080     
          56          60   1.2414698090977461     
          59          60   1.2394289229397548     
          59          61   1.3525928344468747     
          40          62   1.1695827282710267     
          61          62   1.3551970023910271     
          39          63  0.75340934962134964     
          42          63   1.2611212110040821     
          62          63   1.2264400627705667     
          40          64  0.97179099519108836     
          41          65  0.96675030180926247     
          45          66  0.96584033709649053     
          46          67  0.97179730522029228     
          49          68  0.96386166533766482     
          51          69  0.97170842835169569     
          52          70  0.97173310611194208     
          55          71  0.96418888337103281     
          57          72  0.97174237965081767     
          58          73  0.97171711907296898     
          61          74  0.96384945962251234     
