   -0.29296062
   -0.05219644
   -0.05079052
    0.07307530
    0.02651324
    0.07317007
   -0.05053160
   -0.05222023
    0.07316775
   -0.04734956
   -0.04158083
    0.07424728
   -0.05125536
   -0.05131508
    0.07453506
   -0.04652288
   -0.04318394
    0.07453756
   -0.05131439
   -0.05125870
    0.07421459
   -0.04652492
   -0.04155596
    0.07313707
   -0.04719554
    0.03545390
    0.03697520
    0.03663981
    0.03542299
    0.04911056
    0.03580891
    0.03573168
    0.04850487
    0.03572954
    0.03579827
    0.04912162
   -0.29288732
   -0.05221828
   -0.05071718
    0.07306064
    0.02650879
    0.07310838
   -0.05056241
   -0.05222725
    0.07318777
   -0.04726324
   -0.04158912
    0.07425809
   -0.05125429
   -0.05131009
    0.07454888
   -0.04664617
   -0.04319510
    0.07454967
   -0.05131068
   -0.05125678
    0.07423701
   -0.04662649
   -0.04157534
    0.07316406
   -0.04716486
    0.03544988
    0.03687213
    0.03667186
    0.03543284
    0.04911865
    0.03579890
    0.03572358
    0.04849979
    0.03572441
    0.03579546
    0.04912838
   -0.02848497
   -0.02935976
   -0.02877672
   -0.02900632
   -0.02899047
   -0.02873798
   -0.02931790
   -0.02846537
   -0.28867940
   -0.05202714
   -0.05055596
    0.07338862
    0.02690718
    0.07340978
   -0.05034122
   -0.05204949
    0.07303662
   -0.04876972
   -0.03967675
    0.07295209
   -0.05204166
   -0.05065911
    0.07349719
   -0.04861002
    0.02654534
    0.07351192
   -0.05056322
   -0.05204852
    0.07295149
   -0.04868404
   -0.03967201
    0.07304468
   -0.04871226
    0.03556119
    0.03706810
    0.03659268
    0.03553938
    0.04976965
    0.03552570
    0.03677215
    0.03661272
    0.03551339
    0.04977848
   -0.28896234
   -0.05203457
   -0.05046515
    0.07350865
    0.02674908
    0.07348207
   -0.05059779
   -0.05202613
    0.07296528
   -0.04862465
   -0.03951184
    0.07297545
   -0.05203871
   -0.05045860
    0.07348696
   -0.04865385
    0.02674217
    0.07345752
   -0.05057259
   -0.05202942
    0.07297387
   -0.04855349
   -0.03951367
    0.07297117
   -0.04869325
    0.03554383
    0.03658796
    0.03678180
    0.03556023
    0.04984080
    0.03554889
    0.03657723
    0.03674403
    0.03556776
    0.04984039
   -0.28839671
   -0.05205968
   -0.05063964
    0.07348647
    0.02653321
    0.07348671
   -0.05058139
   -0.05205924
    0.07298290
   -0.04875451
   -0.03968952
    0.07307173
   -0.05205532
   -0.05051576
    0.07335857
   -0.04872971
    0.02689517
    0.07337860
   -0.05038078
   -0.05206386
    0.07306302
   -0.04875874
   -0.03969521
    0.07297885
   -0.04869630
    0.03551755
    0.03676313
    0.03664536
    0.03551401
    0.04977962
    0.03555456
    0.03696770
    0.03668978
    0.03554315
    0.04977558
