           2           3   1.6465141577463114     
           3           4   1.1772780016850073     
           4           5   1.2583691129634833     
           5           6   1.2593576025141378     
           6           7   1.1771136158304707     
           7           8   1.6466057911443603     
           8           9   1.1691239108615898     
           1          10  0.75262830307601702     
           6          10   1.2599543576683276     
           9          10   1.2282733470448042     
           9          11   1.3547564274092716     
          11          12   1.3537122107919120     
          12          13   1.1610549561509529     
          13          14   1.6611696110915302     
          14          15   1.1605504017139843     
           1          16  0.75171559254796050     
          12          16   1.2391535927467252     
          15          16   1.2421407392122248     
          15          17   1.3529392856345532     
          17          18   1.3530943068874239     
          18          19   1.1604963468152474     
          19          20   1.6611036850307508     
          20          21   1.1612287182544756     
           1          22  0.75163297389755068     
          18          22   1.2419988639756294     
          21          22   1.2394016458941348     
          21          23   1.3533421094844640     
           2          24   1.1691429463817142     
          23          24   1.3552432201607285     
           1          25  0.75280939902817390     
           4          25   1.2605053218634317     
          24          25   1.2276228870356918     
           2          26  0.97177526745486531     
           3          27  0.96790230269679955     
           7          28  0.96759902200654835     
           8          29  0.97178232808889931     
          11          30  0.96378584061576533     
          13          31  0.97168857796824937     
          14          32  0.97171474270691627     
          17          33  0.96409498801021798     
          19          34  0.97171828956847928     
          20          35  0.97169032520262488     
          23          36  0.96378056379418098     
          38          39   1.6465060419290327     
          39          40   1.1773201629120900     
          40          41   1.2587252020861408     
          41          42   1.2593114167299586     
          42          43   1.1772488111910500     
          43          44   1.6465645119094514     
          44          45   1.1691192182382117     
          37          46  0.75287499456968465     
          42          46   1.2598662013012958     
          45          46   1.2282176100753364     
          45          47   1.3547833015397992     
          47          48   1.3537221333589939     
          48          49   1.1610134948224298     
          49          50   1.6612639005203855     
          50          51   1.1604818674942774     
          37          52  0.75142470851427523     
          48          52   1.2392941993709758     
          51          52   1.2421882312545320     
          51          53   1.3530360860281272     
          53          54   1.3531063822016443     
          54          55   1.1604734025847701     
          55          56   1.6612044231884195     
          56          57   1.1611156536797207     
          37          58  0.75144037503145300     
          54          58   1.2420979987787653     
          57          58   1.2394007378791145     
          57          59   1.3535291594295884     
          38          60   1.1691485583904777     
          59          60   1.3550407291997768     
          37          61  0.75300144552433435     
          40          61   1.2601923603691405     
          60          61   1.2278460669867530     
          38          62  0.97177513359158385     
          39          63  0.96778221526034158     
          43          64  0.96765903319598334     
          44          65  0.97177875131820535     
          47          66  0.96377574392730259     
          49          67  0.97169177329494594     
          50          68  0.97171557899749206     
          53          69  0.96409037827895305     
          55          70  0.97171687847779498     
          56          71  0.97169207574471717     
          59          72  0.96377274413182257     
           5          73   1.1644052525494484     
          73          74   2.5840016823638710     
          75          76   2.5789459578226701     
          77          78   2.5792937368030371     
          41          80   1.1641437957158489     
          79          80   2.5843372952973040     
          82          83   1.6451496060197552     
          83          84   1.1779408705495862     
          74          85   1.1661194520671934     
          84          85   1.2564679769699116     
          85          86   1.2570039048176951     
          86          87   1.1779728185075391     
          87          88   1.6450470143546476     
          88          89   1.1705447196923284     
          81          90  0.74942719303114680     
          86          90   1.2615782879094661     
          89          90   1.2264086955950568     
          89          91   1.3535220667914043     
          91          92   1.3548261513498088     
          92          93   1.1705113630921518     
          93          94   1.6448047890673074     
          94          95   1.1783253693388025     
          81          96  0.74989188883948454     
          92          96   1.2251807125714389     
          95          96   1.2627358450954123     
          75          97   1.1700622882856213     
          95          97   1.2547005736571903     
          97          98   1.2550240530026824     
          98          99   1.1782605464275355     
          99         100   1.6448068483452012     
         100         101   1.1705703800246283     
          81         102  0.74971589930876026     
          98         102   1.2625363487761803     
         101         102   1.2255109960446708     
         101         103   1.3544857664348895     
          82         104   1.1704388496243063     
         103         104   1.3538926304157388     
          81         105  0.74946228119038349     
          84         105   1.2619024982618410     
         104         105   1.2260484651167280     
          82         106  0.97177774249024318     
          83         107  0.96800024930116857     
          87         108  0.96771833403204788     
          88         109  0.97178431065162418     
          91         110  0.96344302862295883     
          93         111  0.97178113645695585     
          94         112  0.96705826507780079     
          99         113  0.96699112676768673     
         100         114  0.97178497248315288     
         103         115  0.96344107636107368     
         117         118   1.6445345280837866     
         118         119   1.1784975630976360     
          76         120   1.1703624539859234     
         119         120   1.2548349457288261     
         120         121   1.2543580007602908     
         121         122   1.1785190401971308     
         122         123   1.6445700881047545     
         123         124   1.1707333811834659     
         116         125  0.74962019985408113     
         121         125   1.2625304441177629     
         124         125   1.2250952446427503     
         124         126   1.3542689535850250     
         126         127   1.3538846207121586     
         127         128   1.1708245859225455     
         128         129   1.6444979995421600     
         129         130   1.1785383694844302     
         116         131  0.74965038581979371     
         127         131   1.2254444473994988     
         130         131   1.2621707982510593     
          77         132   1.1700157227359176     
         130         132   1.2549288629095914     
         132         133   1.2545354642152278     
         133         134   1.1785427445457992     
         134         135   1.6445548968505750     
         135         136   1.1707456596749322     
         116         137  0.74983056424313455     
         133         137   1.2623753690867687     
         136         137   1.2251183708199673     
         136         138   1.3542007612839635     
         117         139   1.1708000917219972     
         138         139   1.3539470880970788     
         116         140  0.74952360793511985     
         119         140   1.2622602859787300     
         139         140   1.2254292814283196     
         117         141  0.97179423834907108     
         118         142  0.96704376954170179     
         122         143  0.96709876950725449     
         123         144  0.97179042570710839     
         126         145  0.96340396598670097     
         128         146  0.97179231836105906     
         129         147  0.96712511346510210     
         134         148  0.96717039210390865     
         135         149  0.97178822275829591     
         138         150  0.96340462230791124     
         152         153   1.6448767678292984     
         153         154   1.1782707379513031     
          78         155   1.1696260103956220     
         154         155   1.2550365749379198     
         155         156   1.2551960695208426     
         156         157   1.1782444436634369     
         157         158   1.6448849353076991     
         158         159   1.1704444302211612     
         151         160  0.74951758599895746     
         156         160   1.2626871411893028     
         159         160   1.2257292614790252     
         159         161   1.3545903905517092     
         161         162   1.3537870067986786     
         162         163   1.1703920637165559     
         163         164   1.6451348602419706     
         164         165   1.1779842740216515     
         151         166  0.74943665022567574     
         162         166   1.2263924898099736     
         165         166   1.2618464462757819     
          79         167   1.1658186359023868     
         165         167   1.2567773697175320     
         167         168   1.2570753152747758     
         168         169   1.1779942760246191     
         169         170   1.6450857802339907     
         170         171   1.1704431112950415     
         151         172  0.74943356254216242     
         168         172   1.2617104937470858     
         171         172   1.2265451343869329     
         171         173   1.3536244523627090     
         152         174   1.1704270691334802     
         173         174   1.3547382541535653     
         151         175  0.74966692020089820     
         154         175   1.2627731781641223     
         174         175   1.2255519007667242     
         152         176  0.97177865282194253     
         153         177  0.96710302180417429     
         157         178  0.96704494286235865     
         158         179  0.97178091771106290     
         161         180  0.96344530465173039     
         163         181  0.97177336712744189     
         164         182  0.96786844041190434     
         169         183  0.96774427174450417     
         170         184  0.97177667808416257     
         173         185  0.96344731190743316     
