    0.19742422
   -0.05063496
   -0.04886483
    0.07817913
    0.01844262
    0.07817948
   -0.04889907
   -0.05064354
    0.07717091
   -0.17089297
   -0.04970454
    0.07839194
   -0.04957945
   -0.04976729
    0.07914637
   -0.16948269
   -0.05143531
    0.07914287
   -0.04976354
   -0.04958621
    0.07840335
   -0.16949130
   -0.04972352
    0.07717540
   -0.17086757
    0.03467776
    0.03550711
    0.03554952
    0.03467440
    0.05005153
    0.03521265
    0.03516116
    0.04930990
    0.03516457
    0.03521451
    0.05005399
    0.19741143
   -0.05063140
   -0.04887347
    0.07818373
    0.01843420
    0.07817344
   -0.04888851
   -0.05063529
    0.07718641
   -0.17086788
   -0.04971738
    0.07840344
   -0.04958303
   -0.04976928
    0.07913778
   -0.16948959
   -0.05143571
    0.07913119
   -0.04976742
   -0.04958191
    0.07840524
   -0.16948080
   -0.04970935
    0.07717706
   -0.17089044
    0.03467833
    0.03552728
    0.03554443
    0.03467713
    0.05004953
    0.03521337
    0.03516386
    0.04931179
    0.03516006
    0.03521128
    0.05004974
   -0.02823258
   -0.02799634
   -0.02804705
   -0.02802422
   -0.02803549
   -0.02805761
   -0.02805684
   -0.02805012
   -0.02805257
   -0.02804510
   -0.02801626
   -0.02804734
   -0.02800227
   -0.02822301
    0.19889962
   -0.05062198
   -0.04916230
    0.07854786
    0.01828278
    0.07851160
   -0.04922924
   -0.05062168
    0.07660189
   -0.17210527
   -0.04764212
    0.07655039
   -0.05065726
   -0.04915258
    0.07857099
   -0.17197477
    0.01843223
    0.07856679
   -0.04922462
   -0.05067748
    0.07654220
   -0.17196662
   -0.04763368
    0.07659134
   -0.17211559
    0.03423103
    0.03475638
    0.03483076
    0.03423738
    0.05034162
    0.03424608
    0.03489370
    0.03497105
    0.03423963
    0.05034044
    0.19943065
   -0.05064332
   -0.04927789
    0.07857509
    0.01835825
    0.07861097
   -0.04912600
   -0.05063526
    0.07644730
   -0.17200567
   -0.04749018
    0.07641741
   -0.05066405
   -0.04925064
    0.07859545
   -0.17192718
    0.01838453
    0.07861453
   -0.04919597
   -0.05066616
    0.07641188
   -0.17191363
   -0.04746792
    0.07643084
   -0.17196502
    0.03425892
    0.03491696
    0.03478466
    0.03424761
    0.05043204
    0.03425130
    0.03491450
    0.03484476
    0.03425309
    0.05044406
    0.19967978
   -0.05064884
   -0.04917662
    0.07862438
    0.01838388
    0.07861306
   -0.04925255
   -0.05066004
    0.07636359
   -0.17194341
   -0.04740775
    0.07635055
   -0.05066935
   -0.04922542
    0.07862985
   -0.17191642
    0.01839122
    0.07862136
   -0.04922650
   -0.05066899
    0.07635189
   -0.17190784
   -0.04741491
    0.07636296
   -0.17193088
    0.03426365
    0.03480201
    0.03490094
    0.03426870
    0.05049111
    0.03426034
    0.03484148
    0.03484636
    0.03426548
    0.05048713
    0.19966067
   -0.05066480
   -0.04921116
    0.07863008
    0.01838321
    0.07861619
   -0.04924995
   -0.05067006
    0.07635934
   -0.17190089
   -0.04740846
    0.07637075
   -0.05065176
   -0.04918634
    0.07862408
   -0.17192780
    0.01837331
    0.07860912
   -0.04925832
   -0.05065569
    0.07637167
   -0.17193873
   -0.04740671
    0.07635535
   -0.17191877
    0.03425911
    0.03483195
    0.03485736
    0.03426469
    0.05048386
    0.03426543
    0.03481075
    0.03490176
    0.03426479
    0.05048211
    0.19942415
   -0.05066886
   -0.04926339
    0.07859711
    0.01839833
    0.07861970
   -0.04918027
   -0.05066629
    0.07641555
   -0.17192205
   -0.04747976
    0.07644059
   -0.05064130
   -0.04924350
    0.07858096
   -0.17197655
    0.01835546
    0.07860781
   -0.04915452
   -0.05063006
    0.07644074
   -0.17199365
   -0.04748171
    0.07641436
   -0.17193981
    0.03425255
    0.03492042
    0.03482570
    0.03424816
    0.05044112
    0.03426084
    0.03489815
    0.03482683
    0.03424773
    0.05043461
    0.19890008
   -0.05065805
   -0.04916832
    0.07857309
    0.01843778
    0.07856364
   -0.04919167
   -0.05067065
    0.07654245
   -0.17199039
   -0.04764812
    0.07659869
   -0.05061092
   -0.04917705
    0.07853337
   -0.17212569
    0.01829104
    0.07852029
   -0.04920372
   -0.05063413
    0.07660070
   -0.17210609
   -0.04765589
    0.07654563
   -0.17195994
    0.03424463
    0.03492867
    0.03494552
    0.03423832
    0.05033774
    0.03423139
    0.03478495
    0.03480423
    0.03423339
    0.05034401
