           2           3   1.6508633577613616     
           3           4   1.1741022382641300     
           4           5   1.2559197029731004     
           5           6   1.2557461164043118     
           6           7   1.1742209341485168     
           7           8   1.6507133735779933     
           8           9   1.1667192633305070     
           1          10  0.53380410490197705     
           6          10   1.2862612461639646     
           9          10   1.2501760964638091     
           9          11   1.3540136550289901     
          11          12   1.3525865093753826     
          12          13   1.1579975363760391     
          13          14   1.6658899383070884     
          14          15   1.1576376792650103     
           1          16  0.53543402108616356     
          12          16   1.2626422132122588     
          15          16   1.2651391467792614     
          15          17   1.3514910221503151     
          17          18   1.3516268641157019     
          18          19   1.1576737591678548     
          19          20   1.6658769172549439     
          20          21   1.1579912997286921     
           1          22  0.53563311200807062     
          18          22   1.2649627852307439     
          21          22   1.2627165489905678     
          21          23   1.3525214535174832     
           2          24   1.1666114830885781     
          23          24   1.3540486151962645     
           1          25  0.53368207400264156     
           4          25   1.2862436012947565     
          24          25   1.2502583790751696     
           2          26  0.97227761731779783     
           3          27  0.96840418138469542     
           7          28  0.96830817141832404     
           8          29  0.97227774254745392     
          11          30  0.96379710754944536     
          13          31  0.97218938259260368     
          14          32  0.97221187345252025     
          17          33  0.96420083470681872     
          19          34  0.97221056367477532     
          20          35  0.97218955357869863     
          23          36  0.96380125987967735     
          38          39   1.6508083261754896     
          39          40   1.1741269868280935     
          40          41   1.2558903168088533     
          41          42   1.2559532753161502     
          42          43   1.1741081958821513     
          43          44   1.6508465239939254     
          44          45   1.1666325381757245     
          37          46  0.53372262672418436     
          42          46   1.2862081522496458     
          45          46   1.2502629227443929     
          45          47   1.3540346339549547     
          47          48   1.3525407413906119     
          48          49   1.1580099928140513     
          49          50   1.6658748892436339     
          50          51   1.1576567308391765     
          37          52  0.53565423252702093     
          48          52   1.2626703165081254     
          51          52   1.2650205197368432     
          51          53   1.3515955684721337     
          53          54   1.3515450192259981     
          54          55   1.1576713821295685     
          55          56   1.6658615227164917     
          56          57   1.1580110129570180     
          37          58  0.53547463417507224     
          54          58   1.2650475949937900     
          57          58   1.2627234866868133     
          57          59   1.3524937719273979     
          38          60   1.1666770698525486     
          59          60   1.3541026452188307     
          37          61  0.53385951958942046     
          40          61   1.2862774460079605     
          60          61   1.2501336143729953     
          38          62  0.97227610044285062     
          39          63  0.96844057177646847     
          43          64  0.96836938343550538     
          44          65  0.97227765024634860     
          47          66  0.96380232121140275     
          49          67  0.97218919919667746     
          50          68  0.97221011902212207     
          53          69  0.96419595488983256     
          55          70  0.97221142091519663     
          56          71  0.97219021486732282     
          59          72  0.96380025359635169     
           5          73   1.1697021065151123     
          73          74   2.5763363466039531     
          75          76   2.5707235012075489     
          77          78   2.5691723462130112     
          79          80   2.5685452212475068     
          81          82   2.5691712089427683     
          83          84   2.5708370248311705     
          41          86   1.1695035173370409     
          85          86   2.5764924146340604     
          88          89   1.6500263659082026     
          89          90   1.1744814106565202     
          74          91   1.1713285707748919     
          90          91   1.2535638571837309     
          91          92   1.2534506244342318     
          92          93   1.1744373323140282     
          93          94   1.6500983463581977     
          94          95   1.1673404102428266     
          87          96  0.52933385384608922     
          92          96   1.2888878672523212     
          95          96   1.2491843658536264     
          95          97   1.3537714803529430     
          97          98   1.3537394874346391     
          98          99   1.1677097281932005     
          99         100   1.6494065726639613     
         100         101   1.1750563395714333     
          87         102  0.52955929910342270     
          98         102   1.2488092267991764     
         101         102   1.2894780998803135     
          75         103   1.1752426370199915     
         101         103   1.2518751850349723     
         103         104   1.2515928402622354     
         104         105   1.1751184663719043     
         105         106   1.6493274262008231     
         106         107   1.1677515227909205     
          87         108  0.52950708353931930     
         104         108   1.2895811365687497     
         107         108   1.2487922489016481     
         107         109   1.3537051371692754     
          88         110   1.1673970068468780     
         109         110   1.3538077311438150     
          87         111  0.52940222165021100     
          90         111   1.2889054326074481     
         110         111   1.2491113717740383     
          88         112  0.97231347021728953     
          89         113  0.96850778298997064     
          93         114  0.96841623731250959     
          94         115  0.97231363869570597     
          97         116  0.96350054106322558     
          99         117  0.97231454589856403     
         100         118  0.96798968857977674     
         105         119  0.96770508935067057     
         106         120  0.97231764446387281     
         109         121  0.96350123495994255     
         123         124   1.6489823545254139     
         124         125   1.1753213669461113     
          76         126   1.1754454180309668     
         125         126   1.2511740216230274     
         126         127   1.2517197133072724     
         127         128   1.1753461160647467     
         128         129   1.6490123692755192     
         129         130   1.1679521508897315     
         122         131  0.52994104031539768     
         127         131   1.2893577321941281     
         130         131   1.2484909676436127     
         130         132   1.3537057600371185     
         132         133   1.3537999602827830     
         133         134   1.1681449854389883     
         134         135   1.6487133378729950     
         135         136   1.1756007817438721     
         122         137  0.53009843953264257     
         133         137   1.2481535440286455     
         136         137   1.2897601256845208     
          77         138   1.1770485357699048     
         136         138   1.2506912515273436     
         138         139   1.2507246335813951     
         139         140   1.1755793964608388     
         140         141   1.6487206103078740     
         141         142   1.1681459540985164     
         122         143  0.52998203074025119     
         139         143   1.2898265515273348     
         142         143   1.2481446183220226     
         142         144   1.3538003805375682     
         123         145   1.1680351210817055     
         144         145   1.3537914088825664     
         122         146  0.52993161410782030     
         125         146   1.2896509011093313     
         145         146   1.2482453043247101     
         123         147  0.97231456811527561     
         124         148  0.96772078839688580     
         128         149  0.96801324557538071     
         129         150  0.97231744080998528     
         132         151  0.96345854701816824     
         134         152  0.97231560708937015     
         135         153  0.96738906230989541     
         140         154  0.96746762798596031     
         141         155  0.97231464163349191     
         144         156  0.96345093287660322     
         158         159   1.6485152727756778     
         159         160   1.1757254344445396     
          78         161   1.1771721971763216     
         160         161   1.2506486084146475     
         161         162   1.2504777356897909     
         162         163   1.1757567331719643     
         163         164   1.6485004754315877     
         164         165   1.1682956273110396     
         157         166  0.53038738748446590     
         162         166   1.2897381736264060     
         165         166   1.2479209245697751     
         165         167   1.3537829089884010     
         167         168   1.3537661096586024     
         168         169   1.1683823363215173     
         169         170   1.6483555377283008     
         170         171   1.1758705699612990     
         157         172  0.53020665706273529     
         168         172   1.2478793899659357     
         171         172   1.2898743969848674     
          79         173   1.1779062002420857     
         171         173   1.2502387736781824     
         173         174   1.2502154981235849     
         174         175   1.1758429631873271     
         175         176   1.6484174461940175     
         176         177   1.1683283641395017     
         157         178  0.53044859840783076     
         174         178   1.2898662179448195     
         177         178   1.2478438852366633     
         177         179   1.3538196675922167     
         158         180   1.1682937725752325     
         179         180   1.3537216396239335     
         157         181  0.53019622959635948     
         160         181   1.2897315488365160     
         180         181   1.2480068219522247     
         158         182  0.97231709998644933     
         159         183  0.96749523306111174     
         163         184  0.96739244581422057     
         164         185  0.97231630638295041     
         167         186  0.96342440004841845     
         169         187  0.97231703588039997     
         170         188  0.96710323682862365     
         175         189  0.96720141524022951     
         176         190  0.97231628812891668     
         179         191  0.96342879704432294     
         193         194   1.6483898801664278     
         194         195   1.1758448908940364     
          80         196   1.1778802188287250     
         195         196   1.2502925463448458     
         196         197   1.2501877881078851     
         197         198   1.1758033959369683     
         198         199   1.6484257837049396     
         199         200   1.1683434674817006     
         192         201  0.53038019920376245     
         197         201   1.2899187223443702     
         200         201   1.2478367907177625     
         200         202   1.3538022732124448     
         202         203   1.3537809470988027     
         203         204   1.1682879304678500     
         204         205   1.6485349002523968     
         205         206   1.1756973035468903     
         192         207  0.53031915989453182     
         203         207   1.2479415903607263     
         206         207   1.2897808648570850     
          81         208   1.1771486850986284     
         206         208   1.2506333901726465     
         208         209   1.2505233584029740     
         209         210   1.1757231263237178     
         210         211   1.6485179276695296     
         211         212   1.1682938806443040     
         192         213  0.53034866045742102     
         209         213   1.2897573623758167     
         212         213   1.2479532428062603     
         212         214   1.3537594056385718     
         193         215   1.1683600008790129     
         214         215   1.3538023689993313     
         192         216  0.53034888618948395     
         195         216   1.2898733272916516     
         215         216   1.2478562712299741     
         193         217  0.97231573229090096     
         194         218  0.96721646694272934     
         198         219  0.96708339197637860     
         199         220  0.97231581905622733     
         202         221  0.96342984055905811     
         204         222  0.97231561751520423     
         205         223  0.96750148086061438     
         210         224  0.96735181485276489     
         211         225  0.97231640492647953     
         214         226  0.96342901815524729     
         228         229   1.6486821529072282     
         229         230   1.1756277925379877     
          82         231   1.1770666534241017     
         230         231   1.2506357219873649     
         231         232   1.2507704574122893     
         232         233   1.1755972349835353     
         233         234   1.6487006558683535     
         234         235   1.1681557481268114     
         227         236  0.52990641993660526     
         232         236   1.2897974171187503     
         235         236   1.2482055537143795     
         235         237   1.3537492093270092     
         237         238   1.3537967782998850     
         238         239   1.1679873189340275     
         239         240   1.6490273072229380     
         240         241   1.1753126068654554     
         227         242  0.53010568828760596     
         238         242   1.2483038523895988     
         241         242   1.2895087648228476     
          83         243   1.1753064988416118     
         241         243   1.2513738865165962     
         243         244   1.2516314226542169     
         244         245   1.1753451527841294     
         245         246   1.6489915369518506     
         246         247   1.1679926292423537     
         227         248  0.52987858839155522     
         244         248   1.2894351880161783     
         247         248   1.2484217625373317     
         247         249   1.3537340334623460     
         228         250   1.1681697674843838     
         249         250   1.3537860265812931     
         227         251  0.53019976292453841     
         230         251   1.2897573535888807     
         250         251   1.2481239338736090     
         228         252  0.97231607182858959     
         229         253  0.96733882800749549     
         233         254  0.96749868633335245     
         234         255  0.97231707995605110     
         237         256  0.96345320540198176     
         239         257  0.97231462421224213     
         240         258  0.96784094717878344     
         245         259  0.96806390103738282     
         246         260  0.97231651792121609     
         249         261  0.96345296282678672     
         263         264   1.6494166422452252     
         264         265   1.1750455771465704     
          84         266   1.1751038541401344     
         265         266   1.2518219710475940     
         266         267   1.2517824834047993     
         267         268   1.1751515235773482     
         268         269   1.6493225093368933     
         269         270   1.1677454282199591     
         262         271  0.52968425147348064     
         267         271   1.2893930779101983     
         270         271   1.2488382165442691     
         270         272   1.3536808225645396     
         272         273   1.3537980680838599     
         273         274   1.1673686198943840     
         274         275   1.6500660205358608     
         275         276   1.1744617769596446     
         262         277  0.52928791540132691     
         273         277   1.2491775724386411     
         276         277   1.2888542006244548     
          85         278   1.1711365529996294     
         276         278   1.2536246872609895     
         278         279   1.2535756822194131     
         279         280   1.1744969268237220     
         280         281   1.6500578414454758     
         281         282   1.1673408151188409     
         262         283  0.52951900231400639     
         279         283   1.2887480679290346     
         282         283   1.2492420641086257     
         282         284   1.3537224712613405     
         263         285   1.1677023319256818     
         284         285   1.3537738280463194     
         262         286  0.52949687995644501     
         265         286   1.2895115533947588     
         285         286   1.2487874543040058     
         263         287  0.97231534810425968     
         264         288  0.96802978150841412     
         268         289  0.96784020994382358     
         269         290  0.97231581477035878     
         272         291  0.96349721279361633     
         274         292  0.97231437679464860     
         275         293  0.96856263648294538     
         280         294  0.96846409933697308     
         281         295  0.97231538010529150     
         284         296  0.96349931865870198     
