   -0.05507962
   -0.05334428
    0.08605750
    0.01305470
    0.06373247
   -0.04958034
   -0.05202725
    0.06434645
   -0.08111912
   -0.05534584
    0.08668462
   -0.05386787
   -0.05391224
    0.08631071
   -0.32118890
   -0.05714458
    0.06490365
   -0.05122990
   -0.05102007
    0.06546988
   -0.08132962
   -0.05534906
    0.08527361
   -0.32430250
    0.01827019
    0.01900306
    0.04326715
    0.04127809
    0.21408488
    0.04667767
    0.01913863
    0.01916427
    0.04571870
    0.04156443
    0.04149051
    0.21438552
    0.04666158
   -0.03059794
   -0.03063830
   -0.05386389
   -0.05390754
    0.08629803
   -0.05713916
    0.06487945
   -0.05123621
   -0.05102956
    0.06547394
   -0.08133664
   -0.05532538
    0.08523238
   -0.05509428
   -0.05374130
    0.08597875
   -0.32422660
    0.01301775
    0.06376971
   -0.04927298
   -0.05202754
    0.06439734
   -0.08124180
   -0.05539008
    0.08670961
   -0.32116773
    0.01913837
    0.01917193
    0.04571945
    0.04156212
    0.04148523
    0.21444601
    0.04668621
    0.01828177
    0.01953177
    0.04273431
    0.04126515
    0.21409264
    0.04666795
