           1           2   1.7161959206127728     
           2           3   1.1217620253926770     
           3           4   1.2499746207453815     
           4           5   1.2534564941544779     
           5           6   1.2364100692742910     
           6           7   1.5930178209069468     
           7           8   1.2235731738832683     
           5           9   1.2245451721756633     
           8           9   1.2031327723822205     
           8          10   1.3437057230554244     
          10          11   1.3577678002980482     
          11          12   1.1067145447627409     
          12          13   1.7309142249594998     
          13          14   1.1089049640806283     
          11          15   1.3237348536364157     
          14          15   1.3255744546504249     
          14          16   1.3534619332776756     
          16          17   1.3468105924532274     
          17          18   1.2154775659110721     
          18          19   1.6084840064053569     
          19          20   1.2147275835598832     
          17          21   1.2098685772976825     
          20          21   1.2106962631498672     
          20          22   1.3433939389034255     
           1          23   1.1151028120924777     
          22          23   1.3644354260257292     
           3          24   1.3589636588753193     
          23          24   1.3016193203133890     
           1          25  0.97278361504413380     
           2          26  0.96858090249296225     
           6          27  0.96880258761975613     
           7          28  0.97292674610960272     
           9          29  0.89980807590265866     
          10          30  0.96370167390844419     
          12          31  0.97274958292614355     
          13          32  0.97280636150829658     
          16          33  0.96480804071712356     
          18          34  0.97292265221464536     
          19          35  0.97285373339525227     
          21          36  0.90013551959238591     
          22          37  0.96356738093714844     
           4          38   1.1767371203871440     
          38          39   2.5701223142496188     
          40          41   1.7309771693187197     
          41          42   1.1089031141099035     
          42          43   1.3536278113685436     
          43          44   1.3466484228108209     
          44          45   1.2155902947360062     
          45          46   1.6083418816718265     
          46          47   1.2148294700315605     
          44          48   1.2099010384662225     
          47          48   1.2107787789317588     
          47          49   1.3431832536113126     
          49          50   1.3647734448303734     
          50          51   1.1152201967736448     
          51          52   1.7161074222922701     
          52          53   1.1217901313023899     
          50          54   1.3010945319766358     
          53          54   1.3594817936668182     
          39          55   1.1768187761967437     
          53          55   1.2489900269257537     
          55          56   1.2543554636279568     
          56          57   1.2362749578561825     
          57          58   1.5932008181275907     
          58          59   1.2233929219687056     
          56          60   1.2242405147184057     
          59          60   1.2033563145545292     
          59          61   1.3437066419606509     
          40          62   1.1066362080877734     
          61          62   1.3577047060043204     
          42          63   1.3254322231656710     
          62          63   1.3238640203930996     
          40          64  0.97274874467273298     
          41          65  0.97280389759365926     
          43          66  0.96481741129719034     
          45          67  0.97292677474061917     
          46          68  0.97285249348034974     
          48          69  0.90004455031244257     
          49          70  0.96354951872198502     
          51          71  0.97277608619571965     
          52          72  0.96851329858936031     
          57          73  0.96889198868101889     
          58          74  0.97293009907440320     
          60          75  0.89973946030029028     
          61          76  0.96369480070935365     
