    0.56101232
   -0.05430426
   -0.05430363
    0.07018227
    0.01036023
    0.07022887
   -0.05426997
   -0.05430987
    0.06423977
   -0.21431559
   -0.06037090
    0.06543441
   -0.05347060
   -0.05517070
    0.07034954
   -0.21273676
   -0.05913917
    0.07033795
   -0.05517411
   -0.05346807
    0.06540700
   -0.21266875
   -0.06036990
    0.06420326
   -0.21428043
    0.03023078
    0.03270979
    0.03274785
    0.03019848
    0.04923749
    0.03060699
    0.03091233
    0.04725557
    0.03092150
    0.03061696
    0.04924679
    0.56098441
   -0.05430775
   -0.05430878
    0.07016346
    0.01035438
    0.07021157
   -0.05426267
   -0.05429731
    0.06425113
   -0.21433665
   -0.06039949
    0.06542948
   -0.05347322
   -0.05517309
    0.07034124
   -0.21271008
   -0.05914249
    0.07033584
   -0.05517283
   -0.05347113
    0.06541885
   -0.21267910
   -0.06039361
    0.06422484
   -0.21428324
    0.03024526
    0.03275168
    0.03275848
    0.03019744
    0.04922994
    0.03060859
    0.03091446
    0.04725304
    0.03091843
    0.03061434
    0.04923835
   -0.02261014
   -0.01128675
   -0.01112487
   -0.02279047
   -0.02272698
   -0.01108334
   -0.01125427
   -0.02254494
    0.56414985
   -0.05424684
   -0.05437820
    0.07050450
    0.01028098
    0.07054376
   -0.05432828
   -0.05426368
    0.06400145
   -0.21548612
   -0.05873423
    0.06401584
   -0.05424127
   -0.05436147
    0.07050476
   -0.21548965
    0.01027777
    0.07052570
   -0.05434854
   -0.05425904
    0.06399757
   -0.21547807
   -0.05873225
    0.06398750
   -0.21544201
    0.03016278
    0.03253177
    0.03255893
    0.03013057
    0.04972829
    0.03015647
    0.03255454
    0.03259339
    0.03015089
    0.04973288
