           2           3   1.6441414156254024     
           3           4   1.1821856228933649     
           4           5   1.2564591342542160     
           5           6   1.2568989449821566     
           6           7   1.1821810336861460     
           7           8   1.6441277456600800     
           8           9   1.1710415704071673     
           1          10  0.65642350243284298     
           6          10   1.2572832958696047     
           9          10   1.2166632669416284     
           9          11   1.3612325538710885     
          11          12   1.3608420733226141     
          12          13   1.1628735021257790     
          13          14   1.6597057154481805     
          14          15   1.1640103847372401     
           1          16  0.65942558255843708     
          12          16   1.2266577516427621     
          15          16   1.2387429024100445     
          15          17   1.3578404112553106     
          17          18   1.3578873124715636     
          18          19   1.1640043803059719     
          19          20   1.6597055273861101     
          20          21   1.1628863712529998     
           1          22  0.65990264702449919     
          18          22   1.2386271875493691     
          21          22   1.2265101697418652     
          21          23   1.3608752360202241     
           2          24   1.1710563307785871     
          23          24   1.3612265817622728     
           1          25  0.65643010387778311     
           4          25   1.2574072436226631     
          24          25   1.2165678199490779     
           2          26  0.97225819266928859     
           3          27  0.97123020763681123     
           7          28  0.97122167364566658     
           8          29  0.97225939944425910     
          11          30  0.96297384540169395     
          13          31  0.97215550958340702     
          14          32  0.97242249573632333     
          17          33  0.96494131391028937     
          19          34  0.97242053180532484     
          20          35  0.97215257265114774     
          23          36  0.96297311274752539     
          38          39   1.6443825920894732     
          39          40   1.1819317269031948     
          40          41   1.2568715274546312     
          41          42   1.2573333533050812     
          42          43   1.1820752322447530     
          43          44   1.6442882338670561     
          44          45   1.1709307628194674     
          37          46  0.65653539026693553     
          42          46   1.2570036329286691     
          45          46   1.2167436766162363     
          45          47   1.3612512717846659     
          47          48   1.3608412584599945     
          48          49   1.1628991821216033     
          49          50   1.6596715275708798     
          50          51   1.1640471831736305     
          37          52  0.65968953557287557     
          48          52   1.2266040059350045     
          51          52   1.2386527625063248     
          51          53   1.3578595199677843     
          53          54   1.3579281036044024     
          54          55   1.1639940425043034     
          55          56   1.6597397523312860     
          56          57   1.1628476797813079     
          37          58  0.65982458230959617     
          54          58   1.2386154161073493     
          57          58   1.2265778812241634     
          57          59   1.3608873814076183     
          38          60   1.1709582703966221     
          59          60   1.3612310864762647     
          37          61  0.65638634954287223     
          40          61   1.2573284754313969     
          60          61   1.2166667929594537     
          38          62  0.97226074105072857     
          39          63  0.97122298400986173     
          43          64  0.97121243416091518     
          44          65  0.97225287447475095     
          47          66  0.96297449521430090     
          49          67  0.97215562933741073     
          50          68  0.97242237268056653     
          53          69  0.96493969582614769     
          55          70  0.97242029651768758     
          56          71  0.97215409688985321     
          59          72  0.96297624431915563     
           5          73   1.1823155021086023     
          73          74   2.4760775247227675     
          74          75   1.3011489299455179     
          73          76  0.20351998228810542     
          75          76   2.4745966714390875     
          77          78   2.4752792775353201     
          78          79   1.3003292905371295     
          41          80   1.1814411200335386     
          77          80  0.20330063238710985     
          79          80   2.4767774008627779     
          82          83   1.6433556615391329     
          83          84   1.1824279256390553     
          76          85   1.1843203167514291     
          84          85   1.2540742700353615     
          85          86   1.2545708060715237     
          86          87   1.1825240032334756     
          87          88   1.6431865059115864     
          88          89   1.1720406979877178     
          81          90  0.65190090799012579     
          86          90   1.2599207408324447     
          89          90   1.2153565358655647     
          89          91   1.3606940183669269     
          91          92   1.3609159998187450     
          92          93   1.1718245917641292     
          93          94   1.6434933434581152     
          94          95   1.1823072339411962     
          81          96  0.65167324217585887     
          92          96   1.2153552482755934     
          95          96   1.2599565881144557     
          77          97   1.1834844583144655     
          95          97   1.2545206263680955     
          97          98   1.2548529887713620     
          98          99   1.1823222607015653     
          99         100   1.6433799942069343     
         100         101   1.1719628153639086     
          81         102  0.65191157783048759     
          98         102   1.2598453606176439     
         101         102   1.2153756501018760     
         101         103   1.3606977495560404     
          82         104   1.1718990764597452     
         103         104   1.3609521666274680     
          81         105  0.65180953652515117     
          84         105   1.2601179409517145     
         104         105   1.2152056234974855     
          82         106  0.97225247144599802     
          83         107  0.97125029321693046     
          87         108  0.97126711538077193     
          88         109  0.97225919165862429     
          91         110  0.96273191437012695     
          93         111  0.97225011824086283     
          94         112  0.97123985730833728     
          99         113  0.97126459515535279     
         100         114  0.97225878580436975     
         103         115  0.96272772125661532     
