    0.10262748
   -0.05300983
   -0.05148086
    0.07271299
    0.01694825
    0.07272662
   -0.05146247
   -0.05301019
    0.07181792
   -0.13129865
   -0.04995213
    0.07293350
   -0.05212293
   -0.05221595
    0.07323838
   -0.12959863
   -0.05170594
    0.07324095
   -0.05221557
   -0.05212449
    0.07293309
   -0.12960913
   -0.04994751
    0.07181130
   -0.13126964
    0.03419749
    0.03647515
    0.03647425
    0.03418191
    0.04978995
    0.03468581
    0.03457508
    0.04915653
    0.03457448
    0.03468395
    0.04979358
    0.10261093
   -0.05300925
   -0.05146805
    0.07270323
    0.01694467
    0.07271249
   -0.05146295
   -0.05300929
    0.07182591
   -0.13129010
   -0.04997188
    0.07293751
   -0.05212228
   -0.05221511
    0.07323831
   -0.12960816
   -0.05171315
    0.07324030
   -0.05221180
   -0.05212405
    0.07293732
   -0.12961302
   -0.04997062
    0.07182900
   -0.13129071
    0.03419933
    0.03646046
    0.03647475
    0.03419213
    0.04978512
    0.03468539
    0.03457349
    0.04915166
    0.03457534
    0.03468359
    0.04978562
   -0.01995152
   -0.01038665
   -0.00233799
   -0.00251591
   -0.01021494
   -0.02010136
   -0.02004766
   -0.01019105
   -0.00247481
   -0.00229180
   -0.01036820
   -0.01989649
    0.10210531
   -0.05293625
   -0.05159980
    0.07301533
    0.01695387
    0.07306036
   -0.05152857
   -0.05294348
    0.07167229
   -0.13210187
   -0.04796706
    0.07167542
   -0.05293621
   -0.05158841
    0.07301145
   -0.13204870
    0.01695647
    0.07304442
   -0.05153189
   -0.05293819
    0.07167955
   -0.13210486
   -0.04796419
    0.07166477
   -0.13204562
    0.03403647
    0.03619386
    0.03617748
    0.03401280
    0.05015276
    0.03404217
    0.03619062
    0.03617349
    0.03402040
    0.05015330
