           2           3   1.6414957573148197     
           3           4   1.1833967072623970     
           4           5   1.2560269745403601     
           5           6   1.2562120612293988     
           6           7   1.1833784501067681     
           7           8   1.6414956139593009     
           8           9   1.1743188835934923     
           1          10  0.72204355496328609     
           6          10   1.2613149569242541     
           9          10   1.2274284173265848     
           9          11   1.3593326083161041     
          11          12   1.3586219737869556     
          12          13   1.1656887427023161     
          13          14   1.6573958145392025     
          14          15   1.1651020553932123     
           1          16  0.72380877682704903     
          12          16   1.2387051684571577     
          15          16   1.2418136175819829     
          15          17   1.3576522619210716     
          17          18   1.3576693440029732     
          18          19   1.1650946639253694     
          19          20   1.6573891932410811     
          20          21   1.1657050717883854     
           1          22  0.72373414993979091     
          18          22   1.2418070310142393     
          21          22   1.2387620826935286     
          21          23   1.3585641818723617     
           2          24   1.1743142994376115     
          23          24   1.3593939697825796     
           1          25  0.72210153283592760     
           4          25   1.2613759994751965     
          24          25   1.2273384333850377     
           2          26  0.97199305025170801     
           3          27  0.97011716626203714     
           7          28  0.97011927090689032     
           8          29  0.97199259794431125     
          11          30  0.96325939937094052     
          13          31  0.97188928872260705     
          14          32  0.97191857684384519     
          17          33  0.96356129506602517     
          19          34  0.97191923004134839     
          20          35  0.97189018686417317     
          23          36  0.96325866216167566     
          38          39   1.6415700879549959     
          39          40   1.1833389583397869     
          40          41   1.2563613593247744     
          41          42   1.2564750792917851     
          42          43   1.1832783966331522     
          43          44   1.6415986721749065     
          44          45   1.1742811103768509     
          37          46  0.72214505533591511     
          42          46   1.2611558969500560     
          45          46   1.2274768697053156     
          45          47   1.3593007725816990     
          47          48   1.3586615752112614     
          48          49   1.1656696688945558     
          49          50   1.6574097748280907     
          50          51   1.1651032626666340     
          37          52  0.72379347946399408     
          48          52   1.2386964861775072     
          51          52   1.2418277325194849     
          51          53   1.3576346182844601     
          53          54   1.3577212910815151     
          54          55   1.1650716803186729     
          55          56   1.6574206363922666     
          56          57   1.1656855350436062     
          37          58  0.72377479781723408     
          54          58   1.2417618794665890     
          57          58   1.2387696790545699     
          57          59   1.3585903822352603     
          38          60   1.1742696852255348     
          59          60   1.3593582989215194     
          37          61  0.72212989115780291     
          40          61   1.2612081702269728     
          60          61   1.2274207421141392     
          38          62  0.97199277212416457     
          39          63  0.97011819185952031     
          43          64  0.97010699944615886     
          44          65  0.97199164128329896     
          47          66  0.96325952155794448     
          49          67  0.97188949282258519     
          50          68  0.97191911070645953     
          53          69  0.96356098889426445     
          55          70  0.97191866044179609     
          56          71  0.97189021771592177     
          59          72  0.96326013753847906     
           5          73   1.1813727778426850     
          73          74   2.4490355090319520     
          74          75   1.3287308877506505     
          73          76  0.19369381195341359     
          75          76   2.3621675396463981     
          76          77   1.3294652338443214     
          75          78  0.19353077342935113     
          77          78   2.4466791399102563     
          79          80   2.4472317497479672     
          80          81   1.3288729968964985     
          79          82  0.19344362199936019     
          81          82   2.3627683074509642     
          82          83   1.3281395708195385     
          41          84   1.1807605399257146     
          81          84  0.19361659200272138     
          83          84   2.4496042676881187     
          86          87   1.6407086638906845     
          87          88   1.1836070351337988     
          78          89   1.1837264852793168     
          88          89   1.2535638983434965     
          89          90   1.2539908166899263     
          90          91   1.1835915143510600     
          91          92   1.6406939317793419     
          92          93   1.1750950395778645     
          85          94  0.71817363547407598     
          90          94   1.2642475900498000     
          93          94   1.2261274910087852     
          93          95   1.3591180985439166     
          95          96   1.3591440543955753     
          96          97   1.1750757458027166     
          97          98   1.6407799279567263     
          98          99   1.1835332965979797     
          85         100  0.71827488891214752     
          96         100   1.2260720837408239     
          99         100   1.2641797549443101     
          79         101   1.1831377731768133     
          99         101   1.2538770214243267     
         101         102   1.2542186965758977     
         102         103   1.1835107197094528     
         103         104   1.6407719124054962     
         104         105   1.1750723266419789     
          85         106  0.71818924036316867     
         102         106   1.2641310547534479     
         105         106   1.2261772949229504     
         105         107   1.3590741358826273     
          86         108   1.1751012599256050     
         107         108   1.3591937720332916     
          85         109  0.71820874969355475     
          88         109   1.2643443197742623     
         108         109   1.2260068126889987     
          86         110  0.97199004825770818     
          87         111  0.97014063483118596     
          91         112  0.97014065762402846     
          92         113  0.97199241834762262     
          95         114  0.96301986837247844     
          97         115  0.97198949933090062     
          98         116  0.97013261309943577     
         103         117  0.97013699441700918     
         104         118  0.97199098951392993     
         107         119  0.96301874430896584     
