   -0.05502336
   -0.05359040
    0.08613300
    0.01293221
    0.06391797
   -0.04939254
   -0.05191668
    0.06436589
   -0.08100064
   -0.05512456
    0.08676390
   -0.05379720
   -0.05384450
    0.08639454
   -0.32094483
   -0.05691188
    0.06495985
   -0.05115837
   -0.05096198
    0.06552472
   -0.08112070
   -0.05512814
    0.08522734
   -0.32410537
    0.01847419
    0.01928992
    0.04297808
    0.04148594
    0.21413222
    0.04693475
    0.01935770
    0.01938059
    0.04597783
    0.04177145
    0.04169321
    0.21445949
    0.04690529
   -0.05491594
   -0.05335439
    0.08627032
    0.01288584
    0.06378733
   -0.04957424
   -0.05183985
    0.06439849
   -0.08092971
   -0.05528433
    0.08673216
   -0.05380467
   -0.05385023
    0.08645028
   -0.32113706
   -0.05697482
    0.06501360
   -0.05114730
   -0.05094513
    0.06551086
   -0.08107489
   -0.05526370
    0.08536083
   -0.32428983
    0.01850418
    0.01941817
    0.04330685
    0.04154411
    0.21411565
    0.04684920
    0.01933187
    0.01933832
    0.04595768
    0.04175576
    0.04169043
    0.21427864
    0.04679394
   -0.02977317
   -0.03067956
   -0.03011531
   -0.03000995
   -0.03068898
   -0.02971905
   -0.05480108
   -0.05325635
    0.08580506
    0.01320072
    0.06324499
   -0.04980394
   -0.05201517
    0.06418584
   -0.08163307
   -0.05303413
    0.08493985
   -0.05483688
   -0.05331234
    0.08595113
   -0.32316850
    0.01294052
    0.06334397
   -0.04979497
   -0.05198401
    0.06403864
   -0.08161611
   -0.05302012
    0.08498315
   -0.32311414
    0.01861695
    0.01901186
    0.04285835
    0.04120161
    0.21475649
    0.04768197
    0.01860598
    0.01893354
    0.04255501
    0.04121335
    0.21467459
    0.04769915
   -0.05483415
   -0.05336353
    0.08610758
    0.01293568
    0.06350096
   -0.04976212
   -0.05194816
    0.06393654
   -0.08126735
   -0.05312917
    0.08511217
   -0.05471014
   -0.05337163
    0.08596613
   -0.32339722
    0.01318433
    0.06328953
   -0.04972832
   -0.05189100
    0.06414212
   -0.08133887
   -0.05320761
    0.08493749
   -0.32348436
    0.01860553
    0.01899095
    0.04262809
    0.04129277
    0.21438066
    0.04763727
    0.01869130
    0.01963832
    0.04293279
    0.04132081
    0.21457573
    0.04761364
