           1           2   1.7159461538337033     
           2           3   1.1218495675363653     
           3           4   1.2473222473157395     
           4           5   1.2528264486820879     
           5           6   1.2365423778550209     
           6           7   1.5928674112433892     
           7           8   1.2235988891686955     
           5           9   1.2250117110939447     
           8           9   1.2029148970765406     
           8          10   1.3438652186504663     
          10          11   1.3575487854211374     
          11          12   1.1067043136897399     
          12          13   1.7309645386870551     
          13          14   1.1088827374324741     
          11          15   1.3238505017612892     
          14          15   1.3253676475853362     
          14          16   1.3536639279396583     
          16          17   1.3464805278000496     
          17          18   1.2156736541801414     
          18          19   1.6081317250632940     
          19          20   1.2150705946476257     
          17          21   1.2099234972716004     
          20          21   1.2109891586414114     
          20          22   1.3424626973270495     
           1          23   1.1153017878538609     
          22          23   1.3657036067847741     
           3          24   1.3608768033478311     
          23          24   1.2999512923176062     
           1          25  0.97277563718069571     
           2          26  0.96854154005914084     
           6          27  0.96912745694157809     
           7          28  0.97291539580235242     
           9          29  0.89978613295297105     
          10          30  0.96367189135062314     
          12          31  0.97274452026451030     
          13          32  0.97280003583950092     
          16          33  0.96477996186980730     
          18          34  0.97291034394751297     
          19          35  0.97283877329533264     
          21          36  0.90012464874061360     
          22          37  0.96353245604135840     
          38          39   1.7168423230856078     
          39          40   1.1210427320829692     
          40          41   1.2511923312552320     
          41          42   1.2546221562205491     
          42          43   1.2354933934262433     
          43          44   1.5937885479419527     
          44          45   1.2232695487088976     
          42          46   1.2243946825942040     
          45          46   1.2029354900460663     
          45          47   1.3441398493376475     
          47          48   1.3574947015176393     
          48          49   1.1067919791382452     
          49          50   1.7310216020063980     
          50          51   1.1087060858628082     
          48          52   1.3238271812535007     
          51          52   1.3256103694290604     
          51          53   1.3535811320519040     
          53          54   1.3468525637411206     
          54          55   1.2153673116788046     
          55          56   1.6085327087822461     
          56          57   1.2148584120514201     
          54          58   1.2098708373365785     
          57          58   1.2107086988704512     
          57          59   1.3432352620365091     
          38          60   1.1149116598180502     
          59          60   1.3646200300701687     
          40          61   1.3586881872328203     
          60          61   1.3017232324615780     
          38          62  0.97278579900809969     
          39          63  0.97013473587791021     
          43          64  0.97035668634337069     
          44          65  0.97290865911142721     
          46          66  0.90012851567731467     
          47          67  0.96374456886234561     
          49          68  0.97274688632302297     
          50          69  0.97279817588335082     
          53          70  0.96473151118181899     
          55          71  0.97290435053588920     
          56          72  0.97283961750915315     
          58          73  0.90050096107183930     
          59          74  0.96361447629226737     
           4          75   1.1799134088200192     
          75          76   2.5638314911965345     
          77          78   2.5579447452922599     
          41          80   1.1737429855971184     
          79          80   2.5682743235710235     
          81          82   1.7150924856138465     
          82          83   1.1239335840844316     
          76          84   1.1828708898833411     
          83          84   1.2463666299656553     
          84          85   1.2483533515213496     
          85          86   1.2404684855569379     
          86          87   1.5881291016094174     
          87          88   1.2270897811091166     
          85          89   1.2257135097060692     
          88          89   1.2043840354322457     
          88          90   1.3354421835889501     
          90          91   1.3713536739768952     
          91          92   1.1151984792724006     
          92          93   1.7149728669647339     
          93          94   1.1238715232233270     
          91          95   1.2953496783137890     
          94          95   1.3625851962889803     
          77          96   1.1866951468985776     
          94          96   1.2440504450413807     
          96          97   1.2470531784243171     
          97          98   1.2408316898093363     
          98          99   1.5878612119672328     
          99         100   1.2271418742176141     
          97         101   1.2262849869265706     
         100         101   1.2038265041339453     
         100         102   1.3362084980248066     
          81         103   1.1151339227317263     
         102         103   1.3701385876639645     
          83         104   1.3605640632718083     
         103         104   1.2968145988033724     
          81         105  0.97276181891414193     
          82         106  0.96903240749556008     
          86         107  0.96898155729253577     
          87         108  0.97291485311808934     
          89         109  0.89628598925379355     
          90         110  0.96290515624994844     
          92         111  0.97276089717603820     
          93         112  0.96855680551113266     
          98         113  0.96867748907169715     
          99         114  0.97291887026176349     
         101         115  0.89642869276131709     
         102         116  0.96290928825154687     
         117         118   1.7152076678678383     
         118         119   1.1234354786541145     
          78         120   1.1862490334988365     
         119         120   1.2441565793844280     
         120         121   1.2475094177947876     
         121         122   1.2404561045994011     
         122         123   1.5881321295673396     
         123         124   1.2271575268390320     
         121         125   1.2262096284687884     
         124         125   1.2033725049010686     
         124         126   1.3368483021131508     
         126         127   1.3693285070284291     
         127         128   1.1147908649463614     
         128         129   1.7160943214824502     
         129         130   1.1228246592154489     
         127         131   1.2981053037168675     
         130         131   1.3590477334129822     
          79         132   1.1766447219087621     
         130         132   1.2493651432017983     
         132         133   1.2510297807894530     
         133         134   1.2392316101901146     
         134         135   1.5890866099720675     
         135         136   1.2268189236938212     
         133         137   1.2248779344520482     
         136         137   1.2042362673971054     
         136         138   1.3358195070696488     
         117         139   1.1151994149000619     
         138         139   1.3711584742547209     
         119         140   1.3628684776100370     
         139         140   1.2954516111579806     
         117         141  0.97275736563993964     
         118         142  0.96828176181744785     
         122         143  0.96886545557233794     
         123         144  0.97291918688812906     
         125         145  0.89764751036647350     
         126         146  0.96303654773883163     
         128         147  0.97275939011011436     
         129         148  0.97020741097828123     
         134         149  0.97058534485693904     
         135         150  0.97291278513693913     
         137         151  0.89755457708612307     
         138         152  0.96303221918957160     
