   -0.05461680
   -0.05303411
    0.08722370
    0.01133943
    0.06412077
   -0.04995754
   -0.05171946
    0.06441104
   -0.08119273
   -0.05486950
    0.08690318
   -0.05369084
   -0.05370803
    0.08650330
   -0.32074002
   -0.05655889
    0.06503272
   -0.05095139
   -0.05079736
    0.06584408
   -0.08089100
   -0.05487945
    0.08571134
   -0.32489089
    0.01879304
    0.02126458
    0.04332244
    0.04151693
    0.21416994
    0.04713623
    0.01962200
    0.01967114
    0.04634447
    0.04210402
    0.04205840
    0.21445467
    0.04722265
   -0.05442172
   -0.05296009
    0.08746372
    0.01148268
    0.06446250
   -0.04973222
   -0.05145782
    0.06457673
   -0.08107937
   -0.05474543
    0.08700764
   -0.05364117
   -0.05366361
    0.08653183
   -0.32053269
   -0.05634184
    0.06509042
   -0.05087055
   -0.05074440
    0.06592701
   -0.08071922
   -0.05481806
    0.08589567
   -0.32463521
    0.01928138
    0.02190169
    0.04400467
    0.04198240
    0.21427195
    0.04741713
    0.01980733
    0.01982119
    0.04654695
    0.04226360
    0.04224756
    0.21452922
    0.04748961
   -0.02007726
   -0.01190851
   -0.00285876
   -0.00370382
   -0.01079727
   -0.02104660
   -0.02029289
   -0.01126975
   -0.00303581
   -0.00332309
   -0.01148287
   -0.02110342
   -0.01131885
   -0.00223110
    0.00090838
    0.00070250
   -0.01027865
   -0.01830870
   -0.05438378
   -0.05309931
    0.08695417
    0.01192707
    0.06372025
   -0.04997102
   -0.05171738
    0.06430003
   -0.08158016
   -0.05264847
    0.08544328
   -0.05434399
   -0.05276976
    0.08723359
   -0.32411736
    0.01153755
    0.06355788
   -0.05047533
   -0.05168727
    0.06408516
   -0.08123937
   -0.05244887
    0.08534629
   -0.32371428
    0.01908829
    0.02143364
    0.04318559
    0.04141573
    0.21446782
    0.04797944
    0.01901665
    0.02124573
    0.04301589
    0.04147414
    0.21469758
    0.04809491
   -0.05405353
   -0.05245743
    0.08656075
    0.00836082
    0.06315663
   -0.05027240
   -0.05011490
    0.05993002
   -0.09276645
   -0.04426777
    0.08188720
   -0.06361375
   -0.06502350
    0.08808519
   -0.28705263
    0.01788313
    0.06098397
   -0.04712309
   -0.05062291
    0.06378648
   -0.09352249
   -0.05951987
    0.08581086
   -0.33882461
    0.01857050
    0.02163881
    0.04327194
    0.04357242
    0.19925180
    0.06336369
    0.02222051
    0.01901993
    0.04457294
    0.04280346
    0.19231305
    0.04668185
