           1           2   1.7166000565914574     
           2           3   1.1216102959060035     
           3           4   1.2427059313129469     
           4           5   1.2471668916315686     
           5           6   1.2373606148216139     
           6           7   1.5924534885467378     
           7           8   1.2239256598989314     
           5           9   1.2258737133644715     
           8           9   1.2019375660146621     
           8          10   1.3445830752715693     
          10          11   1.3570086155576480     
          11          12   1.1067185881981221     
          12          13   1.7309690423221173     
          13          14   1.1089404921227226     
          11          15   1.3242527144702871     
          14          15   1.3250183635079185     
          14          16   1.3538365132243628     
          16          17   1.3466550377076734     
          17          18   1.2156684516187204     
          18          19   1.6082890974765909     
          19          20   1.2149783336207758     
          17          21   1.2096941030727593     
          20          21   1.2115236463930086     
          20          22   1.3418022842633743     
           1          23   1.1147884622613471     
          22          23   1.3667735395874263     
           3          24   1.3617184537571965     
          23          24   1.2988042090851386     
           1          25  0.97278151383243883     
           2          26  0.97142563924491021     
           6          27  0.97183485373081924     
           7          28  0.97290964293228122     
           9          29  0.89977354043330671     
          10          30  0.96365359752980917     
          12          31  0.97273877861537072     
          13          32  0.97278912993791367     
          16          33  0.96472997191884136     
          18          34  0.97287912254375986     
          19          35  0.97280913380677259     
          21          36  0.90010587962830646     
          22          37  0.96348987474998582     
          38          39   1.7173435005201387     
          39          40   1.1210487500337534     
          40          41   1.2426674876673147     
          41          42   1.2482943464487897     
          42          43   1.2363153609351523     
          43          44   1.5936490535488526     
          44          45   1.2231033830046365     
          42          46   1.2258722792416459     
          45          46   1.2017602367538029     
          45          47   1.3456315864711421     
          47          48   1.3561355801126416     
          48          49   1.1067445369507825     
          49          50   1.7309603174041994     
          50          51   1.1089228993518436     
          48          52   1.3249602926732875     
          51          52   1.3245786060268627     
          51          53   1.3542333743621651     
          53          54   1.3465583977064972     
          54          55   1.2156913253740969     
          55          56   1.6082499928611513     
          56          57   1.2150686335778902     
          54          58   1.2097112915274664     
          57          58   1.2117883847864030     
          57          59   1.3414352258861890     
          38          60   1.1143639324598336     
          59          60   1.3672799801123492     
          40          61   1.3616852836177913     
          60          61   1.2986281350490747     
          38          62  0.97275713776075146     
          39          63  0.97132232624662740     
          43          64  0.97175888489615903     
          44          65  0.97286651654168677     
          46          66  0.89976221707114190     
          47          67  0.96363652535348565     
          49          68  0.97273589146716222     
          50          69  0.97278277719481965     
          53          70  0.96469192622503908     
          55          71  0.97286532098992473     
          56          72  0.97279784697860405     
          58          73  0.90015517619697372     
          59          74  0.96347221221141677     
           4          75   1.1934390262041581     
          75          76   2.4351430417282685     
          76          77   1.3364037781634344     
          75          78  0.19158908729631730     
          77          78   2.3494669032800726     
          78          79   1.3377120806333440     
          77          80  0.19129859867937096     
          79          80   2.4308597485568448     
          81          82   2.4260232024056219     
          82          83   1.3421651602837692     
          81          84  0.19072140516353053     
          83          84   2.3413297975323757     
          84          85   1.3431566757641049     
          83          86  0.19046206222362172     
          85          86   2.4223724195660434     
          87          88   2.3838111991899509     
          88          89   1.3543793914360456     
          87          90  0.18580217392393214     
          89          90   2.3311371528934210     
          90          91   1.3413084312182444     
          41          92   1.1922835910591707     
          89          92  0.18845132538775194     
          91          92   2.4287757619230579     
          93          94   1.7153542348172284     
          94          95   1.1237332666492779     
          80          96   1.1984597135244597     
          95          96   1.2385853419638000     
          96          97   1.2438660849904433     
          97          98   1.2415560327059563     
          98          99   1.5871877802902095     
          99         100   1.2279070018013230     
          97         101   1.2260213665003852     
         100         101   1.2038289371248969     
         100         102   1.3350155955190106     
         102         103   1.3720322110923022     
         103         104   1.1147202694062368     
         104         105   1.7154704833510899     
         105         106   1.1236690096011490     
         103         107   1.2945061526828234     
         106         107   1.3632093708985262     
          81         108   1.2009660011159289     
         106         108   1.2401112419557550     
         108         109   1.2397705497156888     
         109         110   1.2421302078669005     
         110         111   1.5866632358794490     
         111         112   1.2283199918559502     
         109         113   1.2275523295906965     
         112         113   1.2027032385219572     
         112         114   1.3356984727016661     
          93         115   1.1151318742912766     
         114         115   1.3716138418493355     
          95         116   1.3631078723918013     
         115         116   1.2943261016208987     
          93         117  0.97274932809029613     
          94         118  0.97152927447413540     
          98         119  0.97204554640087026     
          99         120  0.97290960410516059     
         101         121  0.89720220541513906     
         102         122  0.96295822021020050     
         104         123  0.97276956301188489     
         105         124  0.97157480041386024     
         110         125  0.97201199611994726     
         111         126  0.97289846504219457     
         113         127  0.89706741091146536     
         114         128  0.96291106604873034     
         129         130   1.7131746786210977     
         130         131   1.1261043009867739     
          86         132   1.2050360537119149     
         131         132   1.2509975148395696     
         132         133   1.2191431963881474     
         133         134   1.2578545613058112     
         134         135   1.5618562292652032     
         135         136   1.2550165987232855     
         133         137   1.2321514468297068     
         136         137   1.1801634892097015     
         136         138   1.3245015979608654     
         138         139   1.3574255888773741     
         139         140   1.1276525860427746     
         140         141   1.6721389032481264     
         141         142   1.1265118593365862     
         139         143   1.2766054669470779     
         142         143   1.4302059435552428     
          87         144   1.2454187441997013     
         142         144   1.1379169000688798     
         144         145   1.2667179462950715     
         145         146   1.2436225287643683     
         146         147   1.5863313472308695     
         147         148   1.2280623606292675     
         145         149   1.1924575971314109     
         148         149   1.2027733198370496     
         148         150   1.3349673651452352     
         129         151   1.1178528310322853     
         150         151   1.3631802679814740     
         131         152   1.3453444752812276     
         151         152   1.2975773598339915     
         129         153  0.97245225859952233     
         130         154  0.97076975821873412     
         134         155  0.97275878284447437     
         135         156  0.97279250080528579     
         137         157  0.89754934907055750     
         138         158  0.95621542301849871     
         140         159  0.97112414167110328     
         141         160  0.97231610903210886     
         146         161  0.97237017440268625     
         147         162  0.97294791366566835     
         149         163  0.91042621111714983     
         150         164  0.96341962203620879     
