    0.10265352
   -0.05301021
   -0.05148085
    0.07271265
    0.01694719
    0.07272605
   -0.05146265
   -0.05301049
    0.07181778
   -0.13130423
   -0.04995410
    0.07293302
   -0.05212381
   -0.05221653
    0.07323821
   -0.12960385
   -0.05170782
    0.07324089
   -0.05221624
   -0.05212535
    0.07293274
   -0.12961424
   -0.04994931
    0.07181151
   -0.13127535
    0.03419728
    0.03647526
    0.03647453
    0.03418168
    0.04978970
    0.03468508
    0.03457444
    0.04915626
    0.03457389
    0.03468309
    0.04979321
    0.10264636
   -0.05300986
   -0.05146831
    0.07270289
    0.01694331
    0.07271202
   -0.05146333
   -0.05300974
    0.07182565
   -0.13129550
   -0.04997343
    0.07293723
   -0.05212344
   -0.05221584
    0.07323806
   -0.12961326
   -0.05171441
    0.07324000
   -0.05221254
   -0.05212526
    0.07293717
   -0.12961799
   -0.04997245
    0.07182884
   -0.13129611
    0.03419926
    0.03646059
    0.03647491
    0.03419207
    0.04978460
    0.03468475
    0.03457295
    0.04915139
    0.03457469
    0.03468294
    0.04978525
   -0.01995432
   -0.01038829
   -0.00233935
   -0.00251999
   -0.01021494
   -0.02010751
   -0.02005233
   -0.01019097
   -0.00247776
   -0.00229268
   -0.01036964
   -0.01989838
    0.10210190
   -0.05293517
   -0.05159847
    0.07301637
    0.01695400
    0.07306148
   -0.05152710
   -0.05294257
    0.07167369
   -0.13210020
   -0.04796815
    0.07167715
   -0.05293555
   -0.05158701
    0.07301269
   -0.13204747
    0.01695651
    0.07304569
   -0.05153023
   -0.05293740
    0.07168131
   -0.13210375
   -0.04796503
    0.07166635
   -0.13204386
    0.03403845
    0.03619697
    0.03618044
    0.03401490
    0.05015405
    0.03404399
    0.03619330
    0.03617592
    0.03402215
    0.05015444
