           2           3   1.6414946503240491     
           3           4   1.1833978042740081     
           4           5   1.2560272119440055     
           5           6   1.2562125788785528     
           6           7   1.1833792526723714     
           7           8   1.6414944604400961     
           8           9   1.1743194988876118     
           1          10  0.72205000300128375     
           6          10   1.2613128118351127     
           9          10   1.2274276898175400     
           9          11   1.3593316482292697     
          11          12   1.3586230389225045     
          12          13   1.1656890614872535     
          13          14   1.6573956833113122     
          14          15   1.1651020846162208     
           1          16  0.72381435405776973     
          12          16   1.2387023591846704     
          15          16   1.2418126676877634     
          15          17   1.3576519334200292     
          17          18   1.3576692428496959     
          18          19   1.1650943540215408     
          19          20   1.6573894833397071     
          20          21   1.1657050249067036     
           1          22  0.72373911662750645     
          18          22   1.2418063479961285     
          21          22   1.2387600304551398     
          21          23   1.3585646951291481     
           2          24   1.1743143206339479     
          23          24   1.3593936778697606     
           1          25  0.72210788519008118     
           4          25   1.2613737119495183     
          24          25   1.2273379469216827     
           2          26  0.97199313472438842     
           3          27  0.97011711288028324     
           7          28  0.97011925687426315     
           8          29  0.97199263609095599     
          11          30  0.96325959123982130     
          13          31  0.97188928880244341     
          14          32  0.97191860862548674     
          17          33  0.96356153574766734     
          19          34  0.97191929336671168     
          20          35  0.97189019259889453     
          23          36  0.96325882502438731     
          38          39   1.6415685116440812     
          39          40   1.1833395396217090     
          40          41   1.2563615461772808     
          41          42   1.2564746494513228     
          42          43   1.1832790606495558     
          43          44   1.6415973576625147     
          44          45   1.1742814633237602     
          37          46  0.72215109128555621     
          42          46   1.2611547191097325     
          45          46   1.2274756916501781     
          45          47   1.3593007362580622     
          47          48   1.3586617729424018     
          48          49   1.1656694475031926     
          49          50   1.6574094267661312     
          50          51   1.1651035094561097     
          37          52  0.72379881163135262     
          48          52   1.2386953391725222     
          51          52   1.2418260934973677     
          51          53   1.3576347278869370     
          53          54   1.3577214270658320     
          54          55   1.1650715787155588     
          55          56   1.6574203169232706     
          56          57   1.1656855574430840     
          37          58  0.72378009135466126     
          54          58   1.2417605008757113     
          57          58   1.2387684723682761     
          57          59   1.3585906489194091     
          38          60   1.1742704032364810     
          59          60   1.3593576743139764     
          37          61  0.72213598064433460     
          40          61   1.2612065691578662     
          60          61   1.2274199057733002     
          38          62  0.97199283537660175     
          39          63  0.97011825207588276     
          43          64  0.97010699742004780     
          44          65  0.97199171206304047     
          47          66  0.96325949596511795     
          49          67  0.97188953249434007     
          50          68  0.97191913551012044     
          53          69  0.96356101297347441     
          55          70  0.97191869108561024     
          56          71  0.97189024716055528     
          59          72  0.96326017190520374     
           5          73   1.1813728687621838     
          73          74   2.4490350625493162     
          74          75   1.3287310806587882     
          73          76  0.19369379798371392     
          75          76   2.3621675628134349     
          76          77   1.3294644664974775     
          75          78  0.19352992619568149     
          77          78   2.4466798141286006     
          79          80   2.4472315556671780     
          80          81   1.3288728064855309     
          79          82  0.19344292306420857     
          81          82   2.3627674255959694     
          82          83   1.3281406445596751     
          41          84   1.1807609827949173     
          81          84  0.19361690933908782     
          83          84   2.4496029488042250     
          86          87   1.6407053332507739     
          87          88   1.1836103208405497     
          78          89   1.1837268548986175     
          88          89   1.2535640250635662     
          89          90   1.2539903812640780     
          90          91   1.1835950343698425     
          91          92   1.6406900819375050     
          92          93   1.1750983019666696     
          85          94  0.71817279829465042     
          90          94   1.2642459653157103     
          93          94   1.2261253214031169     
          93          95   1.3591176452600584     
          95          96   1.3591433600075979     
          96          97   1.1750782117589538     
          97          98   1.6407772927302946     
          98          99   1.1835355701051786     
          85         100  0.71827460370785412     
          96         100   1.2260708103340012     
          99         100   1.2641781427871117     
          79         101   1.1831384164316259     
          99         101   1.2538771966009343     
         101         102   1.2542181647351085     
         102         103   1.1835131301156236     
         103         104   1.6407695699010119     
         104         105   1.1750744870446834     
          85         106  0.71818909409809328     
         102         106   1.2641296086004141     
         105         106   1.2261758561466130     
         105         107   1.3590738912283800     
          86         108   1.1751039392180966     
         107         108   1.3591930402991224     
          85         109  0.71820802803669936     
          88         109   1.2643421999349922     
         108         109   1.2260054340595163     
          86         110  0.97198991580607008     
          87         111  0.97014040802015222     
          91         112  0.97014041048190036     
          92         113  0.97199229342197901     
          95         114  0.96301968210185662     
          97         115  0.97198934677063975     
          98         116  0.97013247962727500     
         103         117  0.97013676027788309     
         104         118  0.97199078913428372     
         107         119  0.96301854247917196     
