    0.10350648
   -0.05304030
   -0.05137650
    0.07263049
    0.01739854
    0.07264084
   -0.05135797
   -0.05304217
    0.07181657
   -0.13126199
   -0.04999848
    0.07291249
   -0.05213057
   -0.05222318
    0.07322382
   -0.12961821
   -0.05173604
    0.07322106
   -0.05222686
   -0.05213083
    0.07290288
   -0.12958002
   -0.04999114
    0.07181100
   -0.13126974
    0.03423748
    0.03625888
    0.03629759
    0.03423636
    0.04984602
    0.03473394
    0.03463607
    0.04923082
    0.03463932
    0.03473821
    0.04984986
    0.10348647
   -0.05304042
   -0.05136524
    0.07261041
    0.01740236
    0.07261589
   -0.05136580
   -0.05303388
    0.07182389
   -0.13124334
   -0.05001642
    0.07291339
   -0.05212968
   -0.05221915
    0.07322487
   -0.12963633
   -0.05174504
    0.07321993
   -0.05222468
   -0.05212697
    0.07290396
   -0.12958591
   -0.05001106
    0.07182328
   -0.13126818
    0.03424691
    0.03628721
    0.03631740
    0.03424354
    0.04984092
    0.03473165
    0.03463543
    0.04922544
    0.03463756
    0.03473986
    0.04984481
   -0.02119779
   -0.00977704
   -0.00954207
   -0.02140085
   -0.02117011
   -0.00958897
   -0.00954855
   -0.02119682
   -0.02120138
   -0.00954498
   -0.00959209
   -0.02117287
   -0.02135785
   -0.00951922
   -0.00975325
   -0.02116081
    0.10307865
   -0.05297840
   -0.05147272
    0.07289354
    0.01746170
    0.07291839
   -0.05143211
   -0.05297703
    0.07164259
   -0.13193773
   -0.04798860
    0.07162825
   -0.05295701
   -0.05147651
    0.07295199
   -0.13200606
    0.01737951
    0.07296854
   -0.05147980
   -0.05296224
    0.07160448
   -0.13193738
   -0.04797275
    0.07162579
   -0.13187721
    0.03409840
    0.03599525
    0.03602102
    0.03408333
    0.05024018
    0.03410076
    0.03599707
    0.03600760
    0.03411123
    0.05025090
    0.10301766
   -0.05295670
   -0.05145342
    0.07297112
    0.01742970
    0.07294436
   -0.05150273
   -0.05296175
    0.07160567
   -0.13188539
   -0.04790462
    0.07160856
   -0.05296104
   -0.05146939
    0.07295713
   -0.13190546
    0.01743135
    0.07294348
   -0.05148287
   -0.05296167
    0.07160968
   -0.13187752
   -0.04790727
    0.07161637
   -0.13195482
    0.03410743
    0.03598061
    0.03601906
    0.03412540
    0.05028737
    0.03411327
    0.03600453
    0.03600112
    0.03412278
    0.05027958
    0.10305895
   -0.05295753
   -0.05145908
    0.07295613
    0.01737246
    0.07293868
   -0.05148599
   -0.05296250
    0.07161184
   -0.13192381
   -0.04799481
    0.07164629
   -0.05297233
   -0.05148326
    0.07288596
   -0.13194503
    0.01746432
    0.07291043
   -0.05142218
   -0.05297566
    0.07165689
   -0.13196284
   -0.04800741
    0.07161778
   -0.13193859
    0.03410386
    0.03599319
    0.03601705
    0.03411500
    0.05024710
    0.03410524
    0.03602926
    0.03602279
    0.03408564
    0.05023375
