           2           3   1.6417595365683262     
           3           4   1.1831041350792115     
           4           5   1.2575682650754416     
           5           6   1.2577904663873802     
           6           7   1.1830958786117671     
           7           8   1.6417760931101799     
           8           9   1.1741551922421303     
           1          10  0.72184334673035089     
           6          10   1.2612597928281304     
           9          10   1.2276857931254224     
           9          11   1.3593611601889637     
          11          12   1.3585691221408507     
          12          13   1.1657568759894010     
          13          14   1.6572990881552014     
          14          15   1.1651744137088424     
           1          16  0.72392734725835539     
          12          16   1.2387454761624086     
          15          16   1.2417563350880525     
          15          17   1.3576609013089433     
          17          18   1.3576474479267580     
          18          19   1.1651881151853645     
          19          20   1.6572827031167163     
          20          21   1.1657661097692280     
           1          22  0.72412046075593517     
          18          22   1.2417270325913869     
          21          22   1.2386444075991780     
          21          23   1.3586212100898338     
           2          24   1.1741909866613820     
          23          24   1.3593321255155422     
           1          25  0.72167467566375465     
           4          25   1.2613872525469787     
          24          25   1.2276945062962266     
           2          26  0.97198511066745341     
           3          27  0.97019337132430117     
           7          28  0.97019180284004636     
           8          29  0.97198499980174302     
          11          30  0.96326489134021265     
          13          31  0.97188322765500534     
          14          32  0.97191231706499515     
          17          33  0.96355917888381049     
          19          34  0.97191041231331832     
          20          35  0.97188107256426837     
          23          36  0.96326259174467632     
          38          39   1.6418073937039697     
          39          40   1.1830357949726997     
          40          41   1.2579284764894241     
          41          42   1.2580135322451220     
          42          43   1.1830389832830386     
          43          44   1.6418584321591259     
          44          45   1.1741095749601547     
          37          46  0.72200290833739378     
          42          46   1.2610906952485925     
          45          46   1.2276686907746934     
          45          47   1.3593835669997296     
          47          48   1.3585524263714390     
          48          49   1.1657654613949258     
          49          50   1.6573140806566804     
          50          51   1.1651493885464341     
          37          52  0.72391325341803558     
          48          52   1.2387655787241814     
          51          52   1.2417142996974828     
          51          53   1.3577040504560418     
          53          54   1.3576197209063512     
          54          55   1.1651804170727587     
          55          56   1.6573190288688062     
          56          57   1.1657245396061449     
          37          58  0.72416271141128497     
          54          58   1.2417471347925684     
          57          58   1.2385696625074258     
          57          59   1.3587267986983342     
          38          60   1.1741982190044942     
          59          60   1.3592084173635051     
          37          61  0.72182420969352878     
          40          61   1.2611065602782112     
          60          61   1.2277947090792574     
          38          62  0.97198535274364795     
          39          63  0.97018823220887029     
          43          64  0.97018432143455891     
          44          65  0.97198196519318236     
          47          66  0.96326430176401545     
          49          67  0.97188397887519085     
          50          68  0.97191332594899249     
          53          69  0.96355936572920331     
          55          70  0.97191029211574642     
          56          71  0.97188132476098876     
          59          72  0.96326393665963528     
           5          73   1.1778283229983784     
          73          74   2.4779950328168558     
          74          75   1.3003593780796825     
          73          76  0.20392856634665663     
          75          76   2.4764708411490872     
          77          78   2.4738842165760535     
          78          79   1.3024724015269575     
          77          80  0.20355430493584248     
          79          80   2.4738144357122334     
          81          82   2.4738624750609652     
          82          83   1.3024434697762555     
          81          84  0.20355626534267757     
          83          84   2.4739465815715773     
          85          86   2.4769483693950347     
          86          87   1.2997973574222348     
          41          88   1.1772219783169473     
          85          88  0.20377963423398823     
          87          88   2.4784814570360272     
          90          91   1.6409001485344898     
          91          92   1.1833739419250042     
          76          93   1.1798570626484159     
          92          93   1.2552886368101159     
          93          94   1.2556265693500293     
          94          95   1.1833373514755219     
          95          96   1.6409458707691364     
          96          97   1.1749885655154557     
          89          98  0.71839987616838785     
          94          98   1.2639849518577755     
          97          98   1.2262615870186131     
          97          99   1.3590978492575052     
          99         100   1.3591138321686276     
         100         101   1.1750558854850528     
         101         102   1.6407456812219674     
         102         103   1.1835242892363145     
          89         104  0.71790638698813991     
         100         104   1.2262605948374961     
         103         104   1.2643458753252732     
          77         105   1.1811519329114080     
         103         105   1.2548647964102768     
         105         106   1.2547307941432368     
         106         107   1.1834878345439241     
         107         108   1.6407313827970147     
         108         109   1.1751085334521008     
          89         110  0.71814379282453145     
         106         110   1.2644630438732514     
         109         110   1.2260684292788919     
         109         111   1.3591838274632095     
          90         112   1.1750469029525441     
         111         112   1.3590856503052551     
          89         113  0.71842017665924440     
          92         113   1.2640912999843228     
         112         113   1.2261896971407853     
          90         114  0.97198243896732528     
          91         115  0.97022584527456746     
          95         116  0.97022500620560470     
          96         117  0.97198341444454917     
          99         118  0.96301670834157049     
         101         119  0.97198499553218487     
         102         120  0.97024469664472979     
         107         121  0.97021160773972992     
         108         122  0.97198508842156062     
         111         123  0.96301245769491761     
         125         126   1.6407291669078126     
         126         127   1.1835075353679432     
          80         128   1.1812572298986257     
         127         128   1.2548619611410690     
         128         129   1.2545537864546557     
         129         130   1.1835538025151913     
         130         131   1.6406791051718448     
         131         132   1.1751370155726204     
         124         133  0.71816077062470740     
         129         133   1.2644724060927433     
         132         133   1.2260427773891838     
         132         134   1.3591412544122681     
         134         135   1.3590866410201898     
         135         136   1.1751096701608446     
         136         137   1.6407101394269719     
         137         138   1.1835266385703065     
         124         139  0.71807201653238961     
         135         139   1.2261511493140596     
         138         139   1.2644410102667321     
          81         140   1.1812350778701268     
         138         140   1.2547684730640816     
         140         141   1.2546741492036737     
         141         142   1.1835534587414578     
         142         143   1.6406901076981573     
         143         144   1.1751240048521239     
         124         145  0.71822518980332994     
         141         145   1.2644102223352751     
         144         145   1.2260678594612369     
         144         146   1.3591283342616696     
         125         147   1.1750912244050002     
         146         147   1.3590764841721090     
         124         148  0.71791648508293238     
         127         148   1.2644623968963711     
         147         148   1.2262087775584973     
         125         149  0.97198604635306152     
         126         150  0.97023807575911614     
         130         151  0.97022240249647207     
         131         152  0.97198308632556785     
         134         153  0.96300639593775017     
         136         154  0.97198373915156155     
         137         155  0.97023278500084009     
         142         156  0.97022716190019542     
         143         157  0.97198354496034101     
         146         158  0.96300922435350789     
         160         161   1.6407690875311767     
         161         162   1.1834994013260784     
          84         163   1.1811196314357031     
         162         163   1.2549009706204775     
         163         164   1.2547602286715798     
         164         165   1.1835459197291636     
         165         166   1.6407133372419545     
         166         167   1.1750944415706619     
         159         168  0.71826490213795269     
         164         168   1.2643005174806337     
         167         168   1.2260962257440235     
         167         169   1.3591757172578161     
         169         170   1.3590715613183662     
         170         171   1.1749823546948450     
         171         172   1.6410306330168030     
         172         173   1.1832548824507569     
         159         174  0.71825125269420598     
         170         174   1.2262857578970514     
         173         174   1.2639879510513441     
          85         175   1.1792598766989826     
         173         175   1.2555490492898702     
         175         176   1.2559313379291848     
         176         177   1.1832608396381739     
         177         178   1.6410106840040157     
         178         179   1.1749773006956283     
         159         180  0.71839278554057062     
         176         180   1.2638184639996259     
         179         180   1.2263572482980627     
         179         181   1.3590115920974624     
         160         182   1.1750466251481870     
         181         182   1.3592025188543404     
         159         183  0.71823672796269622     
         162         183   1.2643094688290195     
         182         183   1.2261262150002081     
         160         184  0.97198413509049542     
         161         185  0.97022711120095217     
         165         186  0.97023202696835265     
         166         187  0.97198402708433596     
         169         188  0.96301215088082137     
         171         189  0.97198307508955517     
         172         190  0.97021898210409618     
         177         191  0.97022060057694726     
         178         192  0.97198355445928242     
         181         193  0.96301711784657218     
