    0.24461790
   -0.05198573
   -0.05039789
    0.07726423
    0.01698751
    0.07731195
   -0.05032872
   -0.05199176
    0.07563129
   -0.17680361
   -0.04974351
    0.07690979
   -0.05101810
   -0.05115688
    0.07742554
   -0.17476286
   -0.05150481
    0.07742588
   -0.05115662
   -0.05101837
    0.07690765
   -0.17477246
   -0.04973155
    0.07562176
   -0.17675568
    0.03370995
    0.03542992
    0.03544986
    0.03368455
    0.04922373
    0.03428901
    0.03421216
    0.04858812
    0.03421059
    0.03428862
    0.04923691
    0.24461402
   -0.05198333
   -0.05040293
    0.07724436
    0.01698535
    0.07729497
   -0.05033045
   -0.05198707
    0.07565884
   -0.17684809
   -0.04977753
    0.07691535
   -0.05102227
   -0.05115866
    0.07742522
   -0.17477619
   -0.05151534
    0.07742608
   -0.05115880
   -0.05102264
    0.07691549
   -0.17479679
   -0.04976568
    0.07564487
   -0.17677537
    0.03372035
    0.03547312
    0.03547566
    0.03368469
    0.04921092
    0.03428426
    0.03420817
    0.04857952
    0.03420470
    0.03428296
    0.04922375
   -0.02037694
   -0.01000951
   -0.00929681
   -0.02113719
   -0.02056483
   -0.00958537
   -0.00942870
   -0.02072334
   -0.02072616
   -0.00942656
   -0.00958983
   -0.02056756
   -0.02109365
   -0.00926401
   -0.00998759
   -0.02032059
    0.24633891
   -0.05182118
   -0.05037151
    0.07746219
    0.01739892
    0.07748727
   -0.05034755
   -0.05182321
    0.07515486
   -0.17688564
   -0.04761987
    0.07509796
   -0.05178708
   -0.05043098
    0.07755127
   -0.17687697
    0.01705852
    0.07755442
   -0.05043162
   -0.05178848
    0.07509665
   -0.17689577
   -0.04761513
    0.07514496
   -0.17683825
    0.03382506
    0.03553738
    0.03558034
    0.03381033
    0.04993358
    0.03381901
    0.03542810
    0.03543914
    0.03381647
    0.04993761
    0.24637071
   -0.05178569
   -0.05039809
    0.07754927
    0.01723369
    0.07754323
   -0.05040966
   -0.05178557
    0.07510856
   -0.17682350
   -0.04753540
    0.07511048
   -0.05178430
   -0.05039806
    0.07754144
   -0.17684568
    0.01723474
    0.07754660
   -0.05040700
   -0.05178839
    0.07511124
   -0.17682827
   -0.04753316
    0.07511108
   -0.17684873
    0.03385550
    0.03549664
    0.03549485
    0.03386158
    0.05000294
    0.03385734
    0.03550293
    0.03548652
    0.03385816
    0.05000357
    0.24632864
   -0.05179045
   -0.05043682
    0.07754642
    0.01705395
    0.07755152
   -0.05041439
   -0.05178681
    0.07510593
   -0.17689391
   -0.04765144
    0.07517427
   -0.05181282
   -0.05036915
    0.07744472
   -0.17686404
    0.01740663
    0.07747845
   -0.05034330
   -0.05181591
    0.07518404
   -0.17690711
   -0.04765069
    0.07511224
   -0.17688580
    0.03382080
    0.03542955
    0.03544323
    0.03381746
    0.04992832
    0.03383634
    0.03558689
    0.03562222
    0.03382061
    0.04992989
