           2           3   1.6504065754348609     
           3           4   1.1793527296595865     
           4           5   1.2515651172864812     
           5           6   1.2520548983539865     
           6           7   1.1793144356469574     
           7           8   1.6504144666749236     
           8           9   1.1710784317996525     
           1          10  0.48904351342392238     
           6          10   1.2860362192235619     
           9          10   1.2467961167754731     
           9          11   1.3576337484662029     
          11          12   1.3538696919476561     
          12          13   1.1627921257268263     
          13          14   1.6656089877222331     
          14          15   1.1620582370160923     
           1          16  0.49134434764346707     
          12          16   1.2609609348137616     
          15          16   1.2632271516043754     
          15          17   1.3540753578203109     
          17          18   1.3540856877463732     
          18          19   1.1620301712927155     
          19          20   1.6656333990175727     
          20          21   1.1627747907184813     
           1          22  0.49127426656704021     
          18          22   1.2632449021495864     
          21          22   1.2609854132821212     
          21          23   1.3538615879833582     
           2          24   1.1710912002458835     
          23          24   1.3576807095205339     
           1          25  0.48899632551150191     
           4          25   1.2861373856136693     
          24          25   1.2467103394997427     
           2          26  0.97242433419732466     
           3          27  0.97097525571014442     
           7          28  0.97097727576136705     
           8          29  0.97242754976413603     
          11          30  0.96390891936086853     
          13          31  0.97233821919148222     
          14          32  0.97235748797985466     
          17          33  0.96423900022797338     
          19          34  0.97235680701766891     
          20          35  0.97233716815924809     
          23          36  0.96390429363559105     
          38          39   1.6505922280133056     
          39          40   1.1791647785892840     
          40          41   1.2520631918070688     
          41          42   1.2525671158940235     
          42          43   1.1792281683390373     
          43          44   1.6505275295562698     
          44          45   1.1710213630437647     
          37          46  0.48905446300602129     
          42          46   1.2857183226003874     
          45          46   1.2469662890462603     
          45          47   1.3575585719407535     
          47          48   1.3539331345123631     
          48          49   1.1627806538668617     
          49          50   1.6656164657778871     
          50          51   1.1620717371816769     
          37          52  0.49139668194898367     
          48          52   1.2609517862504129     
          51          52   1.2631999671471028     
          51          53   1.3541003640278435     
          53          54   1.3541234274306875     
          54          55   1.1620446096655983     
          55          56   1.6656338553742887     
          56          57   1.1627704306517654     
          37          58  0.49129578406696911     
          54          58   1.2632100141907676     
          57          58   1.2609920876890170     
          57          59   1.3539003880786094     
          38          60   1.1710157192137318     
          59          60   1.3576459557784109     
          37          61  0.48901893124279383     
          40          61   1.2859123452022121     
          60          61   1.2468335920992846     
          38          62  0.97242233483706420     
          39          63  0.97096135562569719     
          43          64  0.97097199594188843     
          44          65  0.97242618418020732     
          47          66  0.96390935990973969     
          49          67  0.97233996649946997     
          50          68  0.97235825055915182     
          53          69  0.96423682084028950     
          55          70  0.97235724085288666     
          56          71  0.97233908941462288     
          59          72  0.96390516194691855     
           5          73   1.1844436507210800     
          73          74   2.4702975041661426     
          74          75   1.3049653864472637     
          73          76  0.20282818500761293     
          75          76   2.4687406617631331     
          77          78   2.4660448138984448     
          78          79   1.3071956051975988     
          77          80  0.20241302698295532     
          79          80   2.4659663689990654     
          81          82   2.4660535490456277     
          82          83   1.3071351141105829     
          81          84  0.20241277222054685     
          83          84   2.4661674617526179     
          85          86   2.4696312360512316     
          86          87   1.3039637265979855     
          41          88   1.1833920047577127     
          85          88  0.20259971346018799     
          87          88   2.4711900832089362     
          90          91   1.6479126902947219     
          91          92   1.1809379752694458     
          76          93   1.1866910927241370     
          92          93   1.2493741569017391     
          93          94   1.2496566329026899     
          94          95   1.1809501515743486     
          95          96   1.6479138050761808     
          96          97   1.1732201423905408     
          89          98  0.48874644114265581     
          94          98   1.2871318213970246     
          97          98   1.2450788756952182     
          97          99   1.3557652166811789     
          99         100   1.3566684094034238     
         100         101   1.1731143755560884     
         101         102   1.6479995977249700     
         102         103   1.1809051793932488     
          89         104  0.48885149640196313     
         100         104   1.2444037385593190     
         103         104   1.2877548486853407     
          77         105   1.1880403313821861     
         103         105   1.2487521329209657     
         105         106   1.2487979853310764     
         106         107   1.1808864651049518     
         107         108   1.6480186758038675     
         108         109   1.1730963848765863     
          89         110  0.48878180100567531     
         106         110   1.2877499419499685     
         109         110   1.2444493798459866     
         109         111   1.3566434169360162     
          90         112   1.1732577853592492     
         111         112   1.3557974292520127     
          89         113  0.48876843743395937     
          92         113   1.2872492219080915     
         112         113   1.2449918947050922     
          90         114  0.97241487605581278     
          91         115  0.97098252862565282     
          95         116  0.97098089808844312     
          96         117  0.97241721303205098     
          99         118  0.96356889889822572     
         101         119  0.97241265666794363     
         102         120  0.97098879330824395     
         107         121  0.97099109878264811     
         108         122  0.97241428162908816     
         111         123  0.96356804879649016     
         125         126   1.6477862463298227     
         126         127   1.1810632354211399     
          80         128   1.1881705536470983     
         127         128   1.2487356889157324     
         128         129   1.2486662120550434     
         129         130   1.1810743138616284     
         130         131   1.6477777974050540     
         131         132   1.1732772306584551     
         124         133  0.48877658618884551     
         129         133   1.2876740196732159     
         132         133   1.2445863475665166     
         132         134   1.3562203719728712     
         134         135   1.3562035778154380     
         135         136   1.1732606465245288     
         136         137   1.6478127270395242     
         137         138   1.1810312611784259     
         124         139  0.48872467254062124     
         135         139   1.2446226432671303     
         138         139   1.2876625921479921     
          81         140   1.1881315170939450     
         138         140   1.2487656014739854     
         140         141   1.2486689235886739     
         141         142   1.1811064649102876     
         142         143   1.6477514766718779     
         143         144   1.1732871332869317     
         124         145  0.48876253943788417     
         141         145   1.2876543784963803     
         144         145   1.2446033218594714     
         144         146   1.3562008596652741     
         125         147   1.1732658602193204     
         146         147   1.3562165441123628     
         124         148  0.48871611623869871     
         127         148   1.2876728363309486     
         147         148   1.2446141678804870     
         125         149  0.97241390391506777     
         126         150  0.97099128059263595     
         130         151  0.97098607861905073     
         131         152  0.97241386089580872     
         134         153  0.96355537482947795     
         136         154  0.97241317725511822     
         137         155  0.97099214311724602     
         142         156  0.97098563629735768     
         143         157  0.97241413232304441     
         146         158  0.96355530952473267     
         160         161   1.6479910269925453     
         161         162   1.1809503311220833     
          84         163   1.1879489876545943     
         162         163   1.2487714801011340     
         163         164   1.2489183990441282     
         164         165   1.1808283997108826     
         165         166   1.6480906333622134     
         166         167   1.1730540482276672     
         159         168  0.48885447681716715     
         164         168   1.2877093610621706     
         167         168   1.2444698563884358     
         167         169   1.3566807517281791     
         169         170   1.3557403629579305     
         170         171   1.1731617136884087     
         171         172   1.6480995232993874     
         172         173   1.1807713029316418     
         159         174  0.48877038005702877     
         170         174   1.2451598133547743     
         173         174   1.2869796118630750     
          85         175   1.1856445182943538     
         173         175   1.2499036679477427     
         175         176   1.2501247068227241     
         176         177   1.1807964064297929     
         177         178   1.6480972210150688     
         178         179   1.1731120548342220     
         159         180  0.48872936984309251     
         176         180   1.2868928767340773     
         179         180   1.2452293276058857     
         179         181   1.3557390560488447     
         160         182   1.1730994514687534     
         181         182   1.3566733957783637     
         159         183  0.48887118680104719     
         162         183   1.2876703689071749     
         182         183   1.2444504861035885     
         160         184  0.97241435324362013     
         161         185  0.97098919360829861     
         165         186  0.97098939996484068     
         166         187  0.97241382733966830     
         169         188  0.96356981967507838     
         171         189  0.97241266875733001     
         172         190  0.97097701559115845     
         177         191  0.97096477132146075     
         178         192  0.97241370341885702     
         181         193  0.96356965452964261     
