   -0.29221264
   -0.05218165
   -0.05048237
    0.07355881
    0.02555135
    0.07358930
   -0.05042368
   -0.05217761
    0.07312335
   -0.04778211
   -0.04143419
    0.07426828
   -0.05125520
   -0.05132210
    0.07455771
   -0.04681680
   -0.04316769
    0.07455756
   -0.05132039
   -0.05125250
    0.07425878
   -0.04682720
   -0.04142684
    0.07311397
   -0.04770212
    0.03528060
    0.03712726
    0.03715941
    0.03525386
    0.04909479
    0.03577427
    0.03569501
    0.04847201
    0.03569196
    0.03577074
    0.04910589
   -0.29225879
   -0.05216553
   -0.05048216
    0.07352939
    0.02553626
    0.07356900
   -0.05044208
   -0.05217718
    0.07314077
   -0.04774735
   -0.04146737
    0.07426779
   -0.05125767
   -0.05132052
    0.07455602
   -0.04681039
   -0.04317576
    0.07455682
   -0.05132117
   -0.05125389
    0.07426816
   -0.04681331
   -0.04146016
    0.07314003
   -0.04778510
    0.03528662
    0.03718384
    0.03720540
    0.03527029
    0.04908880
    0.03577287
    0.03569374
    0.04846419
    0.03568786
    0.03576648
    0.04908932
   -0.02107962
   -0.00908379
   -0.00857851
   -0.02167938
   -0.02159284
   -0.00854993
   -0.00903758
   -0.02102793
   -0.28658555
   -0.05202724
   -0.05043055
    0.07384671
    0.02564467
    0.07388538
   -0.05037933
   -0.05203140
    0.07298738
   -0.04958168
   -0.03956244
    0.07299585
   -0.05202161
   -0.05043378
    0.07384365
   -0.04951812
    0.02565528
    0.07387136
   -0.05038162
   -0.05202565
    0.07300152
   -0.04961131
   -0.03954997
    0.07297114
   -0.04949227
    0.03529910
    0.03711909
    0.03717412
    0.03528809
    0.04966019
    0.03531362
    0.03719682
    0.03720083
    0.03529540
    0.04965686
