           2           3   1.6456347437817220     
           3           4   1.1783637177104620     
           4           5   1.2526537154348591     
           5           6   1.2530671372316382     
           6           7   1.1783448748072702     
           7           8   1.6456589319919424     
           8           9   1.1695850915598074     
           1          10  0.75269596235426450     
           6          10   1.2617475744538549     
           9          10   1.2269520908717015     
           9          11   1.3554288703325033     
          11          12   1.3532401564331784     
          12          13   1.1611864178189362     
          13          14   1.6610539214546365     
          14          15   1.1605719230729232     
           1          16  0.75112157408303692     
          12          16   1.2394968132018642     
          15          16   1.2422131199290791     
          15          17   1.3529929668511471     
          17          18   1.3530006499059199     
          18          19   1.1605201324196917     
          19          20   1.6610924263086604     
          20          21   1.1611721172456275     
           1          22  0.75102813901980747     
          18          22   1.2422607282040337     
          21          22   1.2395362248453332     
          21          23   1.3532296416596958     
           2          24   1.1696327560795847     
          23          24   1.3554770005765640     
           1          25  0.75277725286221198     
           4          25   1.2618508574773455     
          24          25   1.2268045298925010     
           2          26  0.97179167071348826     
           3          27  0.97002565724617595     
           7          28  0.97003517633621028     
           8          29  0.97179262671120292     
          11          30  0.96377386399341769     
          13          31  0.97169105246295351     
          14          32  0.97171429854223768     
          17          33  0.96409308379336978     
          19          34  0.97171445587982019     
          20          35  0.97168908194065884     
          23          36  0.96376990380877059     
          38          39   1.6458126001305597     
          39          40   1.1782094175216091     
          40          41   1.2533046347508470     
          41          42   1.2534388675525439     
          42          43   1.1782066493541894     
          43          44   1.6458143615127085     
          44          45   1.1695185320312025     
          37          46  0.75280935188894238     
          42          46   1.2615269055353280     
          45          46   1.2270278928752612     
          45          47   1.3554073479917910     
          47          48   1.3532738092716883     
          48          49   1.1611698773733883     
          49          50   1.6610711341718325     
          50          51   1.1605705521623264     
          37          52  0.75117663573525972     
          48          52   1.2395258042375557     
          51          52   1.2421788263224622     
          51          53   1.3530362486267209     
          53          54   1.3530285078083124     
          54          55   1.1605009098445711     
          55          56   1.6611465856704017     
          56          57   1.1611212906185198     
          37          58  0.75110461494585290     
          54          58   1.2422435648292027     
          57          58   1.2395210530512435     
          57          59   1.3533094406517188     
          38          60   1.1695397128007665     
          59          60   1.3553940736524335     
          37          61  0.75267150518938064     
          40          61   1.2615456437462542     
          60          61   1.2270318762640362     
          38          62  0.97178825936078572     
          39          63  0.97002662722558697     
          43          64  0.97000556117796255     
          44          65  0.97179073555936413     
          47          66  0.96377649935506582     
          49          67  0.97169211819048673     
          50          68  0.97171431011982801     
          53          69  0.96409309642873975     
          55          70  0.97171359815335301     
          56          71  0.97168936101418080     
          59          72  0.96377297732761047     
           5          73   1.1793837549208117     
          73          74   2.4765644306208054     
          74          75   1.3011551027400388     
          73          76  0.20368258394941302     
          75          76   2.4750732181145354     
          77          78   2.4759218255015907     
          78          79   1.3001410433662970     
          41          80   1.1783104541205547     
          77          80  0.20341283219472467     
          79          80   2.4774527556661816     
          82          83   1.6441416857964051     
          83          84   1.1791089840330338     
          76          85   1.1814615114662479     
          84          85   1.2503793134383876     
          85          86   1.2509710690263383     
          86          87   1.1789969761061254     
          87          88   1.6442304404850188     
          88          89   1.1708113191679383     
          81          90  0.74890569479468294     
          86          90   1.2640849817868736     
          89          90   1.2256824127007246     
          89          91   1.3544385648907982     
          91          92   1.3544611976482224     
          92          93   1.1707632874703682     
          93          94   1.6443721955810422     
          94          95   1.1788787699936805     
          81          96  0.74898735883191558     
          92          96   1.2256309186449346     
          95          96   1.2640085653106805     
          77          97   1.1804397722590307     
          95          97   1.2509362847208008     
          97          98   1.2513126451559671     
          98          99   1.1789547838133143     
          99         100   1.6442703029837298     
         100         101   1.1708124128644397     
          81         102  0.74890601811529700     
          98         102   1.2638753958654427     
         101         102   1.2257711966132123     
         101         103   1.3543499861408135     
          82         104   1.1708844457737086     
         103         104   1.3545439578746552     
          81         105  0.74904480276953456     
          84         105   1.2642240199140298     
         104         105   1.2254529787801378     
          82         106  0.97177693428950118     
          83         107  0.97003465819547485     
          87         108  0.97004610037873329     
          88         109  0.97178235045849859     
          91         110  0.96348894449375655     
          93         111  0.97177394639880055     
          94         112  0.97001891896640280     
          99         113  0.97003703848075373     
         100         114  0.97177870576387226     
         103         115  0.96348604654454473     
