   -0.29189860
   -0.05209628
   -0.05059684
    0.07370150
    0.02511577
    0.07372824
   -0.05054462
   -0.05209919
    0.07315371
   -0.04788951
   -0.04135511
    0.07433767
   -0.05119797
   -0.05125391
    0.07462792
   -0.04682141
   -0.04307323
    0.07462798
   -0.05125502
   -0.05119856
    0.07433488
   -0.04683623
   -0.04134728
    0.07315063
   -0.04786822
    0.03541012
    0.03745285
    0.03744207
    0.03539959
    0.04923508
    0.03590926
    0.03582475
    0.04861046
    0.03582429
    0.03590852
    0.04924127
   -0.29194013
   -0.05210142
   -0.05057397
    0.07371059
    0.02511774
    0.07368848
   -0.05055723
   -0.05209560
    0.07316536
   -0.04789795
   -0.04136691
    0.07433702
   -0.05119851
   -0.05125402
    0.07462989
   -0.04682236
   -0.04308324
    0.07462783
   -0.05125326
   -0.05119669
    0.07433594
   -0.04683644
   -0.04136752
    0.07315781
   -0.04785673
    0.03540940
    0.03744234
    0.03743152
    0.03540316
    0.04922888
    0.03590465
    0.03582162
    0.04860180
    0.03582065
    0.03590659
    0.04923227
   -0.01962390
   -0.00951864
   -0.00137827
   -0.00212459
   -0.00884661
   -0.02044699
   -0.01983357
   -0.00910327
   -0.00149573
   -0.00168783
   -0.00891718
   -0.02003453
   -0.01990614
   -0.00896786
   -0.00155913
   -0.00155947
   -0.00896264
   -0.01990410
   -0.02003688
   -0.00891363
   -0.00169149
   -0.00149834
   -0.00910503
   -0.01983967
   -0.02040947
   -0.00882489
   -0.00209738
   -0.00134672
   -0.00950399
   -0.01958147
   -0.28588146
   -0.05191968
   -0.05048315
    0.07403253
    0.02544634
    0.07405816
   -0.05043804
   -0.05192215
    0.07305518
   -0.04969124
   -0.03931080
    0.07301582
   -0.05188162
   -0.05053195
    0.07412873
   -0.04970433
    0.02511050
    0.07411760
   -0.05054447
   -0.05188132
    0.07301080
   -0.04970863
   -0.03930341
    0.07304832
   -0.04966265
    0.03554154
    0.03756733
    0.03756471
    0.03553077
    0.04992909
    0.03553750
    0.03744291
    0.03745124
    0.03554238
    0.04993581
   -0.28571654
   -0.05187224
   -0.05048165
    0.07411092
    0.02532015
    0.07411314
   -0.05048803
   -0.05187426
    0.07304578
   -0.04964312
   -0.03923939
    0.07304239
   -0.05186662
   -0.05048736
    0.07413631
   -0.04966225
    0.02524688
    0.07411540
   -0.05051123
   -0.05186272
    0.07304761
   -0.04968563
   -0.03923899
    0.07305423
   -0.04968182
    0.03560861
    0.03754495
    0.03755038
    0.03561160
    0.05001744
    0.03560750
    0.03751221
    0.03752316
    0.03561073
    0.05001507
   -0.28571422
   -0.05186415
   -0.05050884
    0.07411804
    0.02524469
    0.07413447
   -0.05048971
   -0.05186624
    0.07304611
   -0.04967245
   -0.03924198
    0.07305333
   -0.05187691
   -0.05047218
    0.07411939
   -0.04966323
    0.02532240
    0.07410183
   -0.05049520
   -0.05187240
    0.07305154
   -0.04966055
   -0.03923744
    0.07304744
   -0.04968629
    0.03561061
    0.03752179
    0.03751545
    0.03560799
    0.05001536
    0.03560771
    0.03754812
    0.03754874
    0.03561248
    0.05001792
   -0.28589995
   -0.05187972
   -0.05053885
    0.07412101
    0.02510644
    0.07412677
   -0.05052785
   -0.05188086
    0.07302030
   -0.04973214
   -0.03932196
    0.07306618
   -0.05192029
   -0.05045816
    0.07403012
   -0.04966069
    0.02545190
    0.07403622
   -0.05044614
   -0.05191941
    0.07306637
   -0.04969841
   -0.03932217
    0.07301765
   -0.04968778
    0.03554448
    0.03744804
    0.03744870
    0.03553721
    0.04992940
    0.03554392
    0.03755907
    0.03756472
    0.03554045
    0.04993007
