           2           3   1.6453947546965564     
           3           4   1.1786060917728132     
           4           5   1.2511162161010201     
           5           6   1.2514080036650927     
           6           7   1.1785768981824756     
           7           8   1.6454043951995443     
           8           9   1.1697403172257905     
           1          10  0.75273965245774066     
           6          10   1.2619786851753003     
           9          10   1.2265974271510194     
           9          11   1.3555449414185812     
          11          12   1.3531780197414585     
          12          13   1.1611773957706959     
          13          14   1.6611101215706263     
          14          15   1.1604985455918715     
           1          16  0.75101326896480225     
          12          16   1.2395431998020618     
          15          16   1.2422556892214154     
          15          17   1.3530138686289606     
          17          18   1.3529861686596458     
          18          19   1.1605059051187863     
          19          20   1.6611030270706797     
          20          21   1.1611785558349379     
           1          22  0.75095522568510709     
          18          22   1.2422821379780342     
          21          22   1.2395546737112886     
          21          23   1.3531700760372043     
           2          24   1.1697547372970085     
          23          24   1.3555758927442396     
           1          25  0.75270677205686654     
           4          25   1.2620181284210523     
          24          25   1.2265457728727835     
           2          26  0.97178536760448264     
           3          27  0.96993390110379885     
           7          28  0.96993252314348377     
           8          29  0.97178784353972114     
          11          30  0.96375792790504144     
          13          31  0.97167987441114090     
          14          32  0.97170573757466516     
          17          33  0.96407542668656987     
          19          34  0.97170639180566887     
          20          35  0.97168012475282839     
          23          36  0.96375409632106057     
          38          39   1.6454574075068540     
          39          40   1.1785309877953893     
          40          41   1.2514402457054097     
          41          42   1.2515066555947136     
          42          43   1.1785801588629248     
          43          44   1.6454321782933090     
          44          45   1.1697333308596805     
          37          46  0.75270604629429583     
          42          46   1.2618395823926958     
          45          46   1.2266931341845444     
          45          47   1.3554645569655759     
          47          48   1.3532324655151216     
          48          49   1.1611484352265380     
          49          50   1.6611482340535031     
          50          51   1.1604780742157468     
          37          52  0.75102996790807119     
          48          52   1.2395283977952030     
          51          52   1.2422473396429363     
          51          53   1.3530247231729575     
          53          54   1.3529910553437712     
          54          55   1.1604845367946586     
          55          56   1.6611379524318766     
          56          57   1.1611515316917771     
          37          58  0.75097257196938727     
          54          58   1.2422944579167801     
          57          58   1.2395277599119852     
          57          59   1.3532385418511188     
          38          60   1.1697279775483411     
          59          60   1.3555103836272908     
          37          61  0.75280011611929398     
          40          61   1.2618577658010359     
          60          61   1.2266153869522254     
          38          62  0.97178602886593757     
          39          63  0.96990936808979977     
          43          64  0.96995135167814572     
          44          65  0.97178708517682322     
          47          66  0.96375906647785237     
          49          67  0.97168071567803915     
          50          68  0.97170589586215139     
          53          69  0.96407740063715430     
          55          70  0.97170646726547849     
          56          71  0.97167953733445722     
          59          72  0.96375581311641789     
           5          73   1.1829967069549854     
          73          74   2.4473929713806042     
          74          75   1.3296734575590063     
          73          76  0.19347653555564739     
          75          76   2.3606588364701437     
          76          77   1.3304587783517003     
          75          78  0.19325243421155186     
          77          78   2.4448237990776840     
          79          80   2.4432830876193101     
          80          81   1.3317862808641769     
          79          82  0.19301077980883385     
          81          82   2.3580114448458858     
          82          83   1.3317962410137814     
          81          84  0.19298644896594530     
          83          84   2.4432020057678505     
          85          86   2.4432011318121978     
          86          87   1.3318147665800373     
          85          88  0.19298514046296850     
          87          88   2.3579604302353978     
          88          89   1.3318053579927449     
          87          90  0.19298247046852826     
          89          90   2.4432318362883594     
          91          92   2.4432411591046770     
          92          93   1.3317713018152011     
          91          94  0.19299148139526262     
          93          94   2.3580562005506294     
          94          95   1.3317422787229600     
          93          96  0.19300991782041899     
          95          96   2.4433425124321770     
          97          98   2.4452812613878772     
          98          99   1.3299983141540561     
          97         100  0.19318836497470987     
          99         100   2.3611370309746071     
         100         101   1.3292033915782664     
          41         102   1.1825597158153043     
          99         102  0.19340536712500686     
         101         102   2.4478433027939435     
         104         105   1.6436811378716278     
         105         106   1.1794450270129468     
          78         107   1.1857226886444427     
         106         107   1.2485994600742907     
         107         108   1.2488600526344116     
         108         109   1.1794400901482671     
         109         110   1.6436734685776848     
         110         111   1.1711956490579072     
         103         112  0.74873085056327393     
         108         112   1.2644867116620200     
         111         112   1.2253970064907898     
         111         113   1.3541011744186844     
         113         114   1.3549135861338306     
         114         115   1.1710120207082970     
         115         116   1.6438616279960572     
         116         117   1.1793149295585827     
         103         118  0.74880463827379273     
         114         118   1.2248893111137007     
         117         118   1.2648931493720101     
          79         119   1.1863666580445078     
         117         119   1.2483787533464592     
         119         120   1.2483036166995194     
         120         121   1.1793168343832430     
         121         122   1.6438539245319541     
         122         123   1.1710267190722521     
         103         124  0.74874697784258193     
         120         124   1.2649203917610674     
         123         124   1.2249027586251451     
         123         125   1.3548896464894213     
         104         126   1.1712034440029335     
         125         126   1.3541400680525788     
         103         127  0.74871020493126927     
         106         127   1.2645609754547675     
         126         127   1.2253333845098668     
         104         128  0.97176565983524210     
         105         129  0.96993735720053087     
         109         130  0.96993788474781706     
         110         131  0.97176739785794208     
         113         132  0.96344808029628293     
         115         133  0.97176619712266399     
         116         134  0.96993957273341258     
         121         135  0.96994815490433772     
         122         136  0.97176660466750231     
         125         137  0.96344600681690284     
         139         140   1.6436866899235500     
         140         141   1.1794478649504949     
          84         142   1.1864902831192812     
         141         142   1.2483461712961035     
         142         143   1.2482483767212069     
         143         144   1.1794197342970067     
         144         145   1.6436998617827729     
         145         146   1.1711525843104305     
         138         147  0.74872200380027665     
         143         147   1.2648584539532048     
         146         147   1.2250809735827781     
         146         148   1.3544546999306362     
         148         149   1.3545865871709863     
         149         150   1.1711106243134211     
         150         151   1.6437499121704056     
         151         152   1.1793764343938562     
         138         153  0.74872645101377899     
         149         153   1.2250237413555909     
         152         153   1.2648889018390799     
          85         154   1.1864784561842880     
         152         154   1.2483223300992343     
         154         155   1.2482469508557963     
         155         156   1.1793957123142582     
         156         157   1.6437596782144310     
         157         158   1.1710935395096147     
         138         159  0.74865075915259194     
         155         159   1.2648746722523199     
         158         159   1.2250406598463002     
         158         160   1.3546010696490240     
         139         161   1.1711442962650787     
         160         161   1.3544218872636082     
         138         162  0.74864088563101028     
         141         162   1.2648023644892477     
         161         162   1.2251466547362686     
         139         163  0.97176306698315773     
         140         164  0.96994802200483887     
         144         165  0.96992975777049284     
         145         166  0.97176183576274888     
         148         167  0.96343649540933829     
         150         168  0.97176190766960635     
         151         169  0.96993380233137239     
         156         170  0.96994708771319671     
         157         171  0.97176189647778877     
         160         172  0.96343576946197063     
         174         175   1.6437478342764267     
         175         176   1.1794005523592836     
          90         177   1.1864572635975081     
         176         177   1.2482649603682872     
         177         178   1.2483214493854564     
         178         179   1.1793804538003612     
         179         180   1.6437574754439306     
         180         181   1.1711019618534213     
         173         182  0.74871099691657839     
         178         182   1.2648827320551976     
         181         182   1.2250275742661154     
         181         183   1.3546042405389649     
         183         184   1.3544260074327887     
         184         185   1.1711529055932295     
         185         186   1.6436834885335287     
         186         187   1.1794392636096414     
         173         188  0.74871775223669845     
         184         188   1.2251263310661136     
         187         188   1.2648039228861565     
          91         189   1.1864791880527890     
         187         189   1.2483646243424804     
         189         190   1.2482477054075112     
         190         191   1.1794400887048453     
         191         192   1.6436981093636271     
         192         193   1.1711481201584757     
         173         194  0.74866085384692926     
         190         194   1.2648327438598528     
         193         194   1.2251179314932712     
         193         195   1.3544390080815323     
         174         196   1.1711041090415784     
         195         196   1.3545946907452546     
         173         197  0.74865427955338160     
         176         197   1.2648761478884449     
         196         197   1.2250426448174396     
         174         198  0.97176213802282507     
         175         199  0.96994523052012727     
         179         200  0.96993535953415566     
         180         201  0.97176215110249753     
         183         202  0.96343644334914658     
         185         203  0.97176295781092770     
         186         204  0.96993376015375965     
         191         205  0.96994315048210933     
         192         206  0.97176170442173293     
         195         207  0.96343458807093418     
         209         210   1.6438998042229684     
         210         211   1.1792992005470992     
          96         212   1.1863387718698655     
         211         212   1.2483035878296924     
         212         213   1.2484310241291170     
         213         214   1.1792993476604972     
         214         215   1.6438884648684027     
         215         216   1.1709915856106670     
         208         217  0.74875410821727439     
         213         217   1.2648793768705213     
         216         217   1.2249215899178441     
         216         218   1.3549282881636588     
         218         219   1.3540885317152325     
         219         220   1.1711659258249809     
         220         221   1.6437394447216513     
         221         222   1.1794020266448799     
         208         223  0.74878207080181891     
         219         223   1.2254152257072131     
         222         223   1.2643867517758085     
          97         224   1.1852832971274081     
         222         224   1.2488926431630227     
         224         225   1.2489973206354552     
         225         226   1.1794044432342385     
         226         227   1.6437231456831514     
         227         228   1.1711782163675852     
         208         229  0.74871471193975969     
         225         229   1.2643685485985536     
         228         229   1.2254735317357452     
         228         230   1.3540435464243685     
         209         231   1.1709907308350165     
         230         231   1.3549605650607222     
         208         232  0.74882569816053657     
         211         232   1.2649005385169931     
         231         232   1.2248620396656682     
         209         233  0.97176566092025274     
         210         234  0.96994328567443910     
         214         235  0.96994612004961767     
         215         236  0.97176717303293259     
         218         237  0.96344625450365695     
         220         238  0.97176494017117276     
         221         239  0.96993050843972284     
         226         240  0.96993933286877942     
         227         241  0.97176709940964856     
         230         242  0.96344740282361530     
