   -0.05476648
   -0.05306934
    0.08708195
    0.01177040
    0.06408532
   -0.04981813
   -0.05176959
    0.06433145
   -0.08104464
   -0.05488495
    0.08682366
   -0.05372653
   -0.05376968
    0.08649433
   -0.32079978
   -0.05664343
    0.06503061
   -0.05103996
   -0.05086440
    0.06567392
   -0.08087101
   -0.05491302
    0.08551164
   -0.32474604
    0.01857416
    0.02065529
    0.04325193
    0.04147666
    0.21412873
    0.04706043
    0.01953690
    0.01956580
    0.04624591
    0.04198536
    0.04192456
    0.21440196
    0.04706583
   -0.05476745
   -0.05306108
    0.08709111
    0.01177916
    0.06410993
   -0.04982592
   -0.05176755
    0.06430185
   -0.08102010
   -0.05488562
    0.08681531
   -0.05372768
   -0.05377024
    0.08648511
   -0.32082118
   -0.05665306
    0.06500136
   -0.05103999
   -0.05086735
    0.06570912
   -0.08088043
   -0.05489892
    0.08552395
   -0.32472516
    0.01857258
    0.02065695
    0.04324658
    0.04148301
    0.21412537
    0.04706538
    0.01953642
    0.01956654
    0.04624685
    0.04198681
    0.04192262
    0.21441084
    0.04706696
   -0.02166129
   -0.01138185
   -0.01043836
   -0.02254902
   -0.02179022
   -0.01073079
   -0.01047186
   -0.02202503
   -0.02179876
   -0.01059331
   -0.01049302
   -0.02190274
   -0.02183248
   -0.01054894
   -0.01053389
   -0.02183834
   -0.02191269
   -0.01048079
   -0.01058941
   -0.02179786
   -0.02202402
   -0.01046041
   -0.01072120
   -0.02180925
   -0.02255374
   -0.01044860
   -0.01138279
   -0.02166686
   -0.05454925
   -0.05293660
    0.08689513
    0.01234351
    0.06358458
   -0.05007625
   -0.05181476
    0.06403560
   -0.08111934
   -0.05268972
    0.08518829
   -0.05451335
   -0.05301254
    0.08699482
   -0.32397807
    0.01183871
    0.06365770
   -0.05018323
   -0.05175954
    0.06398903
   -0.08120738
   -0.05259773
    0.08521309
   -0.32382442
    0.01875032
    0.02074881
    0.04305645
    0.04133669
    0.21439259
    0.04781436
    0.01876277
    0.02065243
    0.04293832
    0.04133431
    0.21439778
    0.04783952
   -0.05451104
   -0.05299094
    0.08700054
    0.01218192
    0.06364842
   -0.05012153
   -0.05177679
    0.06399342
   -0.08104021
   -0.05252114
    0.08517927
   -0.05449849
   -0.05303781
    0.08703243
   -0.32381388
    0.01200381
    0.06370753
   -0.05013768
   -0.05174959
    0.06397056
   -0.08109106
   -0.05249963
    0.08517616
   -0.32378796
    0.01884563
    0.02075368
    0.04306671
    0.04141428
    0.21441950
    0.04793814
    0.01885651
    0.02071877
    0.04300586
    0.04140560
    0.21440605
    0.04793802
   -0.05449402
   -0.05300233
    0.08704117
    0.01213504
    0.06369373
   -0.05013010
   -0.05175546
    0.06398378
   -0.08099801
   -0.05248810
    0.08518776
   -0.05449259
   -0.05299276
    0.08707753
   -0.32382340
    0.01208824
    0.06370580
   -0.05015479
   -0.05174143
    0.06396125
   -0.08099114
   -0.05248371
    0.08518490
   -0.32380443
    0.01888323
    0.02078033
    0.04305579
    0.04144921
    0.21438324
    0.04796069
    0.01887545
    0.02076842
    0.04303999
    0.04145876
    0.21438299
    0.04797122
   -0.05448996
   -0.05301850
    0.08703344
    0.01207541
    0.06371022
   -0.05013403
   -0.05174955
    0.06397449
   -0.08103866
   -0.05248605
    0.08517716
   -0.05449387
   -0.05302322
    0.08701501
   -0.32375619
    0.01213248
    0.06372791
   -0.05011220
   -0.05176049
    0.06397784
   -0.08103017
   -0.05250007
    0.08518642
   -0.32379562
    0.01888379
    0.02073578
    0.04305468
    0.04143811
    0.21440310
    0.04797347
    0.01889023
    0.02074829
    0.04307016
    0.04143348
    0.21439349
    0.04796257
   -0.05449341
   -0.05300655
    0.08703229
    0.01201896
    0.06370759
   -0.05015427
   -0.05175045
    0.06395913
   -0.08106750
   -0.05249882
    0.08517872
   -0.05450891
   -0.05297429
    0.08700796
   -0.32379229
    0.01218811
    0.06364283
   -0.05013427
   -0.05177207
    0.06398504
   -0.08103939
   -0.05252148
    0.08518458
   -0.32382678
    0.01884718
    0.02074322
    0.04298889
    0.04141486
    0.21440179
    0.04794340
    0.01883941
    0.02076745
    0.04305603
    0.04141885
    0.21440656
    0.04793877
   -0.05451415
   -0.05302869
    0.08696631
    0.01184150
    0.06364838
   -0.05017249
   -0.05176959
    0.06402107
   -0.08125477
   -0.05258940
    0.08521727
   -0.05455201
   -0.05293443
    0.08689012
   -0.32379657
    0.01233324
    0.06357648
   -0.05007967
   -0.05181264
    0.06403007
   -0.08114919
   -0.05269286
    0.08517838
   -0.32393876
    0.01876646
    0.02063723
    0.04293756
    0.04131744
    0.21443103
    0.04783856
    0.01874564
    0.02072808
    0.04305578
    0.04133215
    0.21441871
    0.04782538
