           1           2   1.7164146187523244     
           2           3   1.1215789045972628     
           3           4   1.2429770724888514     
           4           5   1.2478836608511656     
           5           6   1.2373506022893479     
           6           7   1.5923409616328414     
           7           8   1.2240174455821307     
           5           9   1.2260207951683051     
           8           9   1.2020169057111696     
           8          10   1.3443713980602592     
          10          11   1.3571343739095931     
          11          12   1.1068129400873148     
          12          13   1.7309383474058708     
          13          14   1.1088588838292239     
          11          15   1.3240521877042077     
          14          15   1.3251927653355642     
          14          16   1.3537979005503247     
          16          17   1.3464616155205695     
          17          18   1.2157620494123891     
          18          19   1.6079542038453385     
          19          20   1.2153466940474034     
          17          21   1.2097907168557325     
          20          21   1.2113149510336856     
          20          22   1.3415678595029070     
           1          23   1.1150498847150663     
          22          23   1.3670545962227001     
           3          24   1.3624813721965308     
          23          24   1.2983391330413667     
           1          25  0.97278452669076754     
           2          26  0.97151825263556235     
           6          27  0.97187195176420460     
           7          28  0.97291702065821040     
           9          29  0.89993330941337168     
          10          30  0.96369252231093583     
          12          31  0.97274120126341412     
          13          32  0.97279192696484096     
          16          33  0.96471795966764584     
          18          34  0.97289035437637650     
          19          35  0.97282306112363204     
          21          36  0.90032311943959886     
          22          37  0.96353415252243968     
          38          39   1.7164444353335464     
          39          40   1.1215506332836780     
          40          41   1.2429336709708090     
          41          42   1.2477170399006563     
          42          43   1.2373820733323684     
          43          44   1.5922827677003166     
          44          45   1.2240817478916115     
          42          46   1.2261184053929688     
          45          46   1.2019387805008623     
          45          47   1.3443659800620178     
          47          48   1.3571384673685862     
          48          49   1.1068483360770600     
          49          50   1.7308847007626169     
          50          51   1.1089107083430507     
          48          52   1.3240087178135951     
          51          52   1.3251633622038514     
          51          53   1.3537668144217849     
          53          54   1.3464916578965052     
          54          55   1.2157792903963816     
          55          56   1.6079630342273705     
          56          57   1.2153114132819072     
          54          58   1.2097377281875943     
          57          58   1.2113807136025756     
          57          59   1.3415302649968874     
          38          60   1.1150084717955338     
          59          60   1.3670928564501190     
          40          61   1.3625747998711610     
          60          61   1.2983433643480533     
          38          62  0.97278596425146657     
          39          63  0.97152174508036948     
          43          64  0.97187150650468734     
          44          65  0.97291742946445214     
          46          66  0.89996278647813555     
          47          67  0.96369215513362017     
          49          68  0.97274122951841913     
          50          69  0.97279127091661932     
          53          70  0.96471956166830841     
          55          71  0.97289066434577476     
          56          72  0.97282206021284179     
          58          73  0.90027873590979712     
          59          74  0.96353229977408661     
           4          75   1.1920707577476999     
          75          76   2.4606671302364571     
          76          77   1.3110847345673640     
          75          78  0.20163490128776868     
          77          78   2.4582711340761150     
          79          80   2.4541622084439636     
          80          81   1.3146081843491679     
          79          82  0.20107599312701621     
          81          82   2.4539923967157220     
          83          84   2.4536529213247289     
          84          85   1.3148858610897225     
          83          86  0.20104060450731448     
          85          86   2.4536778697978732     
          87          88   2.4536978365408673     
          88          89   1.3148641320989527     
          87          90  0.20102814441518813     
          89          90   2.4536822335877897     
          91          92   2.4536714638883153     
          92          93   1.3148482754644482     
          91          94  0.20102624927451221     
          93          94   2.4537207300940023     
          95          96   2.4540404648910439     
          96          97   1.3146055386918543     
          95          98  0.20106228825456551     
          97          98   2.4540937566921519     
          99         100   2.4580529436471164     
         100         101   1.3112940289163000     
          41         102   1.1922791852381098     
          99         102  0.20166812137696566     
         101         102   2.4604827690832112     
         103         104   1.7154579538262418     
         104         105   1.1235094163961230     
          78         106   1.1959893212645818     
         105         106   1.2412802881773739     
         106         107   1.2432875474814795     
         107         108   1.2416472656515933     
         108         109   1.5868931162899564     
         109         110   1.2284037019449656     
         107         111   1.2265623279337818     
         110         111   1.2034269861242215     
         110         112   1.3347667347787979     
         112         113   1.3726150973463362     
         113         114   1.1150397134711494     
         114         115   1.7155530538722030     
         115         116   1.1233656672537591     
         113         117   1.2937235380345886     
         116         117   1.3642323465657968     
          79         118   1.1980889875506560     
         116         118   1.2397592630485608     
         118         119   1.2425774912108913     
         119         120   1.2416111169383823     
         120         121   1.5870339998015019     
         121         122   1.2281187544399548     
         119         123   1.2270975187958721     
         122         123   1.2028274014998848     
         122         124   1.3359067287045929     
         103         125   1.1151040804959518     
         124         125   1.3712171253367125     
         105         126   1.3628035473872200     
         125         126   1.2950732528400619     
         103         127  0.97277059916104658     
         104         128  0.97164048081044796     
         108         129  0.97203075735100741     
         109         130  0.97291907073652084     
         111         131  0.89781904426038439     
         112         132  0.96300023535007839     
         114         133  0.97276591736280815     
         115         134  0.97163590330270233     
         120         135  0.97204669542543043     
         121         136  0.97291656803509929     
         123         137  0.89770565286418869     
         124         138  0.96299879433015934     
         139         140   1.7153524110998433     
         140         141   1.1234939485719055     
          82         142   1.1983336514306799     
         141         142   1.2397064004842988     
         142         143   1.2423891269891756     
         143         144   1.2419776553564159     
         144         145   1.5864823162804560     
         145         146   1.2286443506746862     
         143         147   1.2269508905829949     
         146         147   1.2032250833149336     
         146         148   1.3347239861503146     
         148         149   1.3727021473197378     
         149         150   1.1151381091845771     
         150         151   1.7154996725631555     
         151         152   1.1233470645703711     
         149         153   1.2934675771194981     
         152         153   1.3645488820794940     
          83         154   1.1985040658822337     
         152         154   1.2393119403358615     
         154         155   1.2425045532784718     
         155         156   1.2418048282061525     
         156         157   1.5866553656521116     
         157         158   1.2284990293239204     
         155         159   1.2270926464281473     
         158         159   1.2029905716780627     
         158         160   1.3351814520391581     
         139         161   1.1152211787294195     
         160         161   1.3721803353778979     
         141         162   1.3641126682731042     
         161         162   1.2938806415654449     
         139         163  0.97276464591012746     
         140         164  0.97162379587582870     
         144         165  0.97204107564075937     
         145         166  0.97291442002356898     
         147         167  0.89783683065599251     
         148         168  0.96299066998138116     
         150         169  0.97276279414867040     
         151         170  0.97162616224394516     
         156         171  0.97204827976751240     
         157         172  0.97291481608999586     
         159         173  0.89785177822899032     
         160         174  0.96299180128009632     
         175         176   1.7154685870700690     
         176         177   1.1233808478384957     
          86         178   1.1984730344747441     
         177         178   1.2396032358930840     
         178         179   1.2423031666947952     
         179         180   1.2419384591151634     
         180         181   1.5864698215080169     
         181         182   1.2286985167349103     
         179         183   1.2270768083915424     
         182         183   1.2030421618204352     
         182         184   1.3348676227315583     
         184         185   1.3725524614700062     
         185         186   1.1151063024266814     
         186         187   1.7155236353342946     
         187         188   1.1233210145057504     
         185         189   1.2936594216420452     
         188         189   1.3644053221895487     
          87         190   1.1984551106957253     
         188         190   1.2396610285004410     
         190         191   1.2422266771555071     
         191         192   1.2418712540919281     
         192         193   1.5865368633860348     
         193         194   1.2286612295579140     
         191         195   1.2271435617055939     
         194         195   1.2029342024009591     
         194         196   1.3350250166309059     
         175         197   1.1151477715624054     
         196         197   1.3723943488959964     
         177         198   1.3642885209635731     
         197         198   1.2937481510952880     
         175         199  0.97276283253860230     
         176         200  0.97162032503601348     
         180         201  0.97204015091475315     
         181         202  0.97291278284935756     
         183         203  0.89796808739307088     
         184         204  0.96299738945755997     
         186         205  0.97276457208654443     
         187         206  0.97162171539414066     
         192         207  0.97203802701367881     
         193         208  0.97291240744956653     
         195         209  0.89799775856683717     
         196         210  0.96299587675758780     
         211         212   1.7155019591993630     
         212         213   1.1233607431339110     
          90         214   1.1984924117830371     
         213         214   1.2394319670270277     
         214         215   1.2424285253502729     
         215         216   1.2418968213048276     
         216         217   1.5865136771540538     
         217         218   1.2286415420912220     
         215         219   1.2270686550485266     
         218         219   1.2030412879906702     
         218         220   1.3349563736608050     
         220         221   1.3724575350225661     
         221         222   1.1151423818110733     
         222         223   1.7154667073634242     
         223         224   1.1234065104938702     
         221         225   1.2936754564309803     
         224         225   1.3643828430970957     
          91         226   1.1985000701988979     
         224         226   1.2393315020617672     
         226         227   1.2425294345057039     
         227         228   1.2419014976374791     
         228         229   1.5864978692858713     
         229         230   1.2286614843408106     
         227         231   1.2270302538497817     
         230         231   1.2030987887204623     
         230         232   1.3348660028861330     
         211         233   1.1151253584260652     
         232         233   1.3725442820780207     
         213         234   1.3644091786609669     
         233         234   1.2936228093425997     
         211         235  0.97276187978606876     
         212         236  0.97161579518053265     
         216         237  0.97204524957208605     
         217         238  0.97291465721837311     
         219         239  0.89792223787966607     
         220         240  0.96299254828339687     
         222         241  0.97276097672131623     
         223         242  0.97162176914450693     
         228         243  0.97204328870525214     
         229         244  0.97291550759862344     
         231         245  0.89793620324006729     
         232         246  0.96299502795894021     
         247         248   1.7155073952076667     
         248         249   1.1233902662361221     
          94         250   1.1984591198213059     
         249         250   1.2395904216542519     
         250         251   1.2422734623056815     
         251         252   1.2418130570549970     
         252         253   1.5866728697066494     
         253         254   1.2284900925107478     
         251         255   1.2271854500204566     
         254         255   1.2029217802929817     
         254         256   1.3352366125068040     
         256         257   1.3721166054873442     
         257         258   1.1151978938195415     
         258         259   1.7153379673882072     
         259         260   1.1235306114463353     
         257         261   1.2939848114389523     
         260         261   1.3639889276070079     
          95         262   1.1983210771470736     
         260         262   1.2398910327448263     
         262         263   1.2422046071353112     
         263         264   1.2419991889178248     
         264         265   1.5864744972038292     
         265         266   1.2286556710373162     
         263         267   1.2270289640554761     
         266         267   1.2031491708179440     
         266         268   1.3347752549114809     
         247         269   1.1150818976225427     
         268         269   1.3726158112821949     
         249         270   1.3643530886043065     
         269         270   1.2936510052637546     
         247         271  0.97276450797472303     
         248         272  0.97164003702058099     
         252         273  0.97204021773575700     
         253         274  0.97291391524044790     
         255         275  0.89782693341391817     
         256         276  0.96298566934604335     
         258         277  0.97276553910725228     
         259         278  0.97163436768851996     
         264         279  0.97203711278849558     
         265         280  0.97291393375390978     
         267         281  0.89781663140410506     
         268         282  0.96298495211787249     
         283         284   1.7154953172124698     
         284         285   1.1234674673883898     
          98         286   1.1981749474816068     
         285         286   1.2395984586123969     
         286         287   1.2426664095998974     
         287         288   1.2416237360721261     
         288         289   1.5870277926356702     
         289         290   1.2280924941073541     
         287         291   1.2270930618048914     
         290         291   1.2028955655083817     
         290         292   1.3358563791645002     
         292         293   1.3712787138135680     
         293         294   1.1150949299280741     
         294         295   1.7154539937493194     
         295         296   1.1235092223064167     
         293         297   1.2950015214294817     
         296         297   1.3629240900792510     
          99         298   1.1962497313494955     
         296         298   1.2411523326145957     
         298         299   1.2431736717174713     
         299         300   1.2417180919062445     
         300         301   1.5868365582949739     
         301         302   1.2284105652552195     
         299         303   1.2265889200424689     
         302         303   1.2034385334711986     
         302         304   1.3347497536634672     
         283         305   1.1150392626437833     
         304         305   1.3726161935737062     
         285         306   1.3641706867413299     
         305         306   1.2937220490694901     
         283         307  0.97276417263357273     
         284         308  0.97164240212547470     
         288         309  0.97205167144656057     
         289         310  0.97291683734529011     
         291         311  0.89757308541512903     
         292         312  0.96299381429058051     
         294         313  0.97276981673343033     
         295         314  0.97163484746069773     
         300         315  0.97204009575821215     
         301         316  0.97292003434348395     
         303         317  0.89774980798417081     
         304         318  0.96299111085255629     
