   -0.05456304
   -0.05309323
    0.08703512
    0.01130827
    0.06406596
   -0.04980366
   -0.05180051
    0.06455209
   -0.08161610
   -0.05531057
    0.08690463
   -0.05374628
   -0.05374055
    0.08647486
   -0.32102903
   -0.05677293
    0.06503373
   -0.05097223
   -0.05080538
    0.06582657
   -0.08106255
   -0.05512955
    0.08583475
   -0.32494833
    0.01887677
    0.02135496
    0.04304068
    0.04130747
    0.21412600
    0.04682817
    0.01944860
    0.01950561
    0.04614671
    0.04197794
    0.04196159
    0.21444501
    0.04710409
   -0.05465706
   -0.05297581
    0.08717021
    0.01137930
    0.06402542
   -0.04997312
   -0.05173487
    0.06443705
   -0.08126730
   -0.05503241
    0.08686701
   -0.05372187
   -0.05374986
    0.08648883
   -0.32090795
   -0.05671306
    0.06502767
   -0.05099391
   -0.05083008
    0.06579079
   -0.08099620
   -0.05504181
    0.08572431
   -0.32507085
    0.01867247
    0.02120142
    0.04330975
    0.04147515
    0.21415788
    0.04699637
    0.01950588
    0.01954200
    0.04618691
    0.04196954
    0.04193799
    0.21438258
    0.04704712
   -0.01991493
   -0.01181638
   -0.00276604
   -0.00345245
   -0.01101681
   -0.02069157
   -0.02098408
   -0.01109195
   -0.00362913
   -0.00303755
   -0.01190837
   -0.02017414
   -0.05434543
   -0.05263168
    0.08704130
    0.01178467
    0.06351619
   -0.05024447
   -0.05170854
    0.06432884
   -0.08155002
   -0.05303509
    0.08547046
   -0.05442183
   -0.05305661
    0.08692436
   -0.32423534
    0.01164404
    0.06377661
   -0.04995151
   -0.05169565
    0.06435612
   -0.08180554
   -0.05311300
    0.08565646
   -0.32446640
    0.01895636
    0.02132559
    0.04302027
    0.04140215
    0.21462450
    0.04774591
    0.01895880
    0.02132188
    0.04308578
    0.04132752
    0.21440484
    0.04767665
