           1           2   1.7172945154870163     
           2           3   1.1211915755479014     
           3           4   1.2456503190753860     
           4           5   1.2515548393898741     
           5           6   1.2360112689822715     
           6           7   1.5937866457184786     
           7           8   1.2231373599922613     
           5           9   1.2242141586780846     
           8           9   1.2026921924347480     
           8          10   1.3448298519383652     
          10          11   1.3569267526069577     
          11          12   1.1066151829310160     
          12          13   1.7311192319004332     
          13          14   1.1087939916119747     
          11          15   1.3244894304404602     
          14          15   1.3250811340356148     
          14          16   1.3539380119114190     
          16          17   1.3470178544277913     
          17          18   1.2153079887206260     
          18          19   1.6088960219226816     
          19          20   1.2144756981661260     
          17          21   1.2097441863411420     
          20          21   1.2112252393757070     
          20          22   1.3431193722716563     
           1          23   1.1144974033618329     
          22          23   1.3651106250174965     
           3          24   1.3588371192574433     
          23          24   1.3009851638857386     
           1          25  0.97276911753808470     
           2          26  0.97133686312086809     
           6          27  0.97184229040229486     
           7          28  0.97292509303226549     
           9          29  0.89986282045950117     
          10          30  0.96370776498522936     
          12          31  0.97274168106483472     
          13          32  0.97278919931649643     
          16          33  0.96473619129555854     
          18          34  0.97288670409721800     
          19          35  0.97281602551855761     
          21          36  0.90015872040402600     
          22          37  0.96352291977112392     
          38          39   1.7167296842507034     
          39          40   1.1215073623166665     
          40          41   1.2448142282032235     
          41          42   1.2480886724260285     
          42          43   1.2369342822506251     
          43          44   1.5929092742386226     
          44          45   1.2237401474772935     
          42          46   1.2253607111582738     
          45          46   1.2021095100436980     
          45          47   1.3445964017232677     
          47          48   1.3571212569775946     
          48          49   1.1067225422076876     
          49          50   1.7310131130449085     
          50          51   1.1088442551596027     
          48          52   1.3241717194881428     
          51          52   1.3252319649678397     
          51          53   1.3537414926441698     
          53          54   1.3468957668262578     
          54          55   1.2154764782972038     
          55          56   1.6085779933282189     
          56          57   1.2147523880312794     
          54          58   1.2096965937824593     
          57          58   1.2112567815823796     
          57          59   1.3425522561305518     
          38          60   1.1147176808478776     
          59          60   1.3657463598225226     
          40          61   1.3602251514769885     
          60          61   1.3000893733047487     
          38          62  0.97279006748052155     
          39          63  0.97139794279689706     
          43          64  0.97181419316475071     
          44          65  0.97290961359277994     
          46          66  0.89986740863827852     
          47          67  0.96367976122089283     
          49          68  0.97274187611090435     
          50          69  0.97279201280444094     
          53          70  0.96473234545588327     
          55          71  0.97288672697288547     
          56          72  0.97281869609161353     
          58          73  0.90021822595991652     
          59          74  0.96353401860011001     
           4          75   1.1859313323574756     
          75          76   2.4428102170335375     
          76          77   1.3288139371862049     
          75          78  0.19105243403554664     
          77          78   2.3578764179560445     
          78          79   1.3298697832578537     
          77          80  0.19075570933049535     
          79          80   2.4392987923016838     
          81          82   2.4346783416739028     
          82          83   1.3343974336831546     
          81          84  0.19124328757220818     
          83          84   2.3531562172114029     
          84          85   1.3332644587419120     
          41          86   1.1903525328054676     
          83          86  0.19146005335626348     
          85          86   2.4385078215673008     
          87          88   1.7161762648360404     
          88          89   1.1230932025941727     
          80          90   1.1902676845617213     
          89          90   1.2456061108528469     
          90          91   1.2447441004158601     
          91          92   1.2401202064471495     
          92          93   1.5887736237546228     
          93          94   1.2269646049672382     
          91          95   1.2256189810627065     
          94          95   1.2034292160038165     
          94          96   1.3365830575919919     
          96          97   1.3704516590220910     
          97          98   1.1148795471108510     
          98          99   1.7157041855730646     
          99         100   1.1232828055906383     
          97         101   1.2958169581748793     
         100         101   1.3617029853326621     
          81         102   1.1948007641112128     
         100         102   1.2406870137384434     
         102         103   1.2456133952070840     
         103         104   1.2402759697441881     
         104         105   1.5887809880767345     
         105         106   1.2266480739798036     
         103         107   1.2256026645800169     
         106         107   1.2034116572513542     
         106         108   1.3373369143627352     
          87         109   1.1143500189961857     
         108         109   1.3688696602629775     
          89         110   1.3587147692433839     
         109         110   1.2983003107149766     
          87         111  0.97276785805282506     
          88         112  0.97150935407191574     
          92         113  0.97197501221159344     
          93         114  0.97289911192539402     
          95         115  0.89738603210573986     
          96         116  0.96303036307315359     
          98         117  0.97275340802036281     
          99         118  0.97150236478584984     
         104         119  0.97202876221368173     
         105         120  0.97291450010005964     
         107         121  0.89747710837625705     
         108         122  0.96307335651936776     
