    0.09845676
   -0.05331866
   -0.05136612
    0.07193923
    0.01838188
    0.07187493
   -0.05192869
   -0.05330494
    0.07170158
   -0.13041279
   -0.05026039
    0.07266833
   -0.05237025
   -0.05247767
    0.07296160
   -0.12910397
   -0.05185658
    0.07296511
   -0.05245539
   -0.05238453
    0.07265842
   -0.12910663
   -0.05028967
    0.07167909
   -0.13040036
    0.03391282
    0.03470165
    0.03599608
    0.03393007
    0.04933091
    0.03418768
    0.03410245
    0.04869579
    0.03410330
    0.03417068
    0.04930497
   -0.02889246
   -0.02970597
    0.09925307
   -0.05326012
   -0.05195643
    0.07151440
    0.01905154
    0.07177870
   -0.05114230
   -0.05335168
    0.07151514
   -0.13013105
   -0.04978576
    0.07245047
   -0.05233963
   -0.05247167
    0.07274117
   -0.12863534
   -0.05135573
    0.07272646
   -0.05244657
   -0.05239852
    0.07240520
   -0.12862862
   -0.04973964
    0.07139593
   -0.12957338
    0.03419080
    0.03598651
    0.03504604
    0.03403032
    0.04943600
    0.03437773
    0.03426724
    0.04884898
    0.03428022
    0.03433259
    0.04949967
