           2           3   1.6432354773254239     
           3           4   1.1815983377935619     
           4           5   1.2650419910706505     
           5           6   1.2644534158662870     
           6           7   1.1813232104955220     
           7           8   1.6433985359477257     
           8           9   1.1733629288528709     
           1          10  0.72156974416608655     
           6          10   1.2594085371801680     
           9          10   1.2294079746506841     
           9          11   1.3585339933029399     
          11          12   1.3590623108913307     
          12          13   1.1653905176549642     
          13          14   1.6576046471979609     
          14          15   1.1650440945281522     
           1          16  0.72435049316674460     
          12          16   1.2386011703371849     
          15          16   1.2419930036797058     
          15          17   1.3574702729629065     
          17          18   1.3578458552136436     
          18          19   1.1649392548050583     
          19          20   1.6575432633578222     
          20          21   1.1656259623380052     
           1          22  0.72428908343398701     
          18          22   1.2416592011112553     
          21          22   1.2390162125990187     
          21          23   1.3585387042528239     
           2          24   1.1732498915716210     
          23          24   1.3590708828081459     
           1          25  0.72207531427747673     
           4          25   1.2595843637881217     
          24          25   1.2289317098451811     
           2          26  0.97200444752630633     
           3          27  0.96805443253016144     
           7          28  0.96866850158029039     
           8          29  0.97199862468340770     
          11          30  0.96333696691063919     
          13          31  0.97192458642801682     
          14          32  0.97195223982481227     
          17          33  0.96363394230548682     
          19          34  0.97195592848151702     
          20          35  0.97192775464036174     
          23          36  0.96334296792943008     
           5          37   1.1605371646844238     
          37          38   2.5883384825711966     
          40          41   1.6422856696647623     
          41          42   1.1820426094360381     
          38          43   1.1622252291490256     
          42          43   1.2608606576033241     
          43          44   1.2646492158061937     
          44          45   1.1816695141781794     
          45          46   1.6423663168658096     
          46          47   1.1737206853289832     
          39          48  0.72285126008953760     
          44          48   1.2580726603524637     
          47          48   1.2298473503069425     
          47          49   1.3562733401305671     
          49          50   1.3583427883989481     
          50          51   1.1654558355824025     
          51          52   1.6568152313978979     
          52          53   1.1654198056111549     
          39          54  0.72624141295844735     
          50          54   1.2374315105090041     
          53          54   1.2417602315433238     
          53          55   1.3555958911694641     
          55          56   1.3568857194298198     
          56          57   1.1651678718158158     
          57          58   1.6564973074591176     
          58          59   1.1662061189039650     
          39          60  0.72579949724671444     
          56          60   1.2405391709018847     
          59          60   1.2391165090612526     
          59          61   1.3561836492927872     
          40          62   1.1735379062019176     
          61          62   1.3587570794797543     
          39          63  0.72403182768234242     
          42          63   1.2604339131552926     
          62          63   1.2269302504114004     
          40          64  0.97198479614524147     
          41          65  0.96875020972401915     
          45          66  0.96820601717772103     
          46          67  0.97201421837997537     
          49          68  0.96352178876219396     
          51          69  0.97192090068136294     
          52          70  0.97194690994011512     
          55          71  0.96379270046057597     
          57          72  0.97195919510125239     
          58          73  0.97192972791854848     
          61          74  0.96351047524255118     
