    0.24477306
   -0.05189851
   -0.05051358
    0.07743000
    0.01646651
    0.07745711
   -0.05046590
   -0.05190243
    0.07570026
   -0.17696380
   -0.04966102
    0.07699040
   -0.05096641
   -0.05110204
    0.07746528
   -0.17473607
   -0.05144235
    0.07746627
   -0.05110390
   -0.05096767
    0.07698882
   -0.17475003
   -0.04965189
    0.07569261
   -0.17692018
    0.03382378
    0.03581100
    0.03580119
    0.03380755
    0.04932803
    0.03440627
    0.03431097
    0.04869586
    0.03430966
    0.03440462
    0.04933588
    0.24476617
   -0.05189962
   -0.05050791
    0.07741552
    0.01646716
    0.07744390
   -0.05045653
   -0.05190166
    0.07571521
   -0.17697645
   -0.04968587
    0.07699269
   -0.05096715
   -0.05110085
    0.07746610
   -0.17474375
   -0.05145498
    0.07746767
   -0.05110302
   -0.05096830
    0.07699108
   -0.17475817
   -0.04967500
    0.07570732
   -0.17693780
    0.03382420
    0.03580179
    0.03579011
    0.03380852
    0.04931755
    0.03440279
    0.03430739
    0.04868821
    0.03430549
    0.03440132
    0.04932593
   -0.01892832
   -0.01078806
   -0.00185713
   -0.00263165
   -0.01006243
   -0.01975607
   -0.01910683
   -0.01036346
   -0.00195370
   -0.00217704
   -0.01014233
   -0.01932855
   -0.01915700
   -0.01023833
   -0.00198520
   -0.00203984
   -0.01018310
   -0.01921219
   -0.01921001
   -0.01017917
   -0.00204514
   -0.00198920
   -0.01023273
   -0.01915399
   -0.01933257
   -0.01014003
   -0.00218320
   -0.00195984
   -0.01036004
   -0.01911052
   -0.01971889
   -0.01003911
   -0.00260359
   -0.00182034
   -0.01077760
   -0.01888360
    0.24663850
   -0.05170610
   -0.05048208
    0.07763206
    0.01691903
    0.07765769
   -0.05045148
   -0.05170939
    0.07527705
   -0.17703367
   -0.04744928
    0.07523002
   -0.05165697
   -0.05055714
    0.07774777
   -0.17705589
    0.01653093
    0.07775902
   -0.05054497
   -0.05165736
    0.07523191
   -0.17708264
   -0.04744668
    0.07527042
   -0.17699857
    0.03401858
    0.03597176
    0.03597089
    0.03400752
    0.05009377
    0.03402578
    0.03585868
    0.03585587
    0.03401811
    0.05009493
    0.24669269
   -0.05165143
   -0.05049410
    0.07773563
    0.01677638
    0.07772447
   -0.05050752
   -0.05164895
    0.07527203
   -0.17696907
   -0.04735026
    0.07526387
   -0.05163532
   -0.05052173
    0.07776018
   -0.17699354
    0.01666559
    0.07775919
   -0.05052345
   -0.05163533
    0.07526458
   -0.17699231
   -0.04735103
    0.07527342
   -0.17697625
    0.03410498
    0.03597037
    0.03597288
    0.03410864
    0.05019071
    0.03410702
    0.03593441
    0.03593324
    0.03410714
    0.05018962
    0.24670233
   -0.05163574
   -0.05051096
    0.07775329
    0.01672465
    0.07775537
   -0.05050814
   -0.05163459
    0.07527680
   -0.17697663
   -0.04733617
    0.07527589
   -0.05163492
   -0.05051026
    0.07775088
   -0.17696383
    0.01672347
    0.07775701
   -0.05050767
   -0.05163569
    0.07527721
   -0.17698136
   -0.04733689
    0.07527623
   -0.17696916
    0.03412786
    0.03596335
    0.03596242
    0.03412568
    0.05020986
    0.03412756
    0.03596076
    0.03596457
    0.03412582
    0.05020919
    0.24669173
   -0.05163757
   -0.05052109
    0.07776588
    0.01666412
    0.07775326
   -0.05052389
   -0.05163521
    0.07526285
   -0.17698557
   -0.04735127
    0.07527305
   -0.05165147
   -0.05049443
    0.07773519
   -0.17697546
    0.01677985
    0.07772444
   -0.05050409
   -0.05165040
    0.07527215
   -0.17697028
   -0.04735248
    0.07526500
   -0.17700088
    0.03410513
    0.03593612
    0.03592959
    0.03410647
    0.05019022
    0.03410307
    0.03597282
    0.03597035
    0.03410851
    0.05018949
    0.24663176
   -0.05165603
   -0.05055775
    0.07774207
    0.01652724
    0.07776561
   -0.05053210
   -0.05165697
    0.07524209
   -0.17709381
   -0.04747270
    0.07529205
   -0.05170481
   -0.05046281
    0.07763187
   -0.17701886
    0.01692462
    0.07763669
   -0.05044952
   -0.05170628
    0.07529209
   -0.17703827
   -0.04746786
    0.07523448
   -0.17705167
    0.03402865
    0.03586163
    0.03585889
    0.03401749
    0.05008776
    0.03402096
    0.03596813
    0.03597103
    0.03401600
    0.05009250
