           2           3   1.6503678305115139     
           3           4   1.1793457863392156     
           4           5   1.2502559489680241     
           5           6   1.2505671221775780     
           6           7   1.1793457603866484     
           7           8   1.6503590767129261     
           8           9   1.1710950550866117     
           1          10  0.48894735066471973     
           6          10   1.2863095827876525     
           9          10   1.2464982708666177     
           9          11   1.3578279584353599     
          11          12   1.3537990121295849     
          12          13   1.1627999916438347     
          13          14   1.6656560697244052     
          14          15   1.1620141058838036     
           1          16  0.49136779380913415     
          12          16   1.2609718196342981     
          15          16   1.2632166187661253     
          15          17   1.3541159123036701     
          17          18   1.3540962661038167     
          18          19   1.1620108070014528     
          19          20   1.6656506757573788     
          20          21   1.1628048708493008     
           1          22  0.49130355308279133     
          18          22   1.2632398399083726     
          21          22   1.2609874892708630     
          21          23   1.3537789660412305     
           2          24   1.1711090065688909     
          23          24   1.3578768476575662     
           1          25  0.48895166420953773     
           4          25   1.2864007076643431     
          24          25   1.2464113245888393     
           2          26  0.97242152143521554     
           3          27  0.97087992800763989     
           7          28  0.97088512840555030     
           8          29  0.97242440808542385     
          11          30  0.96389779738376591     
          13          31  0.97232790454847839     
          14          32  0.97235154365192300     
          17          33  0.96422124727302871     
          19          34  0.97235229709096993     
          20          35  0.97232787831173395     
          23          36  0.96389440812009042     
          38          39   1.6504389666790968     
          39          40   1.1792869893424416     
          40          41   1.2505376806633375     
          41          42   1.2508679427810871     
          42          43   1.1792852827726925     
          43          44   1.6504338246550874     
          44          45   1.1710616149015556     
          37          46  0.48896105397405393     
          42          46   1.2861300296178606     
          45          46   1.2466173127809814     
          45          47   1.3577573380579824     
          47          48   1.3538667598479117     
          48          49   1.1627659835595801     
          49          50   1.6656981368609993     
          50          51   1.1619931338050371     
          37          52  0.49138711539890229     
          48          52   1.2609664039377106     
          51          52   1.2632139929949553     
          51          53   1.3541394926494259     
          53          54   1.3541114789239079     
          54          55   1.1619931167103505     
          55          56   1.6656842300191730     
          56          57   1.1627802654715749     
          37          58  0.49132325532992671     
          54          58   1.2632429381266326     
          57          58   1.2609717785968024     
          57          59   1.3538481877507822     
          38          60   1.1710761600102604     
          59          60   1.3578102605785096     
          37          61  0.48895592678557831     
          40          61   1.2862322850477421     
          60          61   1.2465256423748383     
          38          62  0.97242114571668914     
          39          63  0.97087372122318316     
          43          64  0.97088250455770131     
          44          65  0.97242362882153865     
          47          66  0.96389920114907257     
          49          67  0.97232812930100165     
          50          68  0.97235134848838545     
          53          69  0.96422170667151086     
          55          70  0.97235214070616149     
          56          71  0.97232775908582469     
          59          72  0.96389533628331137     
           5          73   1.1877813295018687     
          73          74   2.4417014357235272     
          74          75   1.3330362247145178     
          73          76  0.19280553797144351     
          75          76   2.3555833141716174     
          76          77   1.3338308812982311     
          75          78  0.19257204595119762     
          77          78   2.4391385768940372     
          79          80   2.4370157545902855     
          80          81   1.3356452350105932     
          79          82  0.19235662147426436     
          81          82   2.3522891724788093     
          82          83   1.3356588889438468     
          81          84  0.19233014287304276     
          83          84   2.4369425127513917     
          85          86   2.4367667405516831     
          86          87   1.3357909879022718     
          85          88  0.19233695208491122     
          87          88   2.3521256448514665     
          88          89   1.3357878959346094     
          87          90  0.19233055437331348     
          89          90   2.4367697479995827     
          91          92   2.4368115121974583     
          92          93   1.3357648723287876     
          91          94  0.19232916372480224     
          93          94   2.3521353373708473     
          94          95   1.3357776294298944     
          93          96  0.19234191265135042     
          95          96   2.4368009825564454     
          97          98   2.4370163653180406     
          98          99   1.3355885498149338     
          97         100  0.19233295617303692     
          99         100   2.3524024188470807     
         100         101   1.3355483230208611     
          99         102  0.19235312468671661     
         101         102   2.4371610891482112     
         103         104   2.4397884989449232     
         104         105   1.3331918694929608     
         103         106  0.19249378199866854     
         105         106   2.3562650058618551     
         106         107   1.3323967773462941     
          41         108   1.1871860107946350     
         105         108  0.19272585426979610     
         107         108   2.4423347017587584     
         110         111   1.6476855658219420     
         111         112   1.1810693428989834     
          78         113   1.1905189115788106     
         112         113   1.2477869954306127     
         113         114   1.2479999296212907     
         114         115   1.1810447902300774     
         115         116   1.6476944389569153     
         116         117   1.1734356391330691     
         109         118  0.48874040439444161     
         114         118   1.2875194797065399     
         117         118   1.2446445849821870     
         117         119   1.3558240420072014     
         119         120   1.3569105114441777     
         120         121   1.1731791885535032     
         121         122   1.6479809479632510     
         122         123   1.1808144608484361     
         109         124  0.48878234382487151     
         120         124   1.2439594622634971     
         123         124   1.2881640830870624     
          79         125   1.1914976055191870     
         123         125   1.2473077019838645     
         125         126   1.2474166916393969     
         126         127   1.1808111406217625     
         127         128   1.6479764070255349     
         128         129   1.1731759045465182     
         109         130  0.48874247277132438     
         126         130   1.2881428434915592     
         129         130   1.2439928882958244     
         129         131   1.3568926871020430     
         110         132   1.1734514107545400     
         131         132   1.3558461205620806     
         109         133  0.48877224569163069     
         112         133   1.2875556550362843     
         132         133   1.2445944678147760     
         110         134  0.97240393800939173     
         111         135  0.97088614594992562     
         115         136  0.97088292869916892     
         116         137  0.97240536615213347     
         119         138  0.96355637497474333     
         121         139  0.97240498397671282     
         122         140  0.97088508413523511     
         127         141  0.97088861586425823     
         128         142  0.97240590967270180     
         131         143  0.96355515111022649     
         145         146   1.6477236161075011     
         146         147   1.1809815008621687     
          84         148   1.1916237515362393     
         147         148   1.2473369154901306     
         148         149   1.2472919061530174     
         149         150   1.1809985959114939     
         150         151   1.6477132256387459     
         151         152   1.1734098860073563     
         144         153  0.48872582115308938     
         149         153   1.2880076589674556     
         152         153   1.2442308884736613     
         152         154   1.3562538133247637     
         154         155   1.3565687544226162     
         155         156   1.1733056371568851     
         156         157   1.6478418622381454     
         157         158   1.1808868225645488     
         144         159  0.48872541801955521     
         155         159   1.2440699858976065     
         158         159   1.2881527964982504     
          85         160   1.1916868299591092     
         158         160   1.2472665344622498     
         160         161   1.2472691339471713     
         161         162   1.1808848473787783     
         162         163   1.6478411380057723     
         163         164   1.1733082327672009     
         144         165  0.48872194182222123     
         161         165   1.2881523708271989     
         164         165   1.2440677221703149     
         164         166   1.3565655855065029     
         145         167   1.1734003180907966     
         166         167   1.3562605709222377     
         144         168  0.48872411813843702     
         147         168   1.2880237005864743     
         167         168   1.2442319703649158     
         145         169  0.97240005947479113     
         146         170  0.97087657323632715     
         150         171  0.97088492845712193     
         151         172  0.97239965853125754     
         154         173  0.96354549206538920     
         156         174  0.97240008491621643     
         157         175  0.97088135354235117     
         162         176  0.97088170671638918     
         163         177  0.97239970688749577     
         166         178  0.96354630545872455     
         180         181   1.6477812935535336     
         181         182   1.1809271112369004     
          90         183   1.1916998553387808     
         182         183   1.2472480219564019     
         183         184   1.2472944989498291     
         184         185   1.1809252351401938     
         185         186   1.6477836370075987     
         186         187   1.1733551650686314     
         179         188  0.48871744485685820     
         184         188   1.2881013620298889     
         187         188   1.2441398930049050     
         187         189   1.3564217266612788     
         189         190   1.3564190086136052     
         190         191   1.1733616383390106     
         191         192   1.6477757553252765     
         192         193   1.1809401014798462     
         179         194  0.48873440316442079     
         190         194   1.2441330718464692     
         193         194   1.2881034286069204     
          91         195   1.1916810497012671     
         193         195   1.2472474445376687     
         195         196   1.2473065017606464     
         196         197   1.1809139302613099     
         197         198   1.6477898260179211     
         198         199   1.1733534690040477     
         179         200  0.48871092771460650     
         196         200   1.2881097784321376     
         199         200   1.2441361566794082     
         199         201   1.3564240189036783     
         180         202   1.1733605390854929     
         201         202   1.3564246250400178     
         179         203  0.48872586819331426     
         182         203   1.2881176986474885     
         202         203   1.2441261309135998     
         180         204  0.97239875080896898     
         181         205  0.97087900290525264     
         185         206  0.97088186671425125     
         186         207  0.97239903782988191     
         189         208  0.96354352299950830     
         191         209  0.97239851096191154     
         192         210  0.97088331804774342     
         197         211  0.97087768168293964     
         198         212  0.97239909362214583     
         201         213  0.96354363229995255     
         215         216   1.6478452047772072     
         216         217   1.1808755933228334     
          96         218   1.1916708406171355     
         217         218   1.2473019357389739     
         218         219   1.2472428647569245     
         219         220   1.1808992457736345     
         220         221   1.6478294794347508     
         221         222   1.1733168924865458     
         214         223  0.48872678990716328     
         219         223   1.2881494316504947     
         222         223   1.2440707236257125     
         222         224   1.3565601917661891     
         224         225   1.3562558744026667     
         225         226   1.1734052845441580     
         226         227   1.6477127955071094     
         227         228   1.1809973934198967     
         214         229  0.48873629969028110     
         225         229   1.2442396215570539     
         228         229   1.2880002298116866     
          97         230   1.1915976741356047     
         228         230   1.2473546147521750     
         230         231   1.2472982795351184     
         231         232   1.1809852562082024     
         232         233   1.6477208497031239     
         233         234   1.1734088042644499     
         214         235  0.48871592405460251     
         231         235   1.2880204546582457     
         234         235   1.2442271234998858     
         234         236   1.3562565480172102     
         215         237   1.1733024800324161     
         236         237   1.3565758625376003     
         214         238  0.48872180305690355     
         217         238   1.2881529926724054     
         237         238   1.2440661225335199     
         215         239  0.97240026570343963     
         216         240  0.97087529879030532     
         220         241  0.97088873204388382     
         221         242  0.97239980316982499     
         224         243  0.96354569823566194     
         226         244  0.97240018369654946     
         227         245  0.97087915924204593     
         232         246  0.97088282010190163     
         233         247  0.97239949382730595     
         236         248  0.96354503216683995     
         250         251   1.6480173446122781     
         251         252   1.1807975155823986     
         102         253   1.1914186557751085     
         252         253   1.2472963281938156     
         253         254   1.2475301916058481     
         254         255   1.1807831044529205     
         255         256   1.6480214910677518     
         256         257   1.1731390675280509     
         249         258  0.48875905837610212     
         254         258   1.2880958895415022     
         257         258   1.2440179873947002     
         257         259   1.3569290333311144     
         259         260   1.3558033717293672     
         260         261   1.1733998596446586     
         261         262   1.6477753642807267     
         262         263   1.1809888570662479     
         249         264  0.48878731437676898     
         260         264   1.2447030256971141     
         263         264   1.2873833246854336     
         103         265   1.1899273240532442     
         263         265   1.2481267083851808     
         265         266   1.2482332963981457     
         266         267   1.1809912070755613     
         267         268   1.6477653742248388     
         268         269   1.1734036298386972     
         249         270  0.48874691002084825     
         266         270   1.2873531536524201     
         269         270   1.2447523884475049     
         269         271   1.3557607111670433     
         250         272   1.1731547021334527     
         271         272   1.3569639857837670     
         249         273  0.48880085541605156     
         252         273   1.2881666184214062     
         272         273   1.2439523907225314     
         250         274  0.97240450973458259     
         251         275  0.97088564269596456     
         255         276  0.97088738973423405     
         256         277  0.97240574934305235     
         259         278  0.96355557110499390     
         261         279  0.97240312972796217     
         262         280  0.97087552495546170     
         267         281  0.97088511293786195     
         268         282  0.97240443186109005     
         271         283  0.96355609227769701     
