    0.19631985
   -0.05078558
   -0.04885968
    0.07820298
    0.01840730
    0.07812047
   -0.04911723
   -0.05078874
    0.07705690
   -0.17113787
   -0.04974127
    0.07828465
   -0.04972291
   -0.04988495
    0.07903392
   -0.16974998
   -0.05146198
    0.07902942
   -0.04989758
   -0.04973455
    0.07829752
   -0.16980045
   -0.04976509
    0.07707784
   -0.17115295
    0.03433202
    0.03507639
    0.03541473
    0.03433660
    0.04971476
    0.03484327
    0.03478545
    0.04895099
    0.03478345
    0.03485032
    0.04970250
    0.19623921
   -0.05077861
   -0.04894679
    0.07816044
    0.01839582
    0.07813854
   -0.04904607
   -0.05078703
    0.07708329
   -0.17116558
   -0.04976462
    0.07830270
   -0.04974270
   -0.04990714
    0.07902383
   -0.16973440
   -0.05146804
    0.07904983
   -0.04991262
   -0.04973470
    0.07828566
   -0.16977353
   -0.04976029
    0.07709906
   -0.17120374
    0.03431575
    0.03517244
    0.03533167
    0.03431066
    0.04969040
    0.03482524
    0.03476729
    0.04893763
    0.03477073
    0.03482040
    0.04969087
   -0.02832869
   -0.02814595
   -0.02815528
   -0.02829985
    0.19755551
   -0.05078834
   -0.04914023
    0.07848388
    0.01834793
    0.07844786
   -0.04940760
   -0.05078336
    0.07658427
   -0.17233742
   -0.04777353
    0.07659649
   -0.05078664
   -0.04916980
    0.07847465
   -0.17239339
    0.01834082
    0.07848013
   -0.04937003
   -0.05074359
    0.07656684
   -0.17237085
   -0.04774591
    0.07657870
   -0.17236214
    0.03389438
    0.03433465
    0.03481646
    0.03391124
    0.04997387
    0.03390642
    0.03443799
    0.03479092
    0.03390694
    0.04996652
