           2           3   1.6511065859147196     
           3           4   1.1739630015002049     
           4           5   1.2557088851225304     
           5           6   1.2548261916382981     
           6           7   1.1742937209302917     
           7           8   1.6506985730501789     
           8           9   1.1666949847759336     
           1          10  0.53261582809165042     
           6          10   1.2870027782374809     
           9          10   1.2502021430288743     
           9          11   1.3541713332152221     
          11          12   1.3522947035746680     
          12          13   1.1578851168399471     
          13          14   1.6660702388864863     
          14          15   1.1575827010886710     
           1          16  0.53424026724843432     
          12          16   1.2631901823552163     
          15          16   1.2653868488022535     
          15          17   1.3514411040531140     
          17          18   1.3514449642018835     
          18          19   1.1577267549046659     
          19          20   1.6658299852824405     
          20          21   1.1580148269681771     
           1          22  0.53442834183047117     
          18          22   1.2652712592742426     
          21          22   1.2631607348907115     
          21          23   1.3521750808997046     
           2          24   1.1663817332760300     
          23          24   1.3542337309047323     
           1          25  0.53255568630948724     
           4          25   1.2867837437011447     
          24          25   1.2504710238995478     
           2          26  0.97230465317308301     
           3          27  0.96785303033055370     
           7          28  0.96801963424001192     
           8          29  0.97230325309179588     
          11          30  0.96383762940051865     
          13          31  0.97222124080225525     
          14          32  0.97223302870124972     
          17          33  0.96426270124172386     
          19          34  0.97223973583835477     
          20          35  0.97221933980668063     
          23          36  0.96383601872799007     
          38          39   1.6510594373600496     
          39          40   1.1739852535073507     
          40          41   1.2556327820588471     
          41          42   1.2554735167504685     
          42          43   1.1740199531663464     
          43          44   1.6509968736342830     
          44          45   1.1664920255277085     
          37          46  0.53231545862138807     
          42          46   1.2868586362423906     
          45          46   1.2505392898522880     
          45          47   1.3540614467991128     
          47          48   1.3523309751456583     
          48          49   1.1578335992467235     
          49          50   1.6660965314653691     
          50          51   1.1575374487956924     
          37          52  0.53428585485320745     
          48          52   1.2632483730186579     
          51          52   1.2653310421639004     
          51          53   1.3515570066946963     
          53          54   1.3513872581729769     
          54          55   1.1575621390628228     
          55          56   1.6660450303327425     
          56          57   1.1578899954053150     
          37          58  0.53425662311045996     
          54          58   1.2655034667220049     
          57          58   1.2630780879718815     
          57          59   1.3524095171856492     
          38          60   1.1664693940850759     
          59          60   1.3540365917493640     
          37          61  0.53224050226158004     
          40          61   1.2867787289329318     
          60          61   1.2505925361350707     
          38          62  0.97230667041197250     
          39          63  0.96804332921719871     
          43          64  0.96832133983885071     
          44          65  0.97230714847449085     
          47          66  0.96384677126747786     
          49          67  0.97222329046278122     
          50          68  0.97224522006233927     
          53          69  0.96425648379049012     
          55          70  0.97224335350702173     
          56          71  0.97222238593486954     
          59          72  0.96383938713108108     
           5          73   1.1708081634044611     
          73          74   2.5758806826374774     
          41          76   1.1702084292756869     
          75          76   2.5761703068717252     
          78          79   1.6503371991940419     
          79          80   1.1743285134838244     
          74          81   1.1722350074228649     
          80          81   1.2534701643702197     
          81          82   1.2529147741376609     
          82          83   1.1743077042648984     
          83          84   1.6503651085569224     
          84          85   1.1671532366484378     
          77          86  0.52816629985271579     
          82          86   1.2894791481368737     
          85          86   1.2495476878047982     
          85          87   1.3538028653484446     
          87          88   1.3535645095655284     
          88          89   1.1669927646637508     
          89          90   1.6505610965741884     
          90          91   1.1741263411626139     
          77          92  0.52791663594541449     
          88          92   1.2499643947664010     
          91          92   1.2892132083833570     
          75          93   1.1717040895936706     
          91          93   1.2537352885052122     
          93          94   1.2531011750177694     
          94          95   1.1741511266192648     
          95          96   1.6504754197099207     
          96          97   1.1671580566370914     
          77          98  0.52801316714351865     
          94          98   1.2896436094131172     
          97          98   1.2494279950552858     
          97          99   1.3538631911390078     
          78         100   1.1671490665123363     
          99         100   1.3535453791477232     
          77         101  0.52810218644162787     
          80         101   1.2892930754566199     
         100         101   1.2498182933166375     
          78         102  0.97234413452220025     
          79         103  0.96796709680525916     
          83         104  0.96809946270189251     
          84         105  0.97233823234074146     
          87         106  0.96356161998604295     
          89         107  0.97234365530260336     
          90         108  0.96814388169861043     
          95         109  0.96840866250548896     
          96         110  0.97233860294058339     
          99         111  0.96355460733401577     
