    0.19672372
   -0.05071746
   -0.04893027
    0.07816920
    0.01839265
    0.07817567
   -0.04899274
   -0.05072879
    0.07709531
   -0.17101784
   -0.04972260
    0.07833292
   -0.04967235
   -0.04985697
    0.07908696
   -0.16964686
   -0.05147449
    0.07908612
   -0.04986384
   -0.04967483
    0.07834424
   -0.16966677
   -0.04972492
    0.07713425
   -0.17105863
    0.03447133
    0.03533027
    0.03542590
    0.03444957
    0.04983468
    0.03497087
    0.03492670
    0.04908655
    0.03492631
    0.03497365
    0.04983483
    0.19674820
   -0.05075697
   -0.04899409
    0.07818773
    0.01844086
    0.07818920
   -0.04897518
   -0.05076177
    0.07708184
   -0.17103276
   -0.04970094
    0.07832043
   -0.04966865
   -0.04985676
    0.07909875
   -0.16967279
   -0.05145674
    0.07909591
   -0.04985807
   -0.04967172
    0.07832855
   -0.16966840
   -0.04969517
    0.07708110
   -0.17102827
    0.03444238
    0.03533758
    0.03531755
    0.03444201
    0.04984547
    0.03497419
    0.03492509
    0.04908224
    0.03492372
    0.03497163
    0.04984779
   -0.02828058
   -0.02809210
   -0.02807716
   -0.02811152
   -0.02811491
   -0.02829000
    0.19820253
   -0.05070989
   -0.04915253
    0.07855891
    0.01830398
    0.07846214
   -0.04936773
   -0.05070353
    0.07657606
   -0.17225069
   -0.04763714
    0.07652641
   -0.05073390
   -0.04917380
    0.07856833
   -0.17216273
    0.01840502
    0.07850428
   -0.04933485
   -0.05075498
    0.07653030
   -0.17215140
   -0.04765185
    0.07656264
   -0.17228759
    0.03402994
    0.03450382
    0.03484002
    0.03405038
    0.05014581
    0.03403991
    0.03467820
    0.03487263
    0.03404627
    0.05013544
    0.19828851
   -0.05074776
   -0.04932860
    0.07853836
    0.01843791
    0.07853081
   -0.04914828
   -0.05073243
    0.07652666
   -0.17217803
   -0.04763610
    0.07653608
   -0.05071854
   -0.04925205
    0.07854835
   -0.17227693
    0.01833561
    0.07853435
   -0.04928721
   -0.05073622
    0.07652711
   -0.17224092
   -0.04760206
    0.07649876
   -0.17214343
    0.03405617
    0.03489769
    0.03465480
    0.03404681
    0.05015179
    0.03403140
    0.03465683
    0.03461657
    0.03403559
    0.05016794
