           2           3   1.6509588289680408     
           3           4   1.1740253730620356     
           4           5   1.2556832582444171     
           5           6   1.2553714604033284     
           6           7   1.1741148879387058     
           7           8   1.6508108390184353     
           8           9   1.1666704618826418     
           1          10  0.53312429495635261     
           6          10   1.2868460821478580     
           9          10   1.2501704519668830     
           9          11   1.3541286550244671     
          11          12   1.3524237606872680     
          12          13   1.1579080922206695     
          13          14   1.6660405118569339     
          14          15   1.1575354638922517     
           1          16  0.53470134186860530     
          12          16   1.2629630768627780     
          15          16   1.2653459586558407     
          15          17   1.3515131368306277     
          17          18   1.3514619112677686     
          18          19   1.1575324769502715     
          19          20   1.6660050807750024     
          20          21   1.1579459522237872     
           1          22  0.53469727998834926     
          18          22   1.2653991231892687     
          21          22   1.2629041974002941     
          21          23   1.3524431242965858     
           2          24   1.1665687105162286     
          23          24   1.3541064066213417     
           1          25  0.53306976355932167     
           4          25   1.2865957632502298     
          24          25   1.2503113143324938     
           2          26  0.97229537918870068     
           3          27  0.96812653272368132     
           7          28  0.96822997407509004     
           8          29  0.97229737931796234     
          11          30  0.96383118094376719     
          13          31  0.97221078451166831     
          14          32  0.97222858962636094     
          17          33  0.96422932267481509     
          19          34  0.97223364069749751     
          20          35  0.97220987911284484     
          23          36  0.96382226748696853     
          38          39   1.6506443896779885     
          39          40   1.1743043958733792     
          40          41   1.2549171665686054     
          41          42   1.2550379598281802     
          42          43   1.1743370413512362     
          43          44   1.6506225761120030     
          44          45   1.1667314018712778     
          37          46  0.53304678953149631     
          42          46   1.2867902960454465     
          45          46   1.2502289001390698     
          45          47   1.3540139787068335     
          47          48   1.3524876064097786     
          48          49   1.1579252499626540     
          49          50   1.6660180327678211     
          50          51   1.1575327035873890     
          37          52  0.53468015855444162     
          48          52   1.2628783265332928     
          51          52   1.2654123564805209     
          51          53   1.3514428655091881     
          53          54   1.3514714263088574     
          54          55   1.1575274279762737     
          55          56   1.6660357992857742     
          56          57   1.1579021456590994     
          37          58  0.53459815643938657     
          54          58   1.2653843962700826     
          57          58   1.2629576089468506     
          57          59   1.3524338823784103     
          38          60   1.1667292070775799     
          59          60   1.3540776975823092     
          37          61  0.53292678296303042     
          40          61   1.2869409250896484     
          60          61   1.2501581525761918     
          38          62  0.97229962388187219     
          39          63  0.96778474306925266     
          43          64  0.96759682848188111     
          44          65  0.97229840945478085     
          47          66  0.96381520098415518     
          49          67  0.97220921422014361     
          50          68  0.97223239271681250     
          53          69  0.96423403996732293     
          55          70  0.97223225853146955     
          56          71  0.97221021900228966     
          59          72  0.96381707679282447     
           5          73   1.1702600800438927     
          73          74   2.5759546080219247     
          75          76   2.5712062539908258     
          41          78   1.1714694126932512     
          77          78   2.5752287921325872     
          80          81   1.6501518734407805     
          81          82   1.1743414905845122     
          74          83   1.1718555381392055     
          82          83   1.2535548960394798     
          83          84   1.2529732759301706     
          84          85   1.1743345228201747     
          85          86   1.6502509692509155     
          86          87   1.1672749504288100     
          79          88  0.52858720059810582     
          84          88   1.2893555680845843     
          87          88   1.2492758920955076     
          87          89   1.3537996572779638     
          89          90   1.3537222635204458     
          90          91   1.1676146282710411     
          91          92   1.6496327306720922     
          92          93   1.1748402877386988     
          79          94  0.52868907909730400     
          90          94   1.2490048272794743     
          93          94   1.2898189297743272     
          75          95   1.1750133312951434     
          93          95   1.2519756500678161     
          95          96   1.2517116340567924     
          96          97   1.1749421792452692     
          97          98   1.6495861072656446     
          98          99   1.1675878836001232     
          79         100  0.52888438451070596     
          96         100   1.2896760611124725     
          99         100   1.2490746757052344     
          99         101   1.3536889525992699     
          80         102   1.1673461326066952     
         101         102   1.3537605701822495     
          79         103  0.52853120439518519     
          82         103   1.2893129347119388     
         102         103   1.2493152194849599     
          80         104  0.97233300395479438     
          81         105  0.96824777813182494     
          85         106  0.96830939146410211     
          86         107  0.97232835248993210     
          89         108  0.96352451775365422     
          91         109  0.97233275448570700     
          92         110  0.96791240893853436     
          97         111  0.96771783087973484     
          98         112  0.97233266603994750     
         101         113  0.96352961902462941     
         115         116   1.6495223959756997     
         116         117   1.1749390841343899     
          76         118   1.1750779378911420     
         117         118   1.2514611738976500     
         118         119   1.2521293266323550     
         119         120   1.1749655103325001     
         120         121   1.6495838375397631     
         121         122   1.1675769074243962     
         114         123  0.52880275156531042     
         119         123   1.2894646464050732     
         122         123   1.2492781569430322     
         122         124   1.3534889800697358     
         124         125   1.3539159838421153     
         125         126   1.1673102595434468     
         126         127   1.6500981385514080     
         127         128   1.1744886813484887     
         114         129  0.52858643434150498     
         125         129   1.2491440795110882     
         128         129   1.2895190214491807     
          77         130   1.1731056863166902     
         128         130   1.2527952649888960     
         130         131   1.2525654338435488     
         131         132   1.1745531426236480     
         132         133   1.6499631241763320     
         133         134   1.1674284255284983     
         114         135  0.52841793732564379     
         131         135   1.2896165681228551     
         134         135   1.2491237628913978     
         134         136   1.3537969216767944     
         115         137   1.1676917230697987     
         136         137   1.3537374107926206     
         114         138  0.52891309478634518     
         117         138   1.2899175342974099     
         137         138   1.2488426199978544     
         115         139  0.97233129878760949     
         116         140  0.96770032462899647     
         120         141  0.96793913517104713     
         121         142  0.97233573764558923     
         124         143  0.96351852443639086     
         126         144  0.97233156655209585     
         127         145  0.96788685931875695     
         132         146  0.96770019045322186     
         133         147  0.97233231913473817     
         136         148  0.96350744983335168     
