   -0.05469221
   -0.05301445
    0.08699153
    0.01144414
    0.06393422
   -0.04989482
   -0.05183492
    0.06449929
   -0.08153437
   -0.05527783
    0.08683781
   -0.05377935
   -0.05379871
    0.08642055
   -0.32107123
   -0.05690344
    0.06497514
   -0.05105081
   -0.05086952
    0.06574393
   -0.08119201
   -0.05519618
    0.08572447
   -0.32507410
    0.01856674
    0.02115308
    0.04319106
    0.04127070
    0.21413987
    0.04676929
    0.01933921
    0.01937926
    0.04598527
    0.04181109
    0.04177987
    0.21439604
    0.04689820
   -0.02061057
   -0.01188627
   -0.00358414
   -0.00358161
   -0.01193135
   -0.02057972
   -0.05377986
   -0.05380189
    0.08643591
   -0.05690633
    0.06497940
   -0.05103781
   -0.05085877
    0.06574776
   -0.08116935
   -0.05520581
    0.08573430
   -0.05470339
   -0.05294672
    0.08704321
   -0.32514375
    0.01145396
    0.06390325
   -0.04995457
   -0.05181674
    0.06446938
   -0.08145020
   -0.05526291
    0.08681613
   -0.32109152
    0.01934238
    0.01937427
    0.04598762
    0.04181466
    0.04178545
    0.21436189
    0.04687751
    0.01853716
    0.02113236
    0.04322749
    0.04130140
    0.21413315
    0.04677778
