           1           2   1.7168851087763068     
           2           3   1.1215388429685156     
           3           4   1.2459747370829839     
           4           5   1.2499228273269223     
           5           6   1.2366024511484386     
           6           7   1.5932339651409091     
           7           8   1.2235196557838930     
           5           9   1.2245930957378646     
           8           9   1.2025588372288700     
           8          10   1.3444323495717778     
          10          11   1.3572844408488554     
          11          12   1.1066158371843828     
          12          13   1.7310978935599723     
          13          14   1.1088016812928598     
          11          15   1.3241779022360360     
          14          15   1.3253159891051278     
          14          16   1.3537295756609680     
          16          17   1.3470076954036128     
          17          18   1.2153857819354408     
          18          19   1.6087937844423439     
          19          20   1.2145141279598697     
          17          21   1.2097238106998915     
          20          21   1.2110602819516163     
          20          22   1.3432196572771233     
           1          23   1.1146128394989785     
          22          23   1.3648708110605721     
           3          24   1.3588523896575870     
          23          24   1.3011737043509892     
           1          25  0.97278618352366886     
           2          26  0.97139357222456935     
           6          27  0.97182806295123880     
           7          28  0.97292690385902514     
           9          29  0.89978101843975899     
          10          30  0.96369937292873775     
          12          31  0.97274380082361844     
          13          32  0.97279525970043290     
          16          33  0.96476758527478845     
          18          34  0.97290030837883901     
          19          35  0.97283085847985773     
          21          36  0.90012769838274487     
          22          37  0.96354120262900711     
           4          38   1.1873904788108003     
          38          39   2.4426508130245770     
          39          40   1.3294219906391622     
          38          41  0.19156506719776906     
          40          41   2.3589522408897396     
          41          42   1.3293894358726446     
          40          43  0.19156762587146742     
          42          43   2.4427677529421024     
          44          45   1.7310825624244892     
          45          46   1.1087862367147803     
          46          47   1.3535907235782909     
          47          48   1.3471694999559658     
          48          49   1.2152705193875815     
          49          50   1.6089341931209815     
          50          51   1.2144151027198071     
          48          52   1.2096705941265773     
          51          52   1.2110503064702436     
          51          53   1.3433492123992994     
          53          54   1.3647068319499867     
          54          55   1.1146112258596077     
          55          56   1.7169161782377953     
          56          57   1.1214639338509083     
          54          58   1.3013645136616430     
          57          58   1.3587413625395262     
          43          59   1.1872614522586544     
          57          59   1.2464973200813383     
          59          60   1.2495706238455888     
          60          61   1.2365979726399812     
          61          62   1.5932364033902180     
          62          63   1.2235732881270267     
          60          64   1.2246601874991285     
          63          64   1.2024704685213428     
          63          65   1.3444333758327955     
          44          66   1.1066576274496507     
          65          66   1.3573529749580797     
          46          67   1.3254561968104071     
          66          67   1.3240566720446394     
          44          68  0.97274489983057733     
          45          69  0.97279563015615356     
          47          70  0.96475563091626082     
          49          71  0.97289597842558284     
          50          72  0.97282862681544413     
          52          73  0.90020042248017440     
          53          74  0.96355682698024969     
          55          75  0.97279130248768086     
          56          76  0.97137945600840359     
          61          77  0.97181292782550943     
          62          78  0.97292180819787255     
          64          79  0.89985890610168817     
          65          80  0.96370069694401894     
