    0.24475352
   -0.05190759
   -0.05048023
    0.07743012
    0.01649743
    0.07743337
   -0.05046887
   -0.05190721
    0.07569878
   -0.17695211
   -0.04966896
    0.07698531
   -0.05096378
   -0.05109672
    0.07747327
   -0.17472988
   -0.05142412
    0.07747508
   -0.05109690
   -0.05096417
    0.07698640
   -0.17474644
   -0.04966685
    0.07569544
   -0.17693177
    0.03381179
    0.03579473
    0.03579885
    0.03380709
    0.04933831
    0.03440727
    0.03431911
    0.04869686
    0.03431706
    0.03440532
    0.04933909
    0.24474315
   -0.05190896
   -0.05048113
    0.07740895
    0.01649338
    0.07742899
   -0.05045350
   -0.05190877
    0.07571305
   -0.17696724
   -0.04969466
    0.07698932
   -0.05096496
   -0.05109450
    0.07747509
   -0.17474150
   -0.05143346
    0.07747630
   -0.05109645
   -0.05096619
    0.07698637
   -0.17474850
   -0.04968496
    0.07570620
   -0.17693820
    0.03381244
    0.03578920
    0.03578629
    0.03380358
    0.04932709
    0.03440227
    0.03431629
    0.04868997
    0.03431479
    0.03440130
    0.04933256
   -0.01892568
   -0.01075992
   -0.00183254
   -0.00262231
   -0.01000837
   -0.01977029
   -0.01910030
   -0.01028486
   -0.00192886
   -0.00217549
   -0.01005036
   -0.01934588
   -0.01913737
   -0.01015338
   -0.00194760
   -0.00203463
   -0.01005974
   -0.01923232
   -0.01915967
   -0.01009846
   -0.00195866
   -0.00198193
   -0.01006889
   -0.01919051
   -0.01918881
   -0.01007419
   -0.00198228
   -0.00195834
   -0.01009508
   -0.01916576
   -0.01923207
   -0.01005716
   -0.00203400
   -0.00194542
   -0.01014863
   -0.01913974
   -0.01935488
   -0.01005074
   -0.00216408
   -0.00192169
   -0.01029422
   -0.01910855
   -0.01974155
   -0.00998439
   -0.00260135
   -0.00180432
   -0.01074133
   -0.01888551
    0.24658140
   -0.05171103
   -0.05046600
    0.07762592
    0.01697572
    0.07765525
   -0.05041394
   -0.05171607
    0.07527008
   -0.17703840
   -0.04748759
    0.07522306
   -0.05166337
   -0.05054641
    0.07771606
   -0.17704324
    0.01658120
    0.07775564
   -0.05049366
   -0.05167008
    0.07522833
   -0.17708998
   -0.04748653
    0.07526296
   -0.17698713
    0.03400793
    0.03597186
    0.03595796
    0.03398948
    0.05010485
    0.03401454
    0.03585194
    0.03582807
    0.03399362
    0.05010368
    0.24662089
   -0.05165879
   -0.05047373
    0.07771960
    0.01685913
    0.07772033
   -0.05044978
   -0.05165876
    0.07527126
   -0.17701643
   -0.04739897
    0.07525119
   -0.05164523
   -0.05050084
    0.07773382
   -0.17693566
    0.01673035
    0.07775637
   -0.05046461
   -0.05164447
    0.07526333
   -0.17704930
   -0.04740586
    0.07526009
   -0.17691613
    0.03409814
    0.03597850
    0.03594859
    0.03407900
    0.05020747
    0.03409563
    0.03592349
    0.03590166
    0.03407598
    0.05020239
    0.24661575
   -0.05164644
   -0.05046219
    0.07774007
    0.01683279
    0.07773662
   -0.05045060
   -0.05163884
    0.07527810
   -0.17699175
   -0.04739649
    0.07526718
   -0.05164062
   -0.05044971
    0.07773709
   -0.17692218
    0.01679069
    0.07774427
   -0.05047741
   -0.05163741
    0.07527397
   -0.17700926
   -0.04738619
    0.07527060
   -0.17692578
    0.03411900
    0.03597402
    0.03594533
    0.03410838
    0.05023237
    0.03411232
    0.03594130
    0.03593774
    0.03411075
    0.05023605
    0.24661635
   -0.05163972
   -0.05045801
    0.07774676
    0.01681503
    0.07773712
   -0.05045614
   -0.05163840
    0.07527622
   -0.17697013
   -0.04739081
    0.07527205
   -0.05163750
   -0.05048037
    0.07773098
   -0.17693047
    0.01681815
    0.07775351
   -0.05043342
   -0.05164095
    0.07527904
   -0.17698752
   -0.04739124
    0.07527455
   -0.17694963
    0.03411762
    0.03595206
    0.03595275
    0.03411708
    0.05024425
    0.03412905
    0.03596575
    0.03593931
    0.03410756
    0.05023600
    0.24661493
   -0.05163849
   -0.05049295
    0.07772520
    0.01679250
    0.07776234
   -0.05043460
   -0.05164214
    0.07527865
   -0.17702384
   -0.04739606
    0.07526764
   -0.05164319
   -0.05048752
    0.07771956
   -0.17689788
    0.01683538
    0.07775412
   -0.05042422
   -0.05164447
    0.07528167
   -0.17702166
   -0.04739420
    0.07526393
   -0.17690685
    0.03412572
    0.03595920
    0.03592217
    0.03409616
    0.05023510
    0.03412813
    0.03597829
    0.03594024
    0.03409680
    0.05023422
    0.24660974
   -0.05164404
   -0.05050664
    0.07773808
    0.01673391
    0.07775158
   -0.05045466
   -0.05164750
    0.07526134
   -0.17700753
   -0.04741608
    0.07527003
   -0.05166189
   -0.05043389
    0.07772431
   -0.17697098
    0.01686878
    0.07770918
   -0.05047869
   -0.05165914
    0.07526472
   -0.17696022
   -0.04740132
    0.07525484
   -0.17697714
    0.03409342
    0.03592669
    0.03589784
    0.03407304
    0.05019685
    0.03407835
    0.03595483
    0.03597057
    0.03409348
    0.05021314
    0.24657208
   -0.05166720
   -0.05050517
    0.07773931
    0.01658683
    0.07773519
   -0.05052070
   -0.05166758
    0.07523114
   -0.17706384
   -0.04750721
    0.07528116
   -0.05171045
   -0.05044249
    0.07762499
   -0.17702078
    0.01698375
    0.07763876
   -0.05041462
   -0.05171296
    0.07528354
   -0.17702294
   -0.04751234
    0.07523433
   -0.17707806
    0.03399990
    0.03583502
    0.03584791
    0.03400703
    0.05010395
    0.03400680
    0.03596564
    0.03596234
    0.03399875
    0.05009773
