           2           3   1.6503308790492677     
           3           4   1.1794212197529341     
           4           5   1.2504337921246669     
           5           6   1.2505230402693495     
           6           7   1.1794238825676513     
           7           8   1.6503313330427880     
           8           9   1.1711051205191860     
           1          10  0.48892589403977427     
           6          10   1.2862127509360650     
           9          10   1.2465683519014568     
           9          11   1.3577591029380058     
          11          12   1.3538098434951065     
          12          13   1.1627611513877756     
          13          14   1.6656755979537161     
          14          15   1.1620196975252928     
           1          16  0.49136859318508597     
          12          16   1.2610099576666580     
          15          16   1.2631986518401157     
          15          17   1.3541252626090199     
          17          18   1.3541169409685621     
          18          19   1.1620079584271252     
          19          20   1.6656841243953555     
          20          21   1.1627553847885790     
           1          22  0.49130720166609260     
          18          22   1.2632217113964759     
          21          22   1.2610201241376890     
          21          23   1.3538075653133101     
           2          24   1.1711164703143035     
          23          24   1.3577778627695143     
           1          25  0.48896327100983622     
           4          25   1.2862393487929666     
          24          25   1.2465259365452401     
           2          26  0.97242098258590315     
           3          27  0.97088345287106670     
           7          28  0.97089203875928065     
           8          29  0.97242206513197982     
          11          30  0.96389234109108379     
          13          31  0.97232965580848407     
          14          32  0.97234995897184662     
          17          33  0.96422314276860377     
          19          34  0.97235056275959175     
          20          35  0.97232975750288553     
          23          36  0.96389089490078705     
          38          39   1.6503892135651470     
          39          40   1.1793760741668953     
          40          41   1.2506256605392767     
          41          42   1.2508570940459167     
          42          43   1.1793763535836466     
          43          44   1.6503913721755057     
          44          45   1.1710755588471855     
          37          46  0.48895926079021484     
          42          46   1.2860177061546487     
          45          46   1.2466885635348359     
          45          47   1.3576877845070712     
          47          48   1.3538759551743265     
          48          49   1.1627225967735786     
          49          50   1.6657254447095746     
          50          51   1.1619916331171170     
          37          52  0.49136275029109300     
          48          52   1.2610138346860591     
          51          52   1.2632003032930785     
          51          53   1.3541502882017857     
          53          54   1.3541247612049609     
          54          55   1.1619979168865597     
          55          56   1.6657090852938481     
          56          57   1.1627379142921113     
          37          58  0.49132716449551395     
          54          58   1.2632191593209601     
          57          58   1.2610134943797568     
          57          59   1.3538589247160771     
          38          60   1.1710983427453043     
          59          60   1.3577272359468266     
          37          61  0.48896417696863448     
          40          61   1.2861161459164474     
          60          61   1.2466086607003810     
          38          62  0.97242008038828665     
          39          63  0.97088216527383131     
          43          64  0.97088702116453862     
          44          65  0.97242160006320766     
          47          66  0.96389279030255937     
          49          67  0.97233011837045591     
          50          68  0.97234949829910333     
          53          69  0.96422336885707494     
          55          70  0.97234993949620407     
          56          71  0.97232991519714274     
          59          72  0.96389065347530933     
           5          73   1.1875731008990520     
          73          74   2.4421595706653569     
          74          75   1.3326000755159488     
          73          76  0.19272599341505151     
          75          76   2.3561569499193604     
          76          77   1.3333792638996753     
          75          78  0.19248843481981581     
          77          78   2.4396572884753587     
          79          80   2.4378510033019887     
          80          81   1.3349703403864990     
          79          82  0.19229063852780739     
          81          82   2.3531529888154066     
          82          83   1.3349106751418813     
          81          84  0.19221047948313713     
          83          84   2.4378241697413934     
          85          86   2.4378719157775883     
          86          87   1.3348385904100870     
          85          88  0.19218058300885990     
          87          88   2.3532640802966842     
          88          89   1.3348923502958807     
          87          90  0.19221690987263729     
          89          90   2.4378325223773087     
          91          92   2.4379277582052215     
          92          93   1.3347913271412375     
          91          94  0.19217796145130758     
          93          94   2.3533560767486508     
          94          95   1.3348099208248687     
          93          96  0.19220031244163657     
          95          96   2.4379497928672169     
          97          98   2.4379640020894611     
          98          99   1.3347495600960109     
          97         100  0.19216692792840342     
          99         100   2.3533991671367800     
         100         101   1.3347825333716030     
          99         102  0.19219226090960992     
         101         102   2.4379323670918840     
         103         104   2.4379335326656997     
         104         105   1.3348006321511252     
         103         106  0.19219213881951019     
         105         106   2.3533485427823857     
         106         107   1.3347916946341472     
         105         108  0.19219188177820556     
         107         108   2.4379413283239688     
         109         110   2.4379796078337992     
         110         111   1.3347400886306191     
         109         112  0.19219774773376597     
         111         112   2.3534746479880280     
         112         113   1.3347075792846990     
         111         114  0.19221648129965357     
         113         114   2.4381018919819080     
         115         116   2.4402910789252394     
         116         117   1.3327624620355039     
         115         118  0.19241882689163414     
         117         118   2.3568222605468012     
         118         119   1.3319821870993327     
          41         120   1.1870104770301462     
         117         120  0.19265679684738896     
         119         120   2.4428272074521709     
         122         123   1.6477158107803056     
         123         124   1.1811371073156494     
          78         125   1.1902784181489710     
         124         125   1.2478224409779022     
         125         126   1.2481694982977436     
         126         127   1.1811318674221656     
         127         128   1.6477006390288027     
         128         129   1.1733636082638272     
         121         130  0.48871424850040701     
         126         130   1.2873232213922063     
         129         130   1.2448461003289564     
         129         131   1.3557384024587704     
         131         132   1.3568138605989939     
         132         133   1.1731460615827740     
         133         134   1.6479576377329250     
         134         135   1.1809503883253996     
         121         136  0.48879075436957192     
         132         136   1.2441256566050798     
         135         136   1.2879259970417511     
          79         137   1.1910306641881856     
         135         137   1.2473721958544413     
         137         138   1.2476852211219771     
         138         139   1.1809355589776365     
         139         140   1.6479443527995512     
         140         141   1.1731452666783333     
         121         142  0.48876037061828997     
         138         142   1.2878677560015457     
         141         142   1.2442041247755489     
         141         143   1.3567554701411144     
         122         144   1.1733699022662802     
         143         144   1.3558064755905403     
         121         145  0.48874267093603796     
         124         145   1.2874152155602079     
         144         145   1.2447433390199596     
         122         146  0.97240532017917525     
         123         147  0.97088759499061783     
         127         148  0.97089334577447928     
         128         149  0.97240767850305065     
         131         150  0.96354473517491823     
         133         151  0.97240401906884089     
         134         152  0.97089730860040691     
         139         153  0.97089493802694804     
         140         154  0.97240608127639372     
         143         155  0.96354434037910275     
         157         158   1.6476919225024260     
         158         159   1.1811349111160168     
          84         160   1.1911653843383267     
         159         160   1.2474421224248804     
         160         161   1.2475534480966282     
         161         162   1.1810957694013373     
         162         163   1.6477343760647163     
         163         164   1.1733106529966695     
         156         165  0.48855463183037506     
         161         165   1.2877620783389347     
         164         165   1.2445467210389127     
         164         166   1.3561033301774066     
         166         167   1.3564704209442942     
         167         168   1.1732566892447505     
         168         169   1.6478150416840203     
         169         170   1.1810550402760338     
         156         171  0.48883079039223770     
         167         171   1.2442547967367097     
         170         171   1.2878615983767425     
          85         172   1.1911332874451379     
         170         172   1.2473307756041006     
         172         173   1.2476087121459114     
         173         174   1.1810060359729766     
         174         175   1.6478464883257309     
         175         176   1.1732199239314915     
         156         177  0.48860785699464837     
         173         177   1.2878373238007974     
         176         177   1.2443655766892834     
         176         178   1.3564285797525590     
         157         179   1.1733563674677696     
         178         179   1.3561632456972788     
         156         180  0.48887264461240082     
         159         180   1.2877328746041821     
         179         180   1.2443984002320652     
         157         181  0.97240005221450421     
         158         182  0.97087615963888296     
         162         183  0.97090385791424738     
         163         184  0.97240294940859884     
         166         185  0.96353174949609799     
         168         186  0.97239885883780164     
         169         187  0.97088646893873676     
         174         188  0.97089939303693062     
         175         189  0.97240155904005199     
         178         190  0.96353060293043991     
         192         193   1.6477607150790026     
         193         194   1.1810926745921975     
          90         195   1.1911498677329506     
         194         195   1.2474762392075183     
         195         196   1.2475079731119263     
         196         197   1.1810663072562466     
         197         198   1.6478036921204104     
         198         199   1.1732445559549485     
         191         200  0.48860725379327496     
         196         200   1.2877892561642397     
         199         200   1.2444828412841731     
         199         201   1.3562465081049879     
         201         202   1.3562945089907896     
         202         203   1.1732847381777802     
         203         204   1.6477516189794175     
         204         205   1.1811258772158009     
         191         206  0.48891769269119073     
         202         206   1.2444012622623248     
         205         206   1.2876626559893651     
          91         207   1.1911124805345146     
         205         207   1.2475881639749424     
         207         208   1.2473988821206885     
         208         209   1.1810165816044296     
         209         210   1.6478473343805806     
         210         211   1.1732267446415809     
         191         212  0.48854414326344420     
         208         212   1.2878911654325278     
         211         212   1.2443847073839114     
         211         213   1.3563635019122664     
         192         214   1.1732868183246234     
         213         214   1.3562371023474269     
         191         215  0.48877883641020015     
         194         215   1.2877572366188557     
         214         215   1.2444196331749571     
         192         216  0.97239793609282132     
         193         217  0.97088060054905989     
         197         218  0.97089926885010847     
         198         219  0.97240076493635474     
         201         220  0.96352902341407454     
         203         221  0.97239877174155009     
         204         222  0.97089311071583451     
         209         223  0.97088808016431649     
         210         224  0.97239935404811961     
         213         225  0.96352438097401849     
         227         228   1.6478058654137451     
         228         229   1.1810633969963513     
          96         230   1.1910688541163903     
         229         230   1.2474875347382890     
         230         231   1.2475492616233819     
         231         232   1.1810760767592523     
         232         233   1.6477964338849012     
         233         234   1.1732534943369246     
         226         235  0.48868775119616181     
         231         235   1.2877265970154839     
         234         235   1.2444713163332664     
         234         236   1.3562536013573927     
         236         237   1.3563164927377178     
         237         238   1.1732731872635160     
         238         239   1.6477895158163589     
         239         240   1.1810818230737392     
         226         241  0.48876393840602900     
         237         241   1.2443714182474541     
         240         241   1.2877959398741352     
          97         242   1.1911032330369624     
         240         242   1.2473691753780156     
         242         243   1.2476348314520205     
         243         244   1.1810679445502266     
         244         245   1.6477993152144719     
         245         246   1.1732460344804856     
         226         247  0.48866349770230183     
         243         247   1.2877408949091143     
         246         247   1.2444849569707253     
         246         248   1.3562513351142771     
         227         249   1.1732532640600173     
         248         249   1.3563041120450952     
         226         250  0.48872707783376812     
         229         250   1.2877993323533814     
         249         250   1.2444051031226113     
         227         251  0.97239966470087025     
         228         252  0.97088449728858850     
         232         253  0.97089636877860819     
         233         254  0.97239881697467623     
         236         255  0.96352307372925283     
         238         256  0.97239769145821209     
         239         257  0.97088630839731527     
         244         258  0.97089662828534584     
         245         259  0.97239975913665755     
         248         260  0.96352630509887827     
         262         263   1.6478017610970137     
         263         264   1.1810809752587728     
         102         265   1.1911017687417587     
         264         265   1.2473117138878185     
         265         266   1.2476856471302857     
         266         267   1.1810555911632949     
         267         268   1.6478085820627149     
         268         269   1.1732360392672758     
         261         270  0.48860068955135938     
         266         270   1.2877449795817455     
         269         270   1.2444882205668919     
         269         271   1.3562841758148354     
         271         272   1.3562823404345818     
         272         273   1.1732842711726286     
         273         274   1.6477719325599316     
         274         275   1.1811041792929275     
         261         276  0.48883572336132991     
         272         276   1.2443678956467881     
         275         276   1.2877842723247577     
         103         277   1.1911223145662899     
         275         277   1.2473083879627129     
         277         278   1.2476983332753901     
         278         279   1.1810715274113952     
         279         280   1.6477846604586657     
         280         281   1.1732556976121713     
         261         282  0.48857009153497644     
         278         282   1.2877256635908925     
         281         282   1.2445501121728486     
         281         283   1.3561839136632092     
         262         284   1.1732629281099474     
         283         284   1.3563769041532827     
         261         285  0.48884324944495561     
         264         285   1.2878086474883605     
         284         285   1.2443158968281036     
         262         286  0.97239755868978206     
         263         287  0.97088186633499940     
         267         288  0.97090138218700706     
         268         289  0.97240104948057071     
         271         290  0.96352544638011350     
         273         291  0.97239767701802204     
         274         292  0.97087641201099550     
         279         293  0.97090443816688221     
         280         294  0.97240139938295755     
         283         295  0.96352568371208913     
         297         298   1.6478435961580029     
         298         299   1.1810249578978695     
         108         300   1.1910961166393288     
         299         300   1.2473345206022888     
         300         301   1.2476468910590919     
         301         302   1.1810394071454828     
         302         303   1.6478365233591583     
         303         304   1.1732174776232562     
         296         305  0.48874052280789815     
         301         305   1.2877674683332485     
         304         305   1.2443791313436399     
         304         306   1.3564226401591797     
         306         307   1.3561116667739066     
         307         308   1.1733221830146692     
         308         309   1.6477119545375460     
         309         310   1.1811348944314539     
         296         311  0.48876554299475250     
         307         311   1.2445211616231919     
         310         311   1.2876684591179062     
         109         312   1.1911205079625788     
         310         312   1.2476443673118822     
         312         313   1.2474002793689039     
         313         314   1.1811280076138522     
         314         315   1.6477197969672717     
         315         316   1.1733233968225210     
         296         317  0.48866960297014755     
         313         317   1.2877427506197880     
         316         317   1.2444926766226230     
         316         318   1.3561215144839007     
         297         319   1.1732367095991130     
         318         319   1.3564756998179786     
         296         320  0.48869246699025226     
         299         320   1.2878948902610095     
         319         320   1.2442782557804366     
         297         321  0.97239926406509558     
         298         322  0.97088828868137778     
         302         323  0.97089816714688770     
         303         324  0.97240197422625418     
         306         325  0.96353300724875079     
         308         326  0.97240252886349687     
         309         327  0.97089245755354481     
         314         328  0.97088890549689599     
         315         329  0.97240012904623052     
         318         330  0.96352587489751995     
         332         333   1.6479958983934768     
         333         334   1.1809247178129598     
         114         335   1.1909600351104261     
         334         335   1.2476063651450695     
         335         336   1.2475483922387305     
         336         337   1.1809361543838908     
         337         338   1.6479787342940866     
         338         339   1.1731203429636932     
         331         340  0.48879335067472096     
         336         340   1.2878636890994468     
         339         340   1.2441780645671958     
         339         341   1.3568139516760216     
         341         342   1.3557364120586382     
         342         343   1.1733285883292586     
         343         344   1.6477769892487966     
         344         345   1.1810879813426931     
         331         346  0.48872090922866945     
         342         346   1.2448793975998693     
         345         346   1.2872366068863992     
         115         347   1.1897507057264103     
         345         347   1.2481660120492308     
         347         348   1.2483373430073945     
         348         349   1.1810839200742582     
         349         350   1.6477760383593054     
         350         351   1.1733239653880900     
         331         352  0.48877298097670940     
         348         352   1.2871844440317246     
         351         352   1.2449122426295858     
         351         353   1.3557124743678364     
         332         354   1.1731038184440616     
         353         354   1.3568103435923706     
         331         355  0.48876405702055137     
         334         355   1.2878630694918927     
         354         355   1.2442052190374333     
         332         356  0.97240540203408665     
         333         357  0.97089860212681478     
         337         358  0.97089424780670019     
         338         359  0.97240448857092576     
         341         360  0.96354154698479966     
         343         361  0.97240552454618123     
         344         362  0.97088715340605358     
         349         363  0.97088745615322725     
         350         364  0.97240669251596634     
         353         365  0.96354516742865726     
