    0.10234117
   -0.05309445
   -0.05141139
    0.07254604
    0.01738377
    0.07257756
   -0.05135182
   -0.05310148
    0.07176913
   -0.13115273
   -0.05003274
    0.07286320
   -0.05217716
   -0.05227922
    0.07317288
   -0.12959915
   -0.05177767
    0.07317286
   -0.05227839
   -0.05218541
    0.07285617
   -0.12960011
   -0.05002488
    0.07176078
   -0.13109908
    0.03409764
    0.03615405
    0.03617167
    0.03407252
    0.04967691
    0.03456667
    0.03446416
    0.04904800
    0.03446893
    0.03456939
    0.04968801
    0.10238613
   -0.05309745
   -0.05141969
    0.07254184
    0.01736643
    0.07256567
   -0.05137787
   -0.05310218
    0.07179901
   -0.13119146
   -0.05006977
    0.07287561
   -0.05218471
   -0.05228114
    0.07317732
   -0.12961905
   -0.05178944
    0.07317966
   -0.05228010
   -0.05218865
    0.07286990
   -0.12962017
   -0.05006296
    0.07179080
   -0.13113333
    0.03410388
    0.03621607
    0.03622436
    0.03408077
    0.04966981
    0.03456493
    0.03446179
    0.04904307
    0.03446376
    0.03456273
    0.04967929
   -0.02134707
   -0.00985120
   -0.00968451
   -0.02149218
   -0.02143234
   -0.00964716
   -0.00982592
   -0.02127498
    0.10223977
   -0.05303985
   -0.05149262
    0.07284108
    0.01736081
    0.07286658
   -0.05146471
   -0.05304184
    0.07161912
   -0.13197033
   -0.04813923
    0.07163245
   -0.05303367
   -0.05150021
    0.07283051
   -0.13195539
    0.01735849
    0.07284806
   -0.05147744
   -0.05303658
    0.07163374
   -0.13197705
   -0.04813770
    0.07161318
   -0.13193544
    0.03392591
    0.03587205
    0.03590539
    0.03391328
    0.05003878
    0.03393539
    0.03593963
    0.03595572
    0.03392585
    0.05004096
