           2           3   1.6417456699693993     
           3           4   1.1831740700431654     
           4           5   1.2574810546794408     
           5           6   1.2579645601510494     
           6           7   1.1831320645748975     
           7           8   1.6417410857529178     
           8           9   1.1741915698131180     
           1          10  0.72212151419882320     
           6          10   1.2610283606707151     
           9          10   1.2277360468834431     
           9          11   1.3592068601362925     
          11          12   1.3586727111466890     
          12          13   1.1657055952558419     
          13          14   1.6573295036656559     
          14          15   1.1651723425100815     
           1          16  0.72386967950958181     
          12          16   1.2386399131888861     
          15          16   1.2418251935274283     
          15          17   1.3575888341770213     
          17          18   1.3576968023760585     
          18          19   1.1651380305221719     
          19          20   1.6573100612315428     
          20          21   1.1657657735720248     
           1          22  0.72382575828632567     
          18          22   1.2417281069970525     
          21          22   1.2387694730038989     
          21          23   1.3585023264650873     
           2          24   1.1741670688575965     
          23          24   1.3594054079025666     
           1          25  0.72213792546575961     
           4          25   1.2612491503294803     
          24          25   1.2275116901664216     
           2          26  0.97199483403020370     
           3          27  0.97021775144314215     
           7          28  0.97022115412760612     
           8          29  0.97199812086505832     
          11          30  0.96327646393712785     
          13          31  0.97189817460212025     
          14          32  0.97192672941208436     
          17          33  0.96357698286403315     
          19          34  0.97192780987348881     
          20          35  0.97190019546470718     
          23          36  0.96327366867227660     
          38          39   1.6419353193852859     
          39          40   1.1830003135169305     
          40          41   1.2580764199955852     
          41          42   1.2584387808397182     
          42          43   1.1829732237115229     
          43          44   1.6419332282515606     
          44          45   1.1740862554675862     
          37          46  0.72201352670528318     
          42          46   1.2608946125718712     
          45          46   1.2279103307504076     
          45          47   1.3592177097798450     
          47          48   1.3586994447126426     
          48          49   1.1656706725289134     
          49          50   1.6573769689132829     
          50          51   1.1651419285388889     
          37          52  0.72375983570315761     
          48          52   1.2387513551910860     
          51          52   1.2418540217754808     
          51          53   1.3576522024205964     
          53          54   1.3577191191701181     
          54          55   1.1651222497079583     
          55          56   1.6573523312464271     
          56          57   1.1657221032070149     
          37          58  0.72371510973059217     
          54          58   1.2417970519833634     
          57          58   1.2388483910228296     
          57          59   1.3585671992949491     
          38          60   1.1740739315657016     
          59          60   1.3593606819829098     
          37          61  0.72209317971834053     
          40          61   1.2610454412820946     
          60          61   1.2277282046822811     
          38          62  0.97199215512877046     
          39          63  0.97019314174044846     
          43          64  0.97019805171417972     
          44          65  0.97199455518849875     
          47          66  0.96328042607284103     
          49          67  0.97189714334756916     
          50          68  0.97192495538721158     
          53          69  0.96357902856501676     
          55          70  0.97192541063595994     
          56          71  0.97189767128006865     
          59          72  0.96327876724439998     
           5          73   1.1777288189506385     
          73          74   2.4783705525238169     
          74          75   1.3000911842707328     
          73          76  0.20395265557842615     
          75          76   2.4769568614483428     
          77          78   2.4778480408943508     
          78          79   1.2990680047148306     
          41          80   1.1766263977824047     
          77          80  0.20369528658216685     
          79          80   2.4792962945347434     
          82          83   1.6410109565744397     
          83          84   1.1833392339131685     
          76          85   1.1795896967392905     
          84          85   1.2555315641730616     
          85          86   1.2557852623347074     
          86          87   1.1833160533701059     
          87          88   1.6410220364621297     
          88          89   1.1749021931697872     
          81          90  0.71829771613540483     
          86          90   1.2639222846181362     
          89          90   1.2264177754726984     
          89          91   1.3591226903030709     
          91          92   1.3590653307325504     
          92          93   1.1748661072435911     
          93          94   1.6411450016007147     
          94          95   1.1832031994932075     
          81          96  0.71835193745969395     
          92          96   1.2264789382824608     
          95          96   1.2637250485528251     
          77          97   1.1785497904395597     
          95          97   1.2560491894341062     
          97          98   1.2561991675494883     
          98          99   1.1831832136309828     
          99         100   1.6411486608084576     
         100         101   1.1748610153423094     
          81         102  0.71833890145698265     
          98         102   1.2637026990740656     
         101         102   1.2265133257491367     
         101         103   1.3590469606616287     
          82         104   1.1749190095517528     
         103         104   1.3591436925047082     
          81         105  0.71831557592874640     
          84         105   1.2639753874227282     
         104         105   1.2263616709503811     
          82         106  0.97199386428495860     
          83         107  0.97023907940911969     
          87         108  0.97023692140819684     
          88         109  0.97199565023638457     
          91         110  0.96303880076471127     
          93         111  0.97199251111507201     
          94         112  0.97022618425185958     
          99         113  0.97022287778851657     
         100         114  0.97199329520026811     
         103         115  0.96303836663525444     
