   -0.05477294
   -0.05308902
    0.08708272
    0.01178042
    0.06413444
   -0.04980542
   -0.05177017
    0.06429238
   -0.08104234
   -0.05491597
    0.08681523
   -0.05373118
   -0.05377359
    0.08649500
   -0.32083859
   -0.05665767
    0.06504593
   -0.05104678
   -0.05086934
    0.06565081
   -0.08086948
   -0.05491771
    0.08550875
   -0.32474680
    0.01857455
    0.02066768
    0.04325351
    0.04146660
    0.21410471
    0.04703776
    0.01952258
    0.01954851
    0.04623186
    0.04197170
    0.04191504
    0.21438897
    0.04705555
   -0.05477427
   -0.05311553
    0.08709239
    0.01178360
    0.06416198
   -0.04978709
   -0.05177311
    0.06427536
   -0.08101592
   -0.05490108
    0.08680388
   -0.05372940
   -0.05377711
    0.08650951
   -0.32084501
   -0.05665486
    0.06504429
   -0.05105259
   -0.05087130
    0.06565243
   -0.08083836
   -0.05490159
    0.08549708
   -0.32473237
    0.01858161
    0.02068100
    0.04323668
    0.04146318
    0.21408188
    0.04703433
    0.01952389
    0.01954647
    0.04624151
    0.04197493
    0.04192045
    0.21437752
    0.04705959
   -0.02167632
   -0.01137854
   -0.01046790
   -0.02252878
   -0.02180620
   -0.01076666
   -0.01053258
   -0.02202787
   -0.02189801
   -0.01057047
   -0.01056760
   -0.02187169
   -0.02203185
   -0.01051536
   -0.01074918
   -0.02181510
   -0.02255039
   -0.01047440
   -0.01138210
   -0.02170135
   -0.05455792
   -0.05294608
    0.08692715
    0.01232409
    0.06360946
   -0.05008131
   -0.05181163
    0.06399590
   -0.08105916
   -0.05269233
    0.08517951
   -0.05451896
   -0.05296793
    0.08708447
   -0.32403859
    0.01188132
    0.06371642
   -0.05022392
   -0.05175629
    0.06388253
   -0.08106107
   -0.05263128
    0.08519462
   -0.32393462
    0.01874312
    0.02075933
    0.04306071
    0.04133393
    0.21430995
    0.04777698
    0.01873548
    0.02062373
    0.04298465
    0.04136538
    0.21431288
    0.04782771
   -0.05451508
   -0.05293934
    0.08698036
    0.01214395
    0.06360681
   -0.05018112
   -0.05178447
    0.06399039
   -0.08108608
   -0.05252423
    0.08516540
   -0.05451060
   -0.05302362
    0.08699107
   -0.32379744
    0.01203245
    0.06366955
   -0.05012992
   -0.05177154
    0.06398693
   -0.08116252
   -0.05252978
    0.08517664
   -0.32379075
    0.01880225
    0.02069034
    0.04305177
    0.04139149
    0.21446184
    0.04792855
    0.01883367
    0.02073354
    0.04297933
    0.04136572
    0.21441939
    0.04790704
   -0.05451290
   -0.05303246
    0.08701877
    0.01202773
    0.06371003
   -0.05013079
   -0.05176955
    0.06394929
   -0.08110920
   -0.05253497
    0.08516786
   -0.05452139
   -0.05299854
    0.08697659
   -0.32380696
    0.01214131
    0.06365968
   -0.05013375
   -0.05178641
    0.06396926
   -0.08106363
   -0.05253103
    0.08515926
   -0.32381419
    0.01883359
    0.02072723
    0.04299326
    0.04137638
    0.21439424
    0.04791218
    0.01882145
    0.02073383
    0.04303300
    0.04138163
    0.21442309
    0.04791344
   -0.05451979
   -0.05304627
    0.08707600
    0.01188153
    0.06378911
   -0.05017383
   -0.05176388
    0.06386136
   -0.08102679
   -0.05262675
    0.08517604
   -0.05455754
   -0.05299717
    0.08693285
   -0.32393985
    0.01232745
    0.06366631
   -0.05005220
   -0.05182182
    0.06396284
   -0.08099467
   -0.05267925
    0.08516215
   -0.32403864
    0.01875956
    0.02066612
    0.04296890
    0.04135106
    0.21425807
    0.04781654
    0.01875302
    0.02075863
    0.04304796
    0.04132797
    0.21426793
    0.04778016
