           1           2   1.7164402750746739     
           2           3   1.1215540901674266     
           3           4   1.2429569261087265     
           4           5   1.2481313824399161     
           5           6   1.2372421786821364     
           6           7   1.5923943332752493     
           7           8   1.2240368962313379     
           5           9   1.2259964592403207     
           8           9   1.2019733477812289     
           8          10   1.3443992952042125     
          10          11   1.3570986930874684     
          11          12   1.1068170062155203     
          12          13   1.7309403033554620     
          13          14   1.1088502345466864     
          11          15   1.3240910491199362     
          14          15   1.3251492109425425     
          14          16   1.3538428529465718     
          16          17   1.3464298731992299     
          17          18   1.2157689020697964     
          18          19   1.6079180080846560     
          19          20   1.2153948333337774     
          17          21   1.2098084984558073     
          20          21   1.2112630229847783     
          20          22   1.3415958699790602     
           1          23   1.1150361790328855     
          22          23   1.3670268996947343     
           3          24   1.3624531084745140     
          23          24   1.2983965885849114     
           1          25  0.97278490904305970     
           2          26  0.97150967868524851     
           6          27  0.97187063606496471     
           7          28  0.97291951892650097     
           9          29  0.90002170281580940     
          10          30  0.96370556782888950     
          12          31  0.97274191485481332     
          13          32  0.97279046460511986     
          16          33  0.96471260230557521     
          18          34  0.97289179424461614     
          19          35  0.97282522890466616     
          21          36  0.90037543183751090     
          22          37  0.96354123278633430     
          38          39   1.7164555679719125     
          39          40   1.1214987477005267     
          40          41   1.2426582518364511     
          41          42   1.2480123998532742     
          42          43   1.2373141344255303     
          43          44   1.5922792174635862     
          44          45   1.2241357416694245     
          42          46   1.2260609102792792     
          45          46   1.2019405832375116     
          45          47   1.3443360276321432     
          47          48   1.3571496690247062     
          48          49   1.1068515046107694     
          49          50   1.7309274327959545     
          50          51   1.1088389317470146     
          48          52   1.3240052475941351     
          51          52   1.3252171286653445     
          51          53   1.3538028122964485     
          53          54   1.3464372751729221     
          54          55   1.2157620862778902     
          55          56   1.6078701356576079     
          56          57   1.2154666894713964     
          54          58   1.2098051748208896     
          57          58   1.2112603881288639     
          57          59   1.3415015880648138     
          38          60   1.1150633393315073     
          59          60   1.3671720407836854     
          40          61   1.3627185908716419     
          60          61   1.2981881737904046     
          38          62  0.97278515292533108     
          39          63  0.97151028031083930     
          43          64  0.97187052588752598     
          44          65  0.97292093309087946     
          46          66  0.90009052263651368     
          47          67  0.96371536028448668     
          49          68  0.97274244018597211     
          50          69  0.97279031391072479     
          53          70  0.96470280179435397     
          55          71  0.97289221721670338     
          56          72  0.97282416207060662     
          58          73  0.90042577258686984     
          59          74  0.96354866102453296     
           4          75   1.1918021121015050     
          75          76   2.4609384261655842     
          76          77   1.3108004135971583     
          75          78  0.20159192723033970     
          77          78   2.4585870386625537     
          79          80   2.4542916542767546     
          80          81   1.3145477054934414     
          79          82  0.20108240708081776     
          81          82   2.4540711373589659     
          83          84   2.4536171686990818     
          84          85   1.3148778629695426     
          83          86  0.20103882992839392     
          85          86   2.4536858753780075     
          87          88   2.4539315058194702     
          88          89   1.3146601279813219     
          87          90  0.20109837823879806     
          89          90   2.4541226680382220     
          91          92   2.4580765840804286     
          92          93   1.3112988910952554     
          41          94   1.1922470813532724     
          91          94  0.20169259042598359     
          93          94   2.4604568576306347     
          95          96   1.7154950920451917     
          96          97   1.1234238146785038     
          78          98   1.1956368284352692     
          97          98   1.2414401501315671     
          98          99   1.2434232607349027     
          99         100   1.2416038711958590     
         100         101   1.5868799250177332     
         101         102   1.2284872737009560     
          99         103   1.2264885549769287     
         102         103   1.2033438559685412     
         102         104   1.3347760323772315     
         104         105   1.3725940678390822     
         105         106   1.1150006068144558     
         106         107   1.7156522671526897     
         107         108   1.1232060461070832     
         105         109   1.2938231952458303     
         108         109   1.3643256384512612     
          79         110   1.1979561474379306     
         108         110   1.2400848502558537     
         110         111   1.2423413479134320     
         111         112   1.2415397206452123     
         112         113   1.5870099452153865     
         113         114   1.2282736792982507     
         111         115   1.2272031838264901     
         114         115   1.2025769811708202     
         114         116   1.3359863569312695     
          95         117   1.1151298788975910     
         116         117   1.3711650213928646     
          97         118   1.3627398079539919     
         117         118   1.2951100764558650     
          95         119  0.97277044152163594     
          96         120  0.97162171458689361     
         100         121  0.97202554942285579     
         101         122  0.97292175059629504     
         103         123  0.89809004888539878     
         104         124  0.96302769116257914     
         106         125  0.97276979234525951     
         107         126  0.97163584596647656     
         112         127  0.97202192039012991     
         113         128  0.97291891432548960     
         115         129  0.89811468464611166     
         116         130  0.96302412065106646     
         131         132   1.7153593832110103     
         132         133   1.1235769588917566     
          82         134   1.1983227079509400     
         133         134   1.2400436324174748     
         134         135   1.2420672488930042     
         135         136   1.2420205355156062     
         136         137   1.5864806347174454     
         137         138   1.2286114783918878     
         135         139   1.2270870172577433     
         138         139   1.2031337251659966     
         138         140   1.3348354495372945     
         140         141   1.3725815159735482     
         141         142   1.1151314285970835     
         142         143   1.7154225587999741     
         143         144   1.1234805902128158     
         141         145   1.2936019287038849     
         144         145   1.3643468811742416     
          83         146   1.1985570115105477     
         144         146   1.2393643766760905     
         146         147   1.2424593609117291     
         147         148   1.2418948460209127     
         148         149   1.5866488472550044     
         149         150   1.2284338083787782     
         147         151   1.2270298533783746     
         150         151   1.2030869638855304     
         150         152   1.3351601035849052     
         131         153   1.1151155545023717     
         152         153   1.3720958572238315     
         133         154   1.3638441195010633     
         153         154   1.2941360414122305     
         131         155  0.97276781659444089     
         132         156  0.97164422464088829     
         136         157  0.97203628804568143     
         137         158  0.97291495867493794     
         139         159  0.89765681279472043     
         140         160  0.96297396731518325     
         142         161  0.97276297968617631     
         143         162  0.97163003236255097     
         148         163  0.97205629558843754     
         149         164  0.97291752148277566     
         151         165  0.89767484657524454     
         152         166  0.96298407362507776     
         167         168   1.7154924319332590     
         168         169   1.1233860135931313     
          86         170   1.1984925280513816     
         169         170   1.2393019708441928     
         170         171   1.2425328156780968     
         171         172   1.2418494976568157     
         172         173   1.5866092756353818     
         173         174   1.2285323219523003     
         171         175   1.2270378807941280     
         174         175   1.2030199515696613     
         174         176   1.3351350048500286     
         176         177   1.3721866098312063     
         177         178   1.1151403905344286     
         178         179   1.7153920634398250     
         179         180   1.1235096196176935     
         177         181   1.2939807957588982     
         180         181   1.3640123157230268     
          87         182   1.1983781828086342     
         180         182   1.2397227498604104     
         182         183   1.2423288690312819     
         183         184   1.2420082743565168     
         184         185   1.5864262022358011     
         185         186   1.2286842467332981     
         183         187   1.2270119941329878     
         186         187   1.2031641159181334     
         186         188   1.3347552004683814     
         167         189   1.1151174762059080     
         188         189   1.3726633967479520     
         169         190   1.3644942515261864     
         189         190   1.2935306233191446     
         167         191  0.97276269543962768     
         168         192  0.97161892640544512     
         172         193  0.97205450927406989     
         173         194  0.97291854287753965     
         175         195  0.89786103410020424     
         176         196  0.96299462671766467     
         178         197  0.97276563581057807     
         179         198  0.97162391960855243     
         184         199  0.97204619147912663     
         185         200  0.97291795205649867     
         187         201  0.89781821636585746     
         188         202  0.96299035220605744     
         203         204   1.7156876956463685     
         204         205   1.1231308525752475     
          90         206   1.1980260135933833     
         205         206   1.2396235045917019     
         206         207   1.2427038826619576     
         207         208   1.2414977125235063     
         208         209   1.5869458532867016     
         209         210   1.2283806831114146     
         207         211   1.2271342093071671     
         210         211   1.2025972831456520     
         210         212   1.3358706924023540     
         212         213   1.3713327827779449     
         213         214   1.1151675950891626     
         214         215   1.7155018251328626     
         215         216   1.1233706359911495     
         213         217   1.2948686887521876     
         216         217   1.3630496533278453     
          91         218   1.1960901261732995     
         216         218   1.2409824515039447     
         218         219   1.2434433293156828     
         219         220   1.2416463739955055     
         220         221   1.5867349090321010     
         221         222   1.2286449047340193     
         219         223   1.2265457349551965     
         222         223   1.2033042062744654     
         222         224   1.3346624637796731     
         203         225   1.1150415930935302     
         224         225   1.3727654628953554     
         205         226   1.3645833388307977     
         225         226   1.2935774797270549     
         203         227  0.97276755018551853     
         204         228  0.97162159750675792     
         208         229  0.97202837051355784     
         209         230  0.97292199488892206     
         211         231  0.89830670438341687     
         212         232  0.96304076167534036     
         214         233  0.97276915074374604     
         215         234  0.97161666562332816     
         220         235  0.97202792651823466     
         221         236  0.97292401164362641     
         223         237  0.89827559865339657     
         224         238  0.96304248109335400     
