    0.19883380
   -0.05052435
   -0.04899372
    0.07876962
    0.01676145
    0.07878948
   -0.04896198
   -0.05052616
    0.07722487
   -0.17155114
   -0.04945978
    0.07855079
   -0.04950135
   -0.04967871
    0.07922029
   -0.16975569
   -0.05125061
    0.07922022
   -0.04967995
   -0.04950180
    0.07854840
   -0.16975203
   -0.04945200
    0.07721913
   -0.17152684
    0.03475145
    0.03678369
    0.03678552
    0.03474092
    0.05023422
    0.03541323
    0.03533176
    0.04951755
    0.03533197
    0.03541265
    0.05024046
    0.19881668
   -0.05052312
   -0.04898098
    0.07876695
    0.01676516
    0.07877676
   -0.04895184
   -0.05052286
    0.07723973
   -0.17156338
   -0.04948617
    0.07854968
   -0.04950178
   -0.04967369
    0.07922194
   -0.16975388
   -0.05125835
    0.07922150
   -0.04967404
   -0.04950224
    0.07854979
   -0.16975098
   -0.04948055
    0.07723698
   -0.17155515
    0.03475377
    0.03677823
    0.03677775
    0.03474535
    0.05022645
    0.03541163
    0.03533191
    0.04951057
    0.03533149
    0.03541176
    0.05023179
   -0.01918805
   -0.00963692
   -0.00187390
   -0.00166398
   -0.00975074
   -0.01886902
   -0.01896729
   -0.00960853
   -0.00174706
   -0.00168852
   -0.00966104
   -0.01890625
   -0.01894574
   -0.00962139
   -0.00171767
   -0.00170733
   -0.00963097
   -0.01893558
   -0.01893781
   -0.00963222
   -0.00171056
   -0.00171730
   -0.00962543
   -0.01894270
   -0.01891122
   -0.00966303
   -0.00169612
   -0.00174990
   -0.00961493
   -0.01897522
   -0.01882590
   -0.00972844
   -0.00163106
   -0.00183913
   -0.00961900
   -0.01914202
    0.20090208
   -0.05052941
   -0.04934639
    0.07914393
    0.01664615
    0.07917559
   -0.04930221
   -0.05053109
    0.07666927
   -0.17315778
   -0.04722343
    0.07666288
   -0.05053418
   -0.04930747
    0.07917232
   -0.17310802
    0.01676876
    0.07917377
   -0.04930050
   -0.05053675
    0.07666555
   -0.17311934
   -0.04721715
    0.07666834
   -0.17313903
    0.03420170
    0.03601162
    0.03601222
    0.03419113
    0.05040150
    0.03422584
    0.03611438
    0.03611673
    0.03422324
    0.05040616
    0.20114921
   -0.05051415
   -0.04930873
    0.07918310
    0.01668001
    0.07917605
   -0.04932346
   -0.05051678
    0.07663332
   -0.17307269
   -0.04718261
    0.07663737
   -0.05052020
   -0.04929838
    0.07918150
   -0.17306941
    0.01672423
    0.07916570
   -0.04931503
   -0.05051975
    0.07663608
   -0.17306096
   -0.04718103
    0.07663406
   -0.17308332
    0.03423856
    0.03609273
    0.03609365
    0.03424354
    0.05044979
    0.03424582
    0.03611570
    0.03611913
    0.03425087
    0.05044868
    0.20121793
   -0.05051561
   -0.04930869
    0.07917211
    0.01670083
    0.07918409
   -0.04930951
   -0.05051733
    0.07663299
   -0.17305692
   -0.04718181
    0.07663364
   -0.05051661
   -0.04930486
    0.07918112
   -0.17305426
    0.01670167
    0.07917730
   -0.04931456
   -0.05051475
    0.07663453
   -0.17305688
   -0.04718156
    0.07663441
   -0.17304975
    0.03425867
    0.03611752
    0.03612220
    0.03425768
    0.05046198
    0.03425673
    0.03611699
    0.03612414
    0.03426007
    0.05046403
    0.20114180
   -0.05052048
   -0.04929617
    0.07918000
    0.01671992
    0.07916826
   -0.04931985
   -0.05051930
    0.07663721
   -0.17306235
   -0.04717958
    0.07663697
   -0.05051647
   -0.04930271
    0.07918345
   -0.17307943
    0.01668094
    0.07917058
   -0.04932926
   -0.05051628
    0.07663556
   -0.17307181
   -0.04717895
    0.07664108
   -0.17307314
    0.03424392
    0.03611151
    0.03612281
    0.03425094
    0.05044694
    0.03423597
    0.03609023
    0.03609752
    0.03424412
    0.05044683
    0.20088389
   -0.05053175
   -0.04930351
    0.07916753
    0.01676131
    0.07917957
   -0.04929105
   -0.05053497
    0.07666898
   -0.17311636
   -0.04724604
    0.07668568
   -0.05052789
   -0.04933187
    0.07914022
   -0.17315737
    0.01665275
    0.07916421
   -0.04929535
   -0.05053046
    0.07669055
   -0.17317900
   -0.04725052
    0.07666902
   -0.17310700
    0.03422838
    0.03611695
    0.03612122
    0.03422366
    0.05039786
    0.03420492
    0.03600656
    0.03600666
    0.03419600
    0.05039551
