           2           3   1.6498959645804359     
           3           4   1.1752334716522408     
           4           5   1.2482217486583393     
           5           6   1.2484849369444224     
           6           7   1.1752398496382321     
           7           8   1.6498815672165674     
           8           9   1.1671509023963063     
           1          10  0.53386052905156134     
           6          10   1.2881203330777287     
           9          10   1.2485011699223687     
           9          11   1.3549169529666087     
          11          12   1.3519472129659329     
          12          13   1.1581006049275639     
          13          14   1.6658273778911821     
          14          15   1.1576355874308115     
           1          16  0.53501262332835797     
          12          16   1.2628735844473116     
          15          16   1.2650495665750043     
          15          17   1.3515437866528739     
          17          18   1.3515334377886168     
          18          19   1.1576381200837098     
          19          20   1.6658143432228982     
          20          21   1.1581136786895616     
           1          22  0.53498556417430598     
          18          22   1.2650572561626134     
          21          22   1.2628791436792701     
          21          23   1.3519280107312768     
           2          24   1.1671577472489076     
          23          24   1.3549518673690812     
           1          25  0.53385222777277963     
           4          25   1.2882161610657521     
          24          25   1.2484386630189628     
           2          26  0.97228200192224301     
           3          27  0.97065863598419500     
           7          28  0.97066123954505057     
           8          29  0.97228351846179883     
          11          30  0.96377232106497868     
          13          31  0.97217502092839247     
          14          32  0.97219862688461145     
          17          33  0.96416255848442034     
          19          34  0.97219882862699658     
          20          35  0.97217491984301807     
          23          36  0.96377049217408717     
          38          39   1.6500080411390852     
          39          40   1.1751500875057044     
          40          41   1.2485682634263910     
          41          42   1.2487747818511139     
          42          43   1.1751649563164583     
          43          44   1.6499855235874743     
          44          45   1.1670994021927588     
          37          46  0.53373981649586610     
          42          46   1.2879508586038328     
          45          46   1.2486506934820261     
          45          47   1.3548461477050484     
          47          48   1.3519990561788333     
          48          49   1.1580776190418844     
          49          50   1.6658550343819365     
          50          51   1.1576356624560407     
          37          52  0.53501628785593114     
          48          52   1.2628747444467694     
          51          52   1.2650331746543655     
          51          53   1.3515567924454144     
          53          54   1.3515547657654543     
          54          55   1.1576284698282038     
          55          56   1.6658528835337623     
          56          57   1.1580822202633247     
          37          58  0.53496044555674926     
          54          58   1.2650434866789342     
          57          58   1.2628862346495919     
          57          59   1.3519821023028313     
          38          60   1.1670873856278252     
          59          60   1.3548881876548864     
          37          61  0.53371027383469671     
          40          61   1.2880353975728109     
          60          61   1.2485994601904067     
          38          62  0.97228175876515233     
          39          63  0.97064939780965520     
          43          64  0.97066262440064965     
          44          65  0.97228294282829775     
          47          66  0.96377348087028714     
          49          67  0.97217578967404272     
          50          68  0.97219854994213295     
          53          69  0.96416473122577551     
          55          70  0.97219901903646699     
          56          71  0.97217504197590199     
          59          72  0.96377153516816916     
           5          73   1.1883240772145276     
          73          74   2.4413586255658917     
          74          75   1.3331129467571816     
          73          76  0.19263118016744335     
          75          76   2.3553152365172512     
          76          77   1.3340532783532812     
          75          78  0.19243839295082088     
          77          78   2.4383770620503427     
          79          80   2.4363215392233775     
          80          81   1.3357691444310560     
          79          82  0.19209816926014806     
          81          82   2.3519560039553573     
          82          83   1.3358027828878443     
          81          84  0.19209761825371718     
          83          84   2.4362317492021592     
          85          86   2.4361536044897112     
          86          87   1.3358557420529722     
          85          88  0.19207607313439387     
          87          88   2.3518609641138681     
          88          89   1.3358418391975797     
          87          90  0.19206649576544579     
          89          90   2.4361724867650372     
          91          92   2.4361544858397344     
          92          93   1.3358542511897988     
          91          94  0.19206916809624813     
          93          94   2.3518474449157578     
          94          95   1.3358654473208418     
          93          96  0.19207782402894819     
          95          96   2.4361427731017913     
          97          98   2.4362942510540568     
          98          99   1.3357411661148229     
          97         100  0.19209746857589366     
          99         100   2.3520594631802076     
         100         101   1.3356987174604278     
          99         102  0.19210518772240104     
         101         102   2.4364234876946025     
         103         104   2.4390862074590647     
         104         105   1.3333505275419868     
         103         106  0.19235963322594207     
         105         106   2.3560706764396375     
         106         107   1.3324026555371842     
          41         108   1.1876627458753162     
         105         108  0.19254733173261063     
         107         108   2.4420816029825141     
         110         111   1.6489127288752834     
         111         112   1.1757268046812825     
          78         113   1.1913751264411510     
         112         113   1.2452240067411158     
         113         114   1.2455189594970459     
         114         115   1.1757128786066171     
         115         116   1.6489111643154128     
         116         117   1.1680592784638029     
         109         118  0.52851861780409770     
         114         118   1.2911793043470727     
         117         118   1.2476140701987133     
         117         119   1.3541109590522418     
         119         120   1.3539716482502278     
         120         121   1.1681507663991744     
         121         122   1.6487440632215833     
         122         123   1.1758571120076573     
         109         124  0.52832649521047770     
         120         124   1.2476175099190772     
         123         124   1.2913990229823544     
          79         125   1.1924305024154691     
         123         125   1.2448895180089363     
         125         126   1.2449431904663031     
         126         127   1.1758670336068402     
         127         128   1.6487357657307822     
         128         129   1.1681446196048504     
         109         130  0.52830118033398366     
         126         130   1.2913759002595524     
         129         130   1.2476428809453748     
         129         131   1.3539599755301062     
         110         132   1.1680685824547647     
         131         132   1.3541433840960497     
         109         133  0.52844068069339445     
         112         133   1.2912586458822013     
         132         133   1.2475651243312318     
         110         134  0.97232502181445513     
         111         135  0.97076030145346659     
         115         136  0.97075778873269525     
         116         137  0.97232684367990341     
         119         138  0.96349967344828913     
         121         139  0.97232626079070483     
         122         140  0.97075455544021927     
         127         141  0.97075174466771186     
         128         142  0.97232611791990442     
         131         143  0.96349731850233356     
         145         146   1.6486117657980675     
         146         147   1.1759414471702971     
          84         148   1.1925050052962609     
         147         148   1.2448778361106734     
         148         149   1.2447502374974719     
         149         150   1.1759510306862320     
         150         151   1.6486090164141443     
         151         152   1.1682480867267850     
         144         153  0.52869631653800375     
         149         153   1.2914062210812784     
         152         153   1.2473353911720748     
         152         154   1.3541244796470815     
         154         155   1.3539871073761605     
         155         156   1.1682712876246923     
         156         157   1.6485616526514595     
         157         158   1.1759856529120916     
         144         159  0.52864219595491491     
         155         159   1.2474428396711423     
         158         159   1.2913255188542450     
          85         160   1.1925566425012928     
         158         160   1.2448634443564257     
         160         161   1.2447381667232604     
         161         162   1.1760082650963000     
         162         163   1.6485490560847813     
         163         164   1.1682854262148044     
         144         165  0.52869185795980422     
         161         165   1.2913467891729287     
         164         165   1.2474069083413084     
         164         166   1.3540020142075129     
         145         167   1.1682427757350293     
         166         167   1.3541064200769204     
         144         168  0.52865601390873695     
         147         168   1.2913684991335954     
         167         168   1.2473713716850778     
         145         169  0.97232349784418215     
         146         170  0.97075566788201717     
         150         171  0.97075031381797106     
         151         172  0.97232309854482057     
         154         173  0.96348958392308370     
         156         174  0.97232352770333896     
         157         175  0.97075075368011654     
         162         176  0.97075341527397219     
         163         177  0.97232308238065468     
         166         178  0.96348901917668806     
         180         181   1.6485234216807649     
         181         182   1.1760213760278422     
          90         183   1.1925447026463707     
         182         183   1.2447932222139417     
         183         184   1.2448098952399658     
         184         185   1.1760003005316166     
         185         186   1.6485365853978600     
         186         187   1.1682975202863846     
         179         188  0.52875182465542148     
         184         188   1.2913329001047469     
         187         188   1.2473188125534564     
         187         189   1.3540763257461448     
         189         190   1.3540645510504252     
         190         191   1.1682990559890178     
         191         192   1.6485338054128191     
         192         193   1.1760022517145394     
         179         194  0.52872396610303662     
         190         194   1.2473319871416768     
         193         194   1.2913424785380023     
          91         195   1.1925597931695289     
         193         195   1.2448058330690035     
         195         196   1.2447895910993365     
         196         197   1.1760130539527371     
         197         198   1.6485286221144357     
         198         199   1.1683029633016833     
         179         200  0.52875410192522687     
         196         200   1.2913153628866629     
         199         200   1.2473280614892552     
         199         201   1.3540703549287039     
         180         202   1.1683037852028448     
         201         202   1.3540512918993761     
         179         203  0.52872516368350020     
         182         203   1.2913099859793580     
         202         203   1.2473499605285270     
         180         204  0.97232253864778262     
         181         205  0.97075745856461138     
         185         206  0.97074654212017197     
         186         207  0.97232238232447921     
         189         208  0.96348571210175105     
         191         209  0.97232270533866039     
         192         210  0.97075012751093137     
         197         211  0.97075314454102946     
         198         212  0.97232258040796238     
         201         213  0.96348575728018615     
         215         216   1.6485516547307650     
         216         217   1.1759871346500419     
          96         218   1.1925629796062871     
         217         218   1.2448699336481730     
         218         219   1.2447227708312452     
         219         220   1.1759844422813099     
         220         221   1.6485665760519979     
         221         222   1.1682878581828327     
         214         223  0.52862924675535172     
         219         223   1.2913799137112885     
         222         223   1.2473761094629985     
         222         224   1.3540294655694920     
         224         225   1.3540862561134936     
         225         226   1.1682587724895659     
         226         227   1.6486015761419959     
         227         228   1.1759439663500606     
         214         229  0.52857854579236729     
         225         229   1.2473799579820188     
         228         229   1.2913716345780402     
          97         230   1.1924839179875613     
         228         230   1.2449053815534870     
         230         231   1.2447424389095483     
         231         232   1.1759486618421613     
         232         233   1.6486097897531731     
         233         234   1.1682606600267995     
         214         235  0.52865495889675140     
         231         235   1.2914073619514190     
         234         235   1.2473152739908522     
         234         236   1.3541316873530542     
         215         237   1.1682874811406982     
         236         237   1.3539868251769582     
         214         238  0.52854396934923442     
         217         238   1.2913432575858046     
         237         238   1.2474381619095543     
         215         239  0.97232444001361962     
         216         240  0.97075344167193456     
         220         241  0.97075065571877250     
         221         242  0.97232308373534915     
         224         243  0.96349109420102941     
         226         244  0.97232422567719479     
         227         245  0.97075636432837076     
         232         246  0.97074945457829442     
         233         247  0.97232297360671549     
         236         248  0.96349084001688756     
         250         251   1.6487803953495646     
         251         252   1.1758548281859393     
         102         253   1.1923693427423110     
         252         253   1.2449220465566957     
         253         254   1.2450080931421976     
         254         255   1.1758462199039317     
         255         256   1.6487701984466385     
         256         257   1.1681287841720125     
         249         258  0.52834939676750614     
         254         258   1.2913511471944343     
         257         258   1.2476197086153216     
         257         259   1.3540196171861429     
         259         260   1.3540656773812001     
         260         261   1.1680107449476116     
         261         262   1.6490105351590874     
         262         263   1.1756537810697090     
         249         264  0.52834535548945039     
         260         264   1.2477167849218165     
         263         264   1.2910644130013642     
         103         265   1.1907230506892219     
         263         265   1.2455601197583637     
         265         266   1.2458122343640858     
         266         267   1.1756373541824687     
         267         268   1.6490093730389677     
         268         269   1.1680043658175523     
         249         270  0.52836523191840834     
         266         270   1.2910048433727612     
         269         270   1.2477636770217664     
         269         271   1.3540392919224529     
         250         272   1.1681190949276041     
         271         272   1.3540305915113870     
         249         273  0.52834448121313005     
         252         273   1.2913557026364071     
         272         273   1.2476167794400150     
         250         274  0.97232608841722878     
         251         275  0.97075520376823776     
         255         276  0.97075130155560008     
         256         277  0.97232659460734194     
         259         278  0.96349815679087936     
         261         279  0.97232479928726812     
         262         280  0.97075514836777144     
         267         281  0.97075513509353850     
         268         282  0.97232635539903578     
         271         283  0.96349969978049821     
