    0.24462859
   -0.05199521
   -0.05038501
    0.07728474
    0.01698470
    0.07729821
   -0.05035556
   -0.05199311
    0.07561635
   -0.17678281
   -0.04974325
    0.07690392
   -0.05102790
   -0.05117301
    0.07741083
   -0.17478658
   -0.05153648
    0.07740818
   -0.05117121
   -0.05103039
    0.07689773
   -0.17475856
   -0.04973571
    0.07562370
   -0.17681929
    0.03367873
    0.03540997
    0.03546443
    0.03367994
    0.04920507
    0.03426669
    0.03418376
    0.04856374
    0.03418890
    0.03427156
    0.04921203
    0.24462185
   -0.05198868
   -0.05038000
    0.07727326
    0.01698092
    0.07727288
   -0.05037114
   -0.05199193
    0.07564644
   -0.17683280
   -0.04977803
    0.07690669
   -0.05103238
   -0.05117234
    0.07740803
   -0.17478192
   -0.05154550
    0.07740845
   -0.05117165
   -0.05103103
    0.07690907
   -0.17479737
   -0.04977058
    0.07564278
   -0.17681070
    0.03368815
    0.03545927
    0.03548984
    0.03368244
    0.04919425
    0.03426637
    0.03418261
    0.04855532
    0.03417841
    0.03426308
    0.04919651
   -0.02042796
   -0.01002588
   -0.00938734
   -0.02112601
   -0.02069142
   -0.00961485
   -0.00962666
   -0.02069642
   -0.02108299
   -0.00935499
   -0.01000666
   -0.02037168
    0.24636739
   -0.05182329
   -0.05040891
    0.07744985
    0.01731600
    0.07748611
   -0.05036403
   -0.05183539
    0.07514458
   -0.17692718
   -0.04762224
    0.07510132
   -0.05179939
   -0.05044181
    0.07754889
   -0.17691231
    0.01705044
    0.07753881
   -0.05046523
   -0.05180091
    0.07508871
   -0.17691727
   -0.04760901
    0.07512808
   -0.17684153
    0.03380423
    0.03552238
    0.03553568
    0.03377954
    0.04988585
    0.03379316
    0.03544025
    0.03543885
    0.03379650
    0.04989981
    0.24636026
   -0.05179948
   -0.05044409
    0.07754513
    0.01704761
    0.07754333
   -0.05045487
   -0.05180298
    0.07510539
   -0.17692033
   -0.04764152
    0.07516246
   -0.05182224
   -0.05040236
    0.07744192
   -0.17689058
    0.01731963
    0.07746607
   -0.05036958
   -0.05182512
    0.07517127
   -0.17692488
   -0.04765201
    0.07510660
   -0.17691976
    0.03379587
    0.03543592
    0.03544838
    0.03379788
    0.04989128
    0.03380914
    0.03556379
    0.03558814
    0.03379471
    0.04988169
