           2           3   1.6504077696810424     
           3           4   1.1793285601440768     
           4           5   1.2516146046055248     
           5           6   1.2518825434967900     
           6           7   1.1792193587688453     
           7           8   1.6505227012253076     
           8           9   1.1709956689089736     
           1          10  0.48895816572673778     
           6          10   1.2861762610130965     
           9          10   1.2467706448305282     
           9          11   1.3576981300025996     
          11          12   1.3538536115571740     
          12          13   1.1628983259726695     
          13          14   1.6655015809702975     
          14          15   1.1621171862724275     
           1          16  0.49141764801088950     
          12          16   1.2608791458537094     
          15          16   1.2632153051681245     
          15          17   1.3540409939033453     
          17          18   1.3540816685494030     
          18          19   1.1621092598583385     
          19          20   1.6655375814654296     
          20          21   1.1628516167317895     
           1          22  0.49147831274299530     
          18          22   1.2631805258290028     
          21          22   1.2608844185679779     
          21          23   1.3538957650248729     
           2          24   1.1710711533719533     
          23          24   1.3576616411157514     
           1          25  0.48882296342452275     
           4          25   1.2862065343249638     
          24          25   1.2467620286768106     
           2          26  0.97242882409921538     
           3          27  0.97097779498176617     
           7          28  0.97096731911315481     
           8          29  0.97242792174032955     
          11          30  0.96391300525758949     
          13          31  0.97233761328872459     
          14          32  0.97236233169303043     
          17          33  0.96424065281743543     
          19          34  0.97235941135351367     
          20          35  0.97233812240282269     
          23          36  0.96390948106351493     
          38          39   1.6506492160434378     
          39          40   1.1791110237109534     
          40          41   1.2522231977070688     
          41          42   1.2523446240029867     
          42          43   1.1790993579979685     
          43          44   1.6506375699109017     
          44          45   1.1709699894935126     
          37          46  0.48893387428562401     
          42          46   1.2858979902119902     
          45          46   1.2469249614348115     
          45          47   1.3576172759957159     
          47          48   1.3539199910195912     
          48          49   1.1628544738556064     
          49          50   1.6655388172193040     
          50          51   1.1621243189778390     
          37          52  0.49149349894387917     
          48          52   1.2608957706530035     
          51          52   1.2631610480136868     
          51          53   1.3540933095445515     
          53          54   1.3541003009865160     
          54          55   1.1620809358125013     
          55          56   1.6655710766749909     
          56          57   1.1628380302220696     
          37          58  0.49140988929069862     
          54          58   1.2631956164888172     
          57          58   1.2609030419816121     
          57          59   1.3539262760756774     
          38          60   1.1709419389916031     
          59          60   1.3576554573248312     
          37          61  0.48894073679646732     
          40          61   1.2859344096907330     
          60          61   1.2468870871636126     
          38          62  0.97242464701087017     
          39          63  0.97095389450700864     
          43          64  0.97097250454234152     
          44          65  0.97242691665902170     
          47          66  0.96391404226962207     
          49          67  0.97234005684935720     
          50          68  0.97236097729650428     
          53          69  0.96424009818744028     
          55          70  0.97236050696724741     
          56          71  0.97233763301448750     
          59          72  0.96391119233446054     
           5          73   1.1846280352685421     
          73          74   2.4700138523126141     
          74          75   1.3052179313494336     
          73          76  0.20289911690908882     
          75          76   2.4684413995454157     
          77          78   2.4657348436049591     
          78          79   1.3074976138861965     
          77          80  0.20257337224227207     
          79          80   2.4657370074477618     
          81          82   2.4693929257643350     
          82          83   1.3041710217565776     
          41          84   1.1835384434089069     
          81          84  0.20266040780886724     
          83          84   2.4709718847408095     
          86          87   1.6479669531947683     
          87          88   1.1808430556759608     
          76          89   1.1868497188384759     
          88          89   1.2492428963851137     
          89          90   1.2496504769470691     
          90          91   1.1809137242880827     
          91          92   1.6479146817660053     
          92          93   1.1732383682336491     
          85          94  0.48874590009086510     
          90          94   1.2872059051194420     
          93          94   1.2449929358665830     
          93          95   1.3558488199541716     
          95          96   1.3566385976431850     
          96          97   1.1732298243731627     
          97          98   1.6478975998431804     
          98          99   1.1809096192943220     
          85         100  0.48891033479526441     
          96         100   1.2443286527727258     
          99         100   1.2877942647213960     
          77         101   1.1882302767046740     
          99         101   1.2488045111476043     
         101         102   1.2486409505308440     
         102         103   1.1808482992781797     
         103         104   1.6479642584389276     
         104         105   1.1731900548549312     
          85         106  0.48874402291968921     
         102         106   1.2879110664671751     
         105         106   1.2443472274593992     
         105         107   1.3566105544184697     
          86         108   1.1732607197829117     
         107         108   1.3559581472298070     
          85         109  0.48880875474941093     
          88         109   1.2873907561384128     
         108         109   1.2448159896119813     
          86         110  0.97241130024943689     
          87         111  0.97097198098144000     
          91         112  0.97098532853697894     
          92         113  0.97242150844918418     
          95         114  0.96358363383145795     
          97         115  0.97241725857274985     
          98         116  0.97098586367263284     
         103         117  0.97098670467643533     
         104         118  0.97241586987264872     
         107         119  0.96357825929981844     
         121         122   1.6479638648635735     
         122         123   1.1808744403589064     
          80         124   1.1882032202924988     
         123         124   1.2487896568935999     
         124         125   1.2487434263553125     
         125         126   1.1808610080773734     
         126         127   1.6479651472843924     
         127         128   1.1731808431024240     
         120         129  0.48883367643222764     
         125         129   1.2878339825220237     
         128         129   1.2443576294875391     
         128         130   1.3566554111412599     
         130         131   1.3558823041399393     
         131         132   1.1731500883842547     
         132         133   1.6481137645163835     
         133         134   1.1807428249114340     
         120         135  0.48876853911697005     
         131         135   1.2450293025815269     
         134         135   1.2870817353964172     
          81         136   1.1857817620474274     
         134         136   1.2497950116789105     
         136         137   1.2501082719625434     
         137         138   1.1807178024171232     
         138         139   1.6481086999859045     
         139         140   1.1731603783061528     
         120         141  0.48879335691037790     
         137         141   1.2869865414303614     
         140         141   1.2450996615900456     
         140         142   1.3558214391823158     
         121         143   1.1731732103249664     
         142         143   1.3566805004770386     
         120         144  0.48889422859093118     
         123         144   1.2877929069682092     
         143         144   1.2443479073432751     
         121         145  0.97241682573941413     
         122         146  0.97098605845268182     
         126         147  0.97098562784848441     
         127         148  0.97241737075987200     
         130         149  0.96358082709865533     
         132         150  0.97241317724094334     
         133         151  0.97096464041759822     
         138         152  0.97097192626356765     
         139         153  0.97241534327314727     
         142         154  0.96358361717968999     
