   -0.05469217
   -0.05295227
    0.08671830
    0.01183923
    0.06378672
   -0.04975638
   -0.05184701
    0.06466333
   -0.08177825
   -0.05575637
    0.08680420
   -0.05384509
   -0.05384561
    0.08639839
   -0.32144258
   -0.05713205
    0.06499631
   -0.05108537
   -0.05090386
    0.06566179
   -0.08132469
   -0.05557548
    0.08586468
   -0.32522217
    0.01853566
    0.02132891
    0.04326934
    0.04120442
    0.21409200
    0.04648323
    0.01916354
    0.01920941
    0.04577761
    0.04166699
    0.04164496
    0.21426594
    0.04665364
   -0.02189680
   -0.01106340
   -0.01108169
   -0.02180631
   -0.05383898
   -0.05385088
    0.08641123
   -0.05713473
    0.06500460
   -0.05107602
   -0.05090226
    0.06567784
   -0.08132932
   -0.05562300
    0.08589683
   -0.05471421
   -0.05276444
    0.08683010
   -0.32539599
    0.01189039
    0.06369000
   -0.04990085
   -0.05180885
    0.06463852
   -0.08156121
   -0.05568239
    0.08678876
   -0.32142986
    0.01917187
    0.01921472
    0.04577335
    0.04165635
    0.04163582
    0.21418328
    0.04659086
    0.01843277
    0.02121296
    0.04335283
    0.04128393
    0.21411948
    0.04653548
