           1           2   1.7180392289609707     
           2           3   1.1206467497614185     
           3           4   1.2533850230998078     
           4           5   1.2565174367062653     
           5           6   1.2342252843711776     
           6           7   1.5955454967620470     
           7           8   1.2222235323393873     
           5           9   1.2224833883775479     
           8           9   1.2034085318783307     
           8          10   1.3449745990145223     
          10          11   1.3570335283310928     
          11          12   1.1066487564843366     
          12          13   1.7311376947869708     
          13          14   1.1086574068507131     
          11          15   1.3244350976479029     
          14          15   1.3254602839921830     
          14          16   1.3537397916006968     
          16          17   1.3475582456259909     
          17          18   1.2148691399692768     
          18          19   1.6095750753438751     
          19          20   1.2139139263279433     
          17          21   1.2097396278492401     
          20          21   1.2106046516005311     
          20          22   1.3449403382287817     
           1          23   1.1141067553014010     
          22          23   1.3624636176848159     
           3          24   1.3542148248570696     
          23          24   1.3047166088200650     
           1          25  0.97278176432734587     
           2          26  0.97135249802393109     
           6          27  0.97178608778674169     
           7          28  0.97291917104175618     
           9          29  0.89999361172303405     
          10          30  0.96377250249742197     
          12          31  0.97275092962735599     
          13          32  0.97279753515420442     
          16          33  0.96475080890308051     
          18          34  0.97290343077169972     
          19          35  0.97284066577765216     
          21          36  0.90036927985906923     
          22          37  0.96362863876134175     
           4          38   1.1719760471853042     
          38          39   2.4809785423332280     
          39          40   1.2902235196645067     
          38          41  0.19874773416083058     
          40          41   2.4813201962365903     
          42          43   1.7311065852404397     
          43          44   1.1086529163637988     
          44          45   1.3535370069739279     
          45          46   1.3477719245551691     
          46          47   1.2147814359708833     
          47          48   1.6097300849230980     
          48          49   1.2137883946157051     
          46          50   1.2096485648692736     
          49          50   1.2105331094471781     
          49          51   1.3451881875089833     
          51          52   1.3620846065710508     
          52          53   1.1139658093202018     
          53          54   1.7181324224500889     
          54          55   1.1205769492962399     
          52          56   1.3054102498406093     
          55          56   1.3535799217293105     
          41          57   1.1716503874081223     
          55          57   1.2550916989722831     
          57          58   1.2552353372304128     
          58          59   1.2343111484181279     
          59          60   1.5955295332100712     
          60          61   1.2223686939711353     
          58          62   1.2228247670539401     
          61          62   1.2031697272507715     
          61          63   1.3449686867659534     
          42          64   1.1067042416552655     
          63          64   1.3571816814966891     
          44          65   1.3256635229704381     
          64          65   1.3242465552863527     
          42          66  0.97275227420818466     
          43          67  0.97280082271407364     
          45          68  0.96474616754419418     
          47          69  0.97290061241877002     
          48          70  0.97284067352409531     
          50          71  0.90045215021301428     
          51          72  0.96364263940952655     
          53          73  0.97279764767856647     
          54          74  0.97136475274647349     
          59          75  0.97174344543441316     
          60          76  0.97290708900353839     
          62          77  0.90002841251879595     
          63          78  0.96375709564138679     
