    0.56183715
   -0.05425920
   -0.05427215
    0.07022844
    0.01040447
    0.07025763
   -0.05423631
   -0.05426245
    0.06425340
   -0.21431290
   -0.06034735
    0.06546178
   -0.05341140
   -0.05512111
    0.07040816
   -0.21272246
   -0.05909334
    0.07040886
   -0.05512457
   -0.05341469
    0.06546330
   -0.21273110
   -0.06033763
    0.06424379
   -0.21426765
    0.03036603
    0.03282810
    0.03284418
    0.03034509
    0.04937865
    0.03075427
    0.03106460
    0.04739713
    0.03106315
    0.03075379
    0.04938693
    0.56180545
   -0.05425713
   -0.05427438
    0.07021682
    0.01040232
    0.07024223
   -0.05423901
   -0.05426004
    0.06427330
   -0.21432151
   -0.06036854
    0.06546764
   -0.05341297
   -0.05511947
    0.07040610
   -0.21272202
   -0.05909916
    0.07040658
   -0.05512192
   -0.05341361
    0.06546752
   -0.21272859
   -0.06036041
    0.06426528
   -0.21428344
    0.03036733
    0.03285659
    0.03286802
    0.03035084
    0.04937120
    0.03075277
    0.03106326
    0.04739318
    0.03106183
    0.03075246
    0.04937876
   -0.02254507
   -0.01120756
   -0.01102539
   -0.02272728
   -0.02257048
   -0.01109297
   -0.01108723
   -0.02256766
   -0.02257236
   -0.01108734
   -0.01110230
   -0.02257321
   -0.02267338
   -0.01099685
   -0.01117841
   -0.02248926
    0.56524641
   -0.05421619
   -0.05434891
    0.07055078
    0.01034261
    0.07057510
   -0.05430994
   -0.05421671
    0.06400597
   -0.21549704
   -0.05863254
    0.06399414
   -0.05420196
   -0.05436549
    0.07062433
   -0.21553363
    0.01026913
    0.07062863
   -0.05436797
   -0.05420178
    0.06399089
   -0.21553794
   -0.05862425
    0.06399606
   -0.21546121
    0.03029564
    0.03262980
    0.03264714
    0.03028095
    0.04989702
    0.03030538
    0.03265337
    0.03266167
    0.03030387
    0.04990504
    0.56551644
   -0.05421195
   -0.05436920
    0.07060910
    0.01028401
    0.07060105
   -0.05437668
   -0.05420993
    0.06398139
   -0.21553083
   -0.05857111
    0.06398494
   -0.05421193
   -0.05436151
    0.07061241
   -0.21555574
    0.01028536
    0.07059822
   -0.05438339
   -0.05420931
    0.06397995
   -0.21552770
   -0.05856772
    0.06398215
   -0.21554628
    0.03031109
    0.03265234
    0.03265264
    0.03031689
    0.04991859
    0.03030819
    0.03265203
    0.03265311
    0.03031819
    0.04992139
    0.56522392
   -0.05420137
   -0.05436345
    0.07062069
    0.01026632
    0.07062766
   -0.05436300
   -0.05420304
    0.06399892
   -0.21554339
   -0.05864713
    0.06401596
   -0.05421203
   -0.05435243
    0.07053502
   -0.21546505
    0.01034151
    0.07056066
   -0.05430959
   -0.05421458
    0.06402651
   -0.21551444
   -0.05865563
    0.06399815
   -0.21552764
    0.03030633
    0.03265428
    0.03266404
    0.03030294
    0.04989675
    0.03030317
    0.03266542
    0.03267032
    0.03028486
    0.04988965
