           2           3   1.6441934323826997     
           3           4   1.1821581230007179     
           4           5   1.2565094016045770     
           5           6   1.2568384779791282     
           6           7   1.1821454647242344     
           7           8   1.6441954453767675     
           8           9   1.1709874432603138     
           1          10  0.65661129596842094     
           6          10   1.2573066915854312     
           9          10   1.2166205546489288     
           9          11   1.3612475519863101     
          11          12   1.3609106266164559     
          12          13   1.1627940798302066     
          13          14   1.6598566245616366     
          14          15   1.1638820734111772     
           1          16  0.65964438657617330     
          12          16   1.2265849000322886     
          15          16   1.2387746106288495     
          15          17   1.3579146485429361     
          17          18   1.3578871800667476     
          18          19   1.1638975564211731     
          19          20   1.6598311742686693     
          20          21   1.1628126496710969     
           1          22  0.65956352303989996     
          18          22   1.2387906440561511     
          21          22   1.2266168428141939     
          21          23   1.3608740630012481     
           2          24   1.1710033559351116     
          23          24   1.3613065162347060     
           1          25  0.65665049785379936     
           4          25   1.2573938728526834     
          24          25   1.2165164949988592     
           2          26  0.97224920230895195     
           3          27  0.97121788490286720     
           7          28  0.97122318672352126     
           8          29  0.97225108004793936     
          11          30  0.96294225689368285     
          13          31  0.97214532009640708     
          14          32  0.97241425609376786     
          17          33  0.96491747252089066     
          19          34  0.97241530745145832     
          20          35  0.97214570811084422     
          23          36  0.96293937203732383     
          38          39   1.6443325879427584     
          39          40   1.1820262440476894     
          40          41   1.2569360387978405     
          41          42   1.2572129047474034     
          42          43   1.1820268371881630     
          43          44   1.6443207144888701     
          44          45   1.1709377114645689     
          37          46  0.65669561148497690     
          42          46   1.2571155156554668     
          45          46   1.2166812224504895     
          45          47   1.3612371529772265     
          47          48   1.3609410130699708     
          48          49   1.1627734787427715     
          49          50   1.6598794989720251     
          50          51   1.1638726014585792     
          37          52  0.65966061396265219     
          48          52   1.2265992970692101     
          51          52   1.2387560980010677     
          51          53   1.3579366502274115     
          53          54   1.3579153015620977     
          54          55   1.1638800117034140     
          55          56   1.6598638318036545     
          56          57   1.1627878036892885     
          37          58  0.65960950782535721     
          54          58   1.2387754956009545     
          57          58   1.2266081015266543     
          57          59   1.3609243402874589     
          38          60   1.1709432897946885     
          59          60   1.3612696277265084     
          37          61  0.65668447890981585     
          40          61   1.2571954362020654     
          60          61   1.2166228280824070     
          38          62  0.97224844359187612     
          39          63  0.97121193942649309     
          43          64  0.97121362695395830     
          44          65  0.97225028637529531     
          47          66  0.96294285730983442     
          49          67  0.97214553029754835     
          50          68  0.97241432320318144     
          53          69  0.96491698105873636     
          55          70  0.97241471727626116     
          56          71  0.97214549455495047     
          59          72  0.96294038132186199     
           5          73   1.1823857466146599     
          73          74   2.4758872904644771     
          74          75   1.3013297815356464     
          73          76  0.20352811550383182     
          75          76   2.4743023781374927     
          77          78   2.4715520387718017     
          78          79   1.3036413441685539     
          77          80  0.20325611723296483     
          79          80   2.4715031497044353     
          81          82   2.4715104353574975     
          82          83   1.3036427485186706     
          81          84  0.20326733531578667     
          83          84   2.4715776413395534     
          85          86   2.4749892989506233     
          86          87   1.3005441822865205     
          41          88   1.1815530677538548     
          85          88  0.20332800453463956     
          87          88   2.4765752243472954     
          90          91   1.6432248351145209     
          91          92   1.1824927771644351     
          76          93   1.1845478028001191     
          92          93   1.2539802054914817     
          93          94   1.2543273066762448     
          94          95   1.1824708009188740     
          95          96   1.6432382466456177     
          96          97   1.1720136651028323     
          89          98  0.65187846064517863     
          94          98   1.2601075790039964     
          97          98   1.2152321301796194     
          97          99   1.3607540358132599     
          99         100   1.3609842619520043     
         100         101   1.1720125304831366     
         101         102   1.6431603898608911     
         102         103   1.1825326992994234     
          89         104  0.65142078326422259     
         100         104   1.2151120758428351     
         103         104   1.2606021584711877     
          77         105   1.1859351919553134     
         103         105   1.2534938246777243     
         105         106   1.2535042357092943     
         106         107   1.1825281094984263     
         107         108   1.6431518655031578     
         108         109   1.1720268336060893     
          89         110  0.65140992002243336     
         106         110   1.2606166739970770     
         109         110   1.2150976247807770     
         109         111   1.3609862083793025     
          90         112   1.1720343159422237     
         111         112   1.3607775306138830     
          89         113  0.65183909042661670     
          92         113   1.2602100813854196     
         112         113   1.2151681201405935     
          90         114  0.97224403622880473     
          91         115  0.97125564812919996     
          95         116  0.97125755600935382     
          96         117  0.97224614391333009     
          99         118  0.96269859180793482     
         101         119  0.97225105203611584     
         102         120  0.97125378625462278     
         107         121  0.97125332240760343     
         108         122  0.97225045650084119     
         111         123  0.96269524787086269     
         125         126   1.6430662908459501     
         126         127   1.1825786009828660     
          80         128   1.1859910257275295     
         127         128   1.2534479453509508     
         128         129   1.2534098354416412     
         129         130   1.1825701436484388     
         130         131   1.6430848204262603     
         131         132   1.1720955000632756     
         124         133  0.65148592943373540     
         129         133   1.2605878391131404     
         132         133   1.2150513000639900     
         132         134   1.3609316110694176     
         134         135   1.3608998584491365     
         135         136   1.1721005883386653     
         136         137   1.6430742490788948     
         137         138   1.1825692780552952     
         124         139  0.65142515371162457     
         135         139   1.2150947385391095     
         138         139   1.2605762180081626     
          81         140   1.1859887909991045     
         138         140   1.2535120948835976     
         140         141   1.2533534681647072     
         141         142   1.1825698659387951     
         142         143   1.6430812283937104     
         143         144   1.1721038420410006     
         124         145  0.65147011295929036     
         141         145   1.2606106553402014     
         144         145   1.2150378965603759     
         144         146   1.3609339895443273     
         125         147   1.1721078463628907     
         146         147   1.3609064342229913     
         124         148  0.65143529897736130     
         127         148   1.2605953963372609     
         147         148   1.2150751389776198     
         125         149  0.97224896653130055     
         126         150  0.97125357189162320     
         130         151  0.97125231086916675     
         131         152  0.97224821968833286     
         134         153  0.96269792079404626     
         136         154  0.97224941555627820     
         137         155  0.97125372960400891     
         142         156  0.97125132248688106     
         143         157  0.97224786012619313     
         146         158  0.96269669171367689     
         160         161   1.6431960193000736     
         161         162   1.1825059760974861     
          84         163   1.1859026991419603     
         162         163   1.2535257404495297     
         163         164   1.2535554491975325     
         164         165   1.1825173231273070     
         165         166   1.6431732701368835     
         166         167   1.1720042429216109     
         159         168  0.65142362899216677     
         164         168   1.2605739903225941     
         167         168   1.2151233243314783     
         167         169   1.3610009792295994     
         169         170   1.3607761912017431     
         170         171   1.1719689081104234     
         171         172   1.6433769513822800     
         172         173   1.1823470261631912     
         159         174  0.65194400568200572     
         170         174   1.2152250447247617     
         173         174   1.2600146046013725     
          85         175   1.1837202875614181     
         173         175   1.2543776515998228     
         175         176   1.2547195784826493     
         176         177   1.1823454923147967     
         177         178   1.6433713895022131     
         178         179   1.1719508268481023     
         159         180  0.65189793964468501     
         176         180   1.2599153781634360     
         179         180   1.2153372151811792     
         179         181   1.3607166790216829     
         160         182   1.1719902335361578     
         181         182   1.3610343580140953     
         159         183  0.65149560563884878     
         162         183   1.2605727450168129     
         182         183   1.2150930064636001     
         160         184  0.97225042620124424     
         161         185  0.97125235943373200     
         165         186  0.97125341714364222     
         166         187  0.97225076511782926     
         169         188  0.96269645181980912     
         171         189  0.97224265760728823     
         172         190  0.97124550602751547     
         177         191  0.97125134764884302     
         178         192  0.97224521405247055     
         181         193  0.96269971919758501     
